   2.1868373e+03   4.9000000e+01   7.4000000e+01   4.9200000e+02   5.1000000e+01   2.5500000e+01   2.6500000e+01   7.9743590e+00   2.0000000e+00   8.0000000e+00   3.9000000e+01   4.9652174e+00
   1.4403684e+03   4.1000000e+01   6.1000000e+01   4.2400000e+02   5.0000000e+01   2.5000000e+01   2.3888889e+01   7.8333333e+00   2.0000000e+00   9.0000000e+00   3.0000000e+01   5.1237113e+00
   2.1426411e+03   5.4000000e+01   8.0000000e+01   5.3700000e+02   5.0000000e+01   2.5000000e+01   2.7500000e+01   7.1666667e+00   2.0000000e+00   1.0000000e+01   4.2000000e+01   5.0081301e+00
   1.8686271e+03   4.0000000e+01   6.8000000e+01   4.3400000e+02   5.0000000e+01   2.5000000e+01   2.9000000e+01   8.6451613e+00   2.0000000e+00   7.0000000e+00   3.1000000e+01   4.9702970e+00
   1.9044217e+03   4.1000000e+01   7.2000000e+01   4.5600000e+02   5.2000000e+01   2.6000000e+01   2.5000000e+01   9.1935484e+00   2.0000000e+00   8.0000000e+00   3.1000000e+01   4.9906542e+00
   2.2238271e+03   4.8000000e+01   8.5000000e+01   5.2600000e+02   4.8000000e+01   2.4000000e+01   2.9000000e+01   8.3783784e+00   2.0000000e+00   9.0000000e+00   3.7000000e+01   5.0800000e+00
   1.9363691e+03   4.7000000e+01   7.8000000e+01   4.9200000e+02   4.9000000e+01   2.4500000e+01   2.6375000e+01   8.7297297e+00   2.0000000e+00   8.0000000e+00   3.7000000e+01   5.0085470e+00
   1.8878840e+03   3.9000000e+01   6.8000000e+01   4.4400000e+02   4.3000000e+01   2.1500000e+01   2.6142857e+01   9.6333333e+00   2.0000000e+00   7.0000000e+00   3.0000000e+01   4.9411765e+00
   1.9481328e+03   5.3000000e+01   7.5000000e+01   4.8300000e+02   4.9000000e+01   2.4500000e+01   2.3909091e+01   6.4500000e+00   2.0000000e+00   1.1000000e+01   4.0000000e+01   5.1810345e+00
   1.8524502e+03   4.3000000e+01   6.8000000e+01   4.6600000e+02   5.1000000e+01   2.5500000e+01   2.7375000e+01   8.2727273e+00   2.0000000e+00   8.0000000e+00   3.3000000e+01   5.2079208e+00
   1.8646124e+03   4.6000000e+01   7.2000000e+01   4.5000000e+02   4.6000000e+01   2.3000000e+01   2.5444444e+01   7.2571429e+00   2.0000000e+00   9.0000000e+00   3.5000000e+01   4.8899083e+00
   2.4142401e+03   5.4000000e+01   8.1000000e+01   4.9400000e+02   4.6000000e+01   2.3000000e+01   2.4300000e+01   7.1666667e+00   2.0000000e+00   1.0000000e+01   4.2000000e+01   4.7235772e+00
   1.7317959e+03   4.3000000e+01   6.8000000e+01   4.3100000e+02   5.1000000e+01   2.5500000e+01   2.4750000e+01   8.0606061e+00   2.0000000e+00   8.0000000e+00   3.3000000e+01   5.0198020e+00
   1.9715315e+03   4.5000000e+01   6.8000000e+01   4.6000000e+02   4.7000000e+01   2.3500000e+01   2.3000000e+01   7.8787879e+00   2.0000000e+00   1.0000000e+01   3.3000000e+01   5.1121495e+00
   1.8731733e+03   4.7000000e+01   7.1000000e+01   4.6600000e+02   4.8000000e+01   2.4000000e+01   2.2100000e+01   8.1428571e+00   2.0000000e+00   1.0000000e+01   3.5000000e+01   5.0275229e+00
   1.9978064e+03   4.2000000e+01   7.8000000e+01   4.5800000e+02   4.9000000e+01   2.4500000e+01   2.6750000e+01   8.7812500e+00   2.0000000e+00   8.0000000e+00   3.2000000e+01   4.9636364e+00
   0.0000000e+00   0.0000000e+00   0.0000000e+00   0.0000000e+00   0.0000000e+00   0.0000000e+00   0.0000000e+00   0.0000000e+00   0.0000000e+00   0.0000000e+00   0.0000000e+00   0.0000000e+00
   0.0000000e+00   0.0000000e+00   0.0000000e+00   0.0000000e+00   0.0000000e+00   0.0000000e+00   0.0000000e+00   0.0000000e+00   0.0000000e+00   0.0000000e+00   0.0000000e+00   0.0000000e+00
   0.0000000e+00   0.0000000e+00   0.0000000e+00   0.0000000e+00   0.0000000e+00   0.0000000e+00   0.0000000e+00   0.0000000e+00   0.0000000e+00   0.0000000e+00   0.0000000e+00   0.0000000e+00
   0.0000000e+00   0.0000000e+00   0.0000000e+00   0.0000000e+00   0.0000000e+00   0.0000000e+00   0.0000000e+00   0.0000000e+00   0.0000000e+00   0.0000000e+00   0.0000000e+00   0.0000000e+00
   0.0000000e+00   0.0000000e+00   0.0000000e+00   0.0000000e+00   0.0000000e+00   0.0000000e+00   0.0000000e+00   0.0000000e+00   0.0000000e+00   0.0000000e+00   0.0000000e+00   0.0000000e+00
   0.0000000e+00   0.0000000e+00   0.0000000e+00   0.0000000e+00   0.0000000e+00   0.0000000e+00   0.0000000e+00   0.0000000e+00   0.0000000e+00   0.0000000e+00   0.0000000e+00   0.0000000e+00
   0.0000000e+00   0.0000000e+00   0.0000000e+00   0.0000000e+00   0.0000000e+00   0.0000000e+00   0.0000000e+00   0.0000000e+00   0.0000000e+00   0.0000000e+00   0.0000000e+00   0.0000000e+00
   0.0000000e+00   0.0000000e+00   0.0000000e+00   0.0000000e+00   0.0000000e+00   0.0000000e+00   0.0000000e+00   0.0000000e+00   0.0000000e+00   0.0000000e+00   0.0000000e+00   0.0000000e+00
   0.0000000e+00   0.0000000e+00   0.0000000e+00   0.0000000e+00   0.0000000e+00   0.0000000e+00   0.0000000e+00   0.0000000e+00   0.0000000e+00   0.0000000e+00   0.0000000e+00   0.0000000e+00
   0.0000000e+00   0.0000000e+00   0.0000000e+00   0.0000000e+00   0.0000000e+00   0.0000000e+00   0.0000000e+00   0.0000000e+00   0.0000000e+00   0.0000000e+00   0.0000000e+00   0.0000000e+00
   0.0000000e+00   0.0000000e+00   0.0000000e+00   0.0000000e+00   0.0000000e+00   0.0000000e+00   0.0000000e+00   0.0000000e+00   0.0000000e+00   0.0000000e+00   0.0000000e+00   0.0000000e+00
   1.8913781e+03   4.4000000e+01   6.5000000e+01   4.0500000e+02   4.9000000e+01   2.4500000e+01   2.0900000e+01   7.0625000e+00   2.0000000e+00   1.0000000e+01   3.2000000e+01   4.8080808e+00
   1.7537118e+03   3.8000000e+01   6.5000000e+01   4.1200000e+02   5.2000000e+01   2.6000000e+01   2.2125000e+01   9.2857143e+00   2.0000000e+00   8.0000000e+00   2.8000000e+01   5.0198020e+00
   2.2747830e+03   4.7000000e+01   7.8000000e+01   4.9200000e+02   5.1000000e+01   2.5500000e+01   2.7555556e+01   8.2777778e+00   2.0000000e+00   9.0000000e+00   3.6000000e+01   5.0847458e+00
   1.1855193e+03   3.7000000e+01   5.3000000e+01   3.7400000e+02   4.8000000e+01   2.4000000e+01   2.5285714e+01   7.3928571e+00   2.0000000e+00   7.0000000e+00   2.8000000e+01   5.2142857e+00
   1.4800583e+03   3.9000000e+01   5.6000000e+01   3.7800000e+02   5.0000000e+01   2.5000000e+01   2.3500000e+01   7.0000000e+00   2.0000000e+00   8.0000000e+00   2.9000000e+01   5.0568182e+00
   1.9397482e+03   3.9000000e+01   7.2000000e+01   4.3900000e+02   5.3000000e+01   2.6500000e+01   2.3375000e+01   9.7241379e+00   2.0000000e+00   8.0000000e+00   2.9000000e+01   5.0294118e+00
   1.9607997e+03   4.0000000e+01   7.2000000e+01   4.6200000e+02   5.4000000e+01   2.7000000e+01   2.3444444e+01   9.6896552e+00   2.0000000e+00   9.0000000e+00   2.9000000e+01   5.1401869e+00
   1.6788191e+03   4.4000000e+01   6.8000000e+01   4.4400000e+02   5.0000000e+01   2.5000000e+01   2.4333333e+01   7.6363636e+00   2.0000000e+00   9.0000000e+00   3.3000000e+01   5.1666667e+00
   2.1436893e+03   4.6000000e+01   7.7000000e+01   4.9800000e+02   5.2000000e+01   2.6000000e+01   2.5888889e+01   8.6285714e+00   2.0000000e+00   9.0000000e+00   3.5000000e+01   5.0512821e+00
   1.8329719e+03   4.4000000e+01   6.5000000e+01   4.3000000e+02   4.7000000e+01   2.3500000e+01   2.2125000e+01   8.0588235e+00   2.0000000e+00   8.0000000e+00   3.4000000e+01   4.9705882e+00
   1.7717639e+03   3.9000000e+01   6.6000000e+01   4.3600000e+02   4.8000000e+01   2.4000000e+01   2.4375000e+01   8.9310345e+00   2.0000000e+00   8.0000000e+00   2.9000000e+01   5.0103093e+00
   1.6931878e+03   4.4000000e+01   7.3000000e+01   4.6000000e+02   4.8000000e+01   2.4000000e+01   2.6250000e+01   8.4705882e+00   2.0000000e+00   8.0000000e+00   3.4000000e+01   5.0180180e+00
   1.9376821e+03   4.8000000e+01   7.7000000e+01   4.9000000e+02   5.2000000e+01   2.6000000e+01   2.7000000e+01   7.9473684e+00   2.0000000e+00   8.0000000e+00   3.8000000e+01   5.0598291e+00
   1.5415111e+03   3.6000000e+01   6.0000000e+01   4.0400000e+02   5.0000000e+01   2.5000000e+01   2.3375000e+01   9.1538462e+00   2.0000000e+00   8.0000000e+00   2.6000000e+01   5.2527473e+00
   0.0000000e+00   0.0000000e+00   0.0000000e+00   0.0000000e+00   0.0000000e+00   0.0000000e+00   0.0000000e+00   0.0000000e+00   0.0000000e+00   0.0000000e+00   0.0000000e+00   0.0000000e+00
   0.0000000e+00   0.0000000e+00   0.0000000e+00   0.0000000e+00   0.0000000e+00   0.0000000e+00   0.0000000e+00   0.0000000e+00   0.0000000e+00   0.0000000e+00   0.0000000e+00   0.0000000e+00
   0.0000000e+00   0.0000000e+00   0.0000000e+00   0.0000000e+00   0.0000000e+00   0.0000000e+00   0.0000000e+00   0.0000000e+00   0.0000000e+00   0.0000000e+00   0.0000000e+00   0.0000000e+00
   0.0000000e+00   0.0000000e+00   0.0000000e+00   0.0000000e+00   0.0000000e+00   0.0000000e+00   0.0000000e+00   0.0000000e+00   0.0000000e+00   0.0000000e+00   0.0000000e+00   0.0000000e+00
   0.0000000e+00   0.0000000e+00   0.0000000e+00   0.0000000e+00   0.0000000e+00   0.0000000e+00   0.0000000e+00   0.0000000e+00   0.0000000e+00   0.0000000e+00   0.0000000e+00   0.0000000e+00
   0.0000000e+00   0.0000000e+00   0.0000000e+00   0.0000000e+00   0.0000000e+00   0.0000000e+00   0.0000000e+00   0.0000000e+00   0.0000000e+00   0.0000000e+00   0.0000000e+00   0.0000000e+00
   0.0000000e+00   0.0000000e+00   0.0000000e+00   0.0000000e+00   0.0000000e+00   0.0000000e+00   0.0000000e+00   0.0000000e+00   0.0000000e+00   0.0000000e+00   0.0000000e+00   0.0000000e+00
   0.0000000e+00   0.0000000e+00   0.0000000e+00   0.0000000e+00   0.0000000e+00   0.0000000e+00   0.0000000e+00   0.0000000e+00   0.0000000e+00   0.0000000e+00   0.0000000e+00   0.0000000e+00
   0.0000000e+00   0.0000000e+00   0.0000000e+00   0.0000000e+00   0.0000000e+00   0.0000000e+00   0.0000000e+00   0.0000000e+00   0.0000000e+00   0.0000000e+00   0.0000000e+00   0.0000000e+00
   0.0000000e+00   0.0000000e+00   0.0000000e+00   0.0000000e+00   0.0000000e+00   0.0000000e+00   0.0000000e+00   0.0000000e+00   0.0000000e+00   0.0000000e+00   0.0000000e+00   0.0000000e+00
   0.0000000e+00   0.0000000e+00   0.0000000e+00   0.0000000e+00   0.0000000e+00   0.0000000e+00   0.0000000e+00   0.0000000e+00   0.0000000e+00   0.0000000e+00   0.0000000e+00   0.0000000e+00
   0.0000000e+00   0.0000000e+00   0.0000000e+00   0.0000000e+00   0.0000000e+00   0.0000000e+00   0.0000000e+00   0.0000000e+00   0.0000000e+00   0.0000000e+00   0.0000000e+00   0.0000000e+00
   2.5644678e+03   5.1000000e+01   8.7000000e+01   5.2100000e+02   5.0000000e+01   2.5000000e+01   2.8666667e+01   7.6500000e+00   2.0000000e+00   9.0000000e+00   4.0000000e+01   4.8968254e+00
   2.1679499e+03   4.6000000e+01   8.0000000e+01   4.5300000e+02   4.8000000e+01   2.4000000e+01   2.4222222e+01   8.0285714e+00   2.0000000e+00   9.0000000e+00   3.5000000e+01   4.8103448e+00
   2.5106715e+03   5.2000000e+01   9.2000000e+01   5.4300000e+02   4.9000000e+01   2.4500000e+01   3.0375000e+01   8.6904762e+00   2.0000000e+00   8.0000000e+00   4.2000000e+01   4.9044118e+00
   2.0435762e+03   4.4000000e+01   7.6000000e+01   4.8000000e+02   4.7000000e+01   2.3500000e+01   2.4333333e+01   9.1818182e+00   2.0000000e+00   9.0000000e+00   3.3000000e+01   5.0347826e+00
   2.2374456e+03   5.3000000e+01   8.0000000e+01   5.5900000e+02   5.2000000e+01   2.6000000e+01   2.7000000e+01   7.9024390e+00   2.0000000e+00   1.0000000e+01   4.1000000e+01   4.9609375e+00
   1.8474718e+03   4.6000000e+01   7.0000000e+01   4.3400000e+02   4.7000000e+01   2.3500000e+01   2.2200000e+01   6.9411765e+00   2.0000000e+00   1.0000000e+01   3.4000000e+01   4.7889908e+00
   0.0000000e+00   0.0000000e+00   0.0000000e+00   0.0000000e+00   0.0000000e+00   0.0000000e+00   0.0000000e+00   0.0000000e+00   0.0000000e+00   0.0000000e+00   0.0000000e+00   0.0000000e+00
   0.0000000e+00   0.0000000e+00   0.0000000e+00   0.0000000e+00   0.0000000e+00   0.0000000e+00   0.0000000e+00   0.0000000e+00   0.0000000e+00   0.0000000e+00   0.0000000e+00   0.0000000e+00
   0.0000000e+00   0.0000000e+00   0.0000000e+00   0.0000000e+00   0.0000000e+00   0.0000000e+00   0.0000000e+00   0.0000000e+00   0.0000000e+00   0.0000000e+00   0.0000000e+00   0.0000000e+00
   0.0000000e+00   0.0000000e+00   0.0000000e+00   0.0000000e+00   0.0000000e+00   0.0000000e+00   0.0000000e+00   0.0000000e+00   0.0000000e+00   0.0000000e+00   0.0000000e+00   0.0000000e+00
   0.0000000e+00   0.0000000e+00   0.0000000e+00   0.0000000e+00   0.0000000e+00   0.0000000e+00   0.0000000e+00   0.0000000e+00   0.0000000e+00   0.0000000e+00   0.0000000e+00   0.0000000e+00
   0.0000000e+00   0.0000000e+00   0.0000000e+00   0.0000000e+00   0.0000000e+00   0.0000000e+00   0.0000000e+00   0.0000000e+00   0.0000000e+00   0.0000000e+00   0.0000000e+00   0.0000000e+00
   0.0000000e+00   0.0000000e+00   0.0000000e+00   0.0000000e+00   0.0000000e+00   0.0000000e+00   0.0000000e+00   0.0000000e+00   0.0000000e+00   0.0000000e+00   0.0000000e+00   0.0000000e+00
   0.0000000e+00   0.0000000e+00   0.0000000e+00   0.0000000e+00   0.0000000e+00   0.0000000e+00   0.0000000e+00   0.0000000e+00   0.0000000e+00   0.0000000e+00   0.0000000e+00   0.0000000e+00
   0.0000000e+00   0.0000000e+00   0.0000000e+00   0.0000000e+00   0.0000000e+00   0.0000000e+00   0.0000000e+00   0.0000000e+00   0.0000000e+00   0.0000000e+00   0.0000000e+00   0.0000000e+00
   0.0000000e+00   0.0000000e+00   0.0000000e+00   0.0000000e+00   0.0000000e+00   0.0000000e+00   0.0000000e+00   0.0000000e+00   0.0000000e+00   0.0000000e+00   0.0000000e+00   0.0000000e+00
   0.0000000e+00   0.0000000e+00   0.0000000e+00   0.0000000e+00   0.0000000e+00   0.0000000e+00   0.0000000e+00   0.0000000e+00   0.0000000e+00   0.0000000e+00   0.0000000e+00   0.0000000e+00
   0.0000000e+00   0.0000000e+00   0.0000000e+00   0.0000000e+00   0.0000000e+00   0.0000000e+00   0.0000000e+00   0.0000000e+00   0.0000000e+00   0.0000000e+00   0.0000000e+00   0.0000000e+00
   0.0000000e+00   0.0000000e+00   0.0000000e+00   0.0000000e+00   0.0000000e+00   0.0000000e+00   0.0000000e+00   0.0000000e+00   0.0000000e+00   0.0000000e+00   0.0000000e+00   0.0000000e+00
   0.0000000e+00   0.0000000e+00   0.0000000e+00   0.0000000e+00   0.0000000e+00   0.0000000e+00   0.0000000e+00   0.0000000e+00   0.0000000e+00   0.0000000e+00   0.0000000e+00   0.0000000e+00
   0.0000000e+00   0.0000000e+00   0.0000000e+00   0.0000000e+00   0.0000000e+00   0.0000000e+00   0.0000000e+00   0.0000000e+00   0.0000000e+00   0.0000000e+00   0.0000000e+00   0.0000000e+00
   0.0000000e+00   0.0000000e+00   0.0000000e+00   0.0000000e+00   0.0000000e+00   0.0000000e+00   0.0000000e+00   0.0000000e+00   0.0000000e+00   0.0000000e+00   0.0000000e+00   0.0000000e+00
   0.0000000e+00   0.0000000e+00   0.0000000e+00   0.0000000e+00   0.0000000e+00   0.0000000e+00   0.0000000e+00   0.0000000e+00   0.0000000e+00   0.0000000e+00   0.0000000e+00   0.0000000e+00
   0.0000000e+00   0.0000000e+00   0.0000000e+00   0.0000000e+00   0.0000000e+00   0.0000000e+00   0.0000000e+00   0.0000000e+00   0.0000000e+00   0.0000000e+00   0.0000000e+00   0.0000000e+00
   0.0000000e+00   0.0000000e+00   0.0000000e+00   0.0000000e+00   0.0000000e+00   0.0000000e+00   0.0000000e+00   0.0000000e+00   0.0000000e+00   0.0000000e+00   0.0000000e+00   0.0000000e+00
   0.0000000e+00   0.0000000e+00   0.0000000e+00   0.0000000e+00   0.0000000e+00   0.0000000e+00   0.0000000e+00   0.0000000e+00   0.0000000e+00   0.0000000e+00   0.0000000e+00   0.0000000e+00
   0.0000000e+00   0.0000000e+00   0.0000000e+00   0.0000000e+00   0.0000000e+00   0.0000000e+00   0.0000000e+00   0.0000000e+00   0.0000000e+00   0.0000000e+00   0.0000000e+00   0.0000000e+00
   0.0000000e+00   0.0000000e+00   0.0000000e+00   0.0000000e+00   0.0000000e+00   0.0000000e+00   0.0000000e+00   0.0000000e+00   0.0000000e+00   0.0000000e+00   0.0000000e+00   0.0000000e+00
   0.0000000e+00   0.0000000e+00   0.0000000e+00   0.0000000e+00   0.0000000e+00   0.0000000e+00   0.0000000e+00   0.0000000e+00   0.0000000e+00   0.0000000e+00   0.0000000e+00   0.0000000e+00
   0.0000000e+00   0.0000000e+00   0.0000000e+00   0.0000000e+00   0.0000000e+00   0.0000000e+00   0.0000000e+00   0.0000000e+00   0.0000000e+00   0.0000000e+00   0.0000000e+00   0.0000000e+00
   0.0000000e+00   0.0000000e+00   0.0000000e+00   0.0000000e+00   0.0000000e+00   0.0000000e+00   0.0000000e+00   0.0000000e+00   0.0000000e+00   0.0000000e+00   0.0000000e+00   0.0000000e+00
   0.0000000e+00   0.0000000e+00   0.0000000e+00   0.0000000e+00   0.0000000e+00   0.0000000e+00   0.0000000e+00   0.0000000e+00   0.0000000e+00   0.0000000e+00   0.0000000e+00   0.0000000e+00
   0.0000000e+00   0.0000000e+00   0.0000000e+00   0.0000000e+00   0.0000000e+00   0.0000000e+00   0.0000000e+00   0.0000000e+00   0.0000000e+00   0.0000000e+00   0.0000000e+00   0.0000000e+00
   0.0000000e+00   0.0000000e+00   0.0000000e+00   0.0000000e+00   0.0000000e+00   0.0000000e+00   0.0000000e+00   0.0000000e+00   0.0000000e+00   0.0000000e+00   0.0000000e+00   0.0000000e+00
   0.0000000e+00   0.0000000e+00   0.0000000e+00   0.0000000e+00   0.0000000e+00   0.0000000e+00   0.0000000e+00   0.0000000e+00   0.0000000e+00   0.0000000e+00   0.0000000e+00   0.0000000e+00
   0.0000000e+00   0.0000000e+00   0.0000000e+00   0.0000000e+00   0.0000000e+00   0.0000000e+00   0.0000000e+00   0.0000000e+00   0.0000000e+00   0.0000000e+00   0.0000000e+00   0.0000000e+00
   0.0000000e+00   0.0000000e+00   0.0000000e+00   0.0000000e+00   0.0000000e+00   0.0000000e+00   0.0000000e+00   0.0000000e+00   0.0000000e+00   0.0000000e+00   0.0000000e+00   0.0000000e+00
   0.0000000e+00   0.0000000e+00   0.0000000e+00   0.0000000e+00   0.0000000e+00   0.0000000e+00   0.0000000e+00   0.0000000e+00   0.0000000e+00   0.0000000e+00   0.0000000e+00   0.0000000e+00
   0.0000000e+00   0.0000000e+00   0.0000000e+00   0.0000000e+00   0.0000000e+00   0.0000000e+00   0.0000000e+00   0.0000000e+00   0.0000000e+00   0.0000000e+00   0.0000000e+00   0.0000000e+00
   0.0000000e+00   0.0000000e+00   0.0000000e+00   0.0000000e+00   0.0000000e+00   0.0000000e+00   0.0000000e+00   0.0000000e+00   0.0000000e+00   0.0000000e+00   0.0000000e+00   0.0000000e+00
   0.0000000e+00   0.0000000e+00   0.0000000e+00   0.0000000e+00   0.0000000e+00   0.0000000e+00   0.0000000e+00   0.0000000e+00   0.0000000e+00   0.0000000e+00   0.0000000e+00   0.0000000e+00
   1.9703863e+03   4.5000000e+01   7.0000000e+01   4.5800000e+02   4.9000000e+01   2.4500000e+01   2.6375000e+01   8.0857143e+00   2.0000000e+00   8.0000000e+00   3.5000000e+01   5.0285714e+00
   1.7881373e+03   3.9000000e+01   7.2000000e+01   4.7100000e+02   4.9000000e+01   2.4500000e+01   2.6142857e+01   1.0600000e+01   2.0000000e+00   7.0000000e+00   3.0000000e+01   5.1142857e+00
   2.2857018e+03   4.4000000e+01   8.5000000e+01   5.0800000e+02   5.2000000e+01   2.6000000e+01   2.7500000e+01   9.7647059e+00   2.0000000e+00   8.0000000e+00   3.4000000e+01   4.9576271e+00
   2.1172195e+03   4.4000000e+01   7.4000000e+01   4.6500000e+02   4.8000000e+01   2.4000000e+01   2.4111111e+01   8.6060606e+00   2.0000000e+00   9.0000000e+00   3.3000000e+01   4.9181818e+00
   1.9094532e+03   4.3000000e+01   6.8000000e+01   4.5600000e+02   4.8000000e+01   2.4000000e+01   2.6750000e+01   8.0909091e+00   2.0000000e+00   8.0000000e+00   3.3000000e+01   4.9528302e+00
   2.0233392e+03   4.7000000e+01   7.0000000e+01   4.6300000e+02   4.9000000e+01   2.4500000e+01   2.7000000e+01   7.7297297e+00   2.0000000e+00   8.0000000e+00   3.7000000e+01   5.0178571e+00
