   6.8119853e+01   5.0000000e+00   3.0000000e+00   3.7000000e+01   1.4000000e+01   7.0000000e+00   9.5000000e+00   6.0000000e+00   2.0000000e+00   2.0000000e+00   1.0000000e+00   6.1666667e+00
   8.1860197e+02   2.1000000e+01   3.9000000e+01   3.9300000e+02   5.7000000e+01   2.8500000e+01   2.7000000e+01   1.6538462e+01   2.0000000e+00   6.0000000e+00   1.3000000e+01   8.1403509e+00
   1.1044481e+03   3.2000000e+01   5.2000000e+01   4.8300000e+02   5.5000000e+01   2.7500000e+01   3.0714286e+01   1.2000000e+01   2.0000000e+00   7.0000000e+00   2.3000000e+01   7.8333333e+00
   1.2084173e+03   3.0000000e+01   5.2000000e+01   5.0500000e+02   5.7000000e+01   2.8500000e+01   3.4833333e+01   1.3727273e+01   2.0000000e+00   6.0000000e+00   2.2000000e+01   7.7466667e+00
   1.1437730e+03   3.6000000e+01   5.4000000e+01   5.6100000e+02   5.3000000e+01   2.6500000e+01   3.2125000e+01   1.2538462e+01   2.0000000e+00   8.0000000e+00   2.6000000e+01   7.7380952e+00
   1.0530592e+03   2.7000000e+01   4.7000000e+01   4.9400000e+02   5.9000000e+01   2.9500000e+01   3.7200000e+01   1.5200000e+01   2.0000000e+00   5.0000000e+00   2.0000000e+01   8.5000000e+00
   1.0317231e+03   2.9000000e+01   4.7000000e+01   4.9000000e+02   6.0000000e+01   3.0000000e+01   3.2833333e+01   1.3857143e+01   2.0000000e+00   6.0000000e+00   2.1000000e+01   8.0704225e+00
   9.3928615e+02   2.6000000e+01   4.2000000e+01   4.3800000e+02   5.9000000e+01   2.9500000e+01   2.4142857e+01   1.4764706e+01   2.0000000e+00   7.0000000e+00   1.7000000e+01   7.7878788e+00
   9.1141015e+02   4.0000000e+01   4.5000000e+01   5.1100000e+02   5.2000000e+01   2.6000000e+01   2.5400000e+01   9.1785714e+00   2.0000000e+00   1.0000000e+01   2.8000000e+01   8.1898734e+00
   1.0750274e+03   2.8000000e+01   5.4000000e+01   5.0000000e+02   5.7000000e+01   2.8500000e+01   3.1666667e+01   1.6400000e+01   2.0000000e+00   6.0000000e+00   2.0000000e+01   8.0000000e+00
   1.1191727e+03   3.0000000e+01   4.4000000e+01   4.7600000e+02   5.4000000e+01   2.7000000e+01   3.3833333e+01   1.2590909e+01   2.0000000e+00   6.0000000e+00   2.2000000e+01   7.7285714e+00
   1.1422693e+03   3.0000000e+01   5.2000000e+01   5.3000000e+02   5.7000000e+01   2.8500000e+01   3.3857143e+01   1.4095238e+01   2.0000000e+00   7.0000000e+00   2.1000000e+01   8.1466667e+00
   8.7271189e+02   3.1000000e+01   4.4000000e+01   4.5400000e+02   5.4000000e+01   2.7000000e+01   2.8714286e+01   1.1227273e+01   2.0000000e+00   7.0000000e+00   2.2000000e+01   7.7941176e+00
   1.1215482e+03   2.7000000e+01   5.4000000e+01   5.1000000e+02   6.4000000e+01   3.2000000e+01   2.8571429e+01   1.7055556e+01   2.0000000e+00   7.0000000e+00   1.8000000e+01   8.0000000e+00
   1.0187450e+03   3.1000000e+01   5.0000000e+01   4.8400000e+02   5.6000000e+01   2.8000000e+01   3.1666667e+01   1.2739130e+01   2.0000000e+00   6.0000000e+00   2.3000000e+01   8.2000000e+00
   9.9711407e+02   3.5000000e+01   5.0000000e+01   5.1400000e+02   5.6000000e+01   2.8000000e+01   2.8500000e+01   1.1520000e+01   2.0000000e+00   8.0000000e+00   2.5000000e+01   8.0000000e+00
   1.1090704e+03   2.9000000e+01   4.9000000e+01   4.8600000e+02   6.0000000e+01   3.0000000e+01   2.8714286e+01   1.3800000e+01   2.0000000e+00   7.0000000e+00   2.0000000e+01   8.0135135e+00
   1.0951687e+03   3.1000000e+01   5.6000000e+01   5.5200000e+02   5.9000000e+01   2.9500000e+01   3.5500000e+01   1.4826087e+01   2.0000000e+00   6.0000000e+00   2.3000000e+01   8.1410256e+00
   9.0908603e+02   2.2000000e+01   3.7000000e+01   3.8300000e+02   5.7000000e+01   2.8500000e+01   2.4333333e+01   1.5428571e+01   2.0000000e+00   6.0000000e+00   1.4000000e+01   7.9814815e+00
   1.1415762e+03   2.6000000e+01   4.9000000e+01   4.8500000e+02   5.9000000e+01   2.9500000e+01   3.1500000e+01   1.6333333e+01   2.0000000e+00   6.0000000e+00   1.8000000e+01   8.0985915e+00
   1.0915635e+03   3.6000000e+01   5.1000000e+01   5.0400000e+02   5.4000000e+01   2.7000000e+01   2.8125000e+01   1.0846154e+01   2.0000000e+00   8.0000000e+00   2.6000000e+01   7.6250000e+00
   1.0442319e+03   3.0000000e+01   4.5000000e+01   4.7500000e+02   6.0000000e+01   3.0000000e+01   3.1333333e+01   1.2590909e+01   2.0000000e+00   6.0000000e+00   2.2000000e+01   7.9000000e+00
   5.7665017e+02   2.4000000e+01   2.5000000e+01   2.6900000e+02   4.5000000e+01   2.2500000e+01   1.9285714e+01   8.6666667e+00   2.0000000e+00   7.0000000e+00   1.5000000e+01   7.8913043e+00
   1.1202546e+03   2.9000000e+01   5.0000000e+01   5.2700000e+02   6.0000000e+01   3.0000000e+01   4.2200000e+01   1.4500000e+01   2.0000000e+00   5.0000000e+00   2.2000000e+01   8.1973684e+00
   1.0247588e+03   2.6000000e+01   4.1000000e+01   4.3300000e+02   5.6000000e+01   2.8000000e+01   3.0666667e+01   1.3388889e+01   2.0000000e+00   6.0000000e+00   1.8000000e+01   8.2857143e+00
   5.2372374e+02   2.2000000e+01   2.9000000e+01   3.1600000e+02   5.0000000e+01   2.5000000e+01   2.2428571e+01   1.0615385e+01   2.0000000e+00   7.0000000e+00   1.3000000e+01   7.8958333e+00
   9.5940438e+02   3.6000000e+01   4.9000000e+01   5.0500000e+02   5.2000000e+01   2.6000000e+01   3.1125000e+01   1.0000000e+01   2.0000000e+00   8.0000000e+00   2.6000000e+01   7.9259259e+00
   9.6131041e+02   3.1000000e+01   4.6000000e+01   4.7100000e+02   5.6000000e+01   2.8000000e+01   2.8000000e+01   1.2272727e+01   2.0000000e+00   7.0000000e+00   2.2000000e+01   7.9714286e+00
   4.3953011e+02   1.7000000e+01   2.7000000e+01   2.6500000e+02   4.6000000e+01   2.3000000e+01   2.3400000e+01   1.3100000e+01   2.0000000e+00   5.0000000e+00   1.0000000e+01   8.0250000e+00
   8.9654224e+02   3.0000000e+01   5.0000000e+01   4.6700000e+02   5.8000000e+01   2.9000000e+01   3.3333333e+01   1.2090909e+01   2.0000000e+00   6.0000000e+00   2.2000000e+01   8.0405405e+00
   8.3544247e+02   2.3000000e+01   3.9000000e+01   4.0400000e+02   5.4000000e+01   2.7000000e+01   3.4800000e+01   1.4000000e+01   2.0000000e+00   5.0000000e+00   1.6000000e+01   8.3275862e+00
   8.2195081e+02   3.1000000e+01   3.8000000e+01   4.0900000e+02   4.8000000e+01   2.4000000e+01   3.0500000e+01   9.4347826e+00   2.0000000e+00   6.0000000e+00   2.3000000e+01   8.3125000e+00
   1.1715545e+03   3.0000000e+01   5.6000000e+01   5.6400000e+02   6.1000000e+01   3.0500000e+01   3.5833333e+01   1.5863636e+01   2.0000000e+00   6.0000000e+00   2.2000000e+01   8.2345679e+00
   5.3602859e+02   2.5000000e+01   3.5000000e+01   3.5300000e+02   5.7000000e+01   2.8500000e+01   2.5142857e+01   9.8125000e+00   2.0000000e+00   7.0000000e+00   1.6000000e+01   8.1636364e+00
   9.8155689e+02   3.5000000e+01   5.0000000e+01   4.8900000e+02   5.1000000e+01   2.5500000e+01   2.7375000e+01   1.1520000e+01   2.0000000e+00   8.0000000e+00   2.5000000e+01   7.7848101e+00
   9.1471435e+02   3.5000000e+01   4.7000000e+01   4.9600000e+02   5.5000000e+01   2.7500000e+01   3.1375000e+01   9.7200000e+00   2.0000000e+00   8.0000000e+00   2.5000000e+01   8.2702703e+00
   1.1712837e+03   3.0000000e+01   5.2000000e+01   5.3400000e+02   5.8000000e+01   2.9000000e+01   3.4833333e+01   1.5090909e+01   2.0000000e+00   6.0000000e+00   2.2000000e+01   7.8441558e+00
   1.1272910e+03   3.9000000e+01   5.8000000e+01   5.6100000e+02   5.2000000e+01   2.6000000e+01   2.8333333e+01   1.1357143e+01   2.0000000e+00   9.0000000e+00   2.8000000e+01   7.5434783e+00
   7.5706034e+02   2.6000000e+01   3.9000000e+01   4.4300000e+02   5.7000000e+01   2.8500000e+01   3.3666667e+01   1.2611111e+01   2.0000000e+00   6.0000000e+00   1.8000000e+01   8.3174603e+00
   9.8673511e+02   3.3000000e+01   4.5000000e+01   4.6800000e+02   5.7000000e+01   2.8500000e+01   3.3666667e+01   1.0560000e+01   2.0000000e+00   6.0000000e+00   2.5000000e+01   7.8815789e+00
   9.8234742e+02   2.7000000e+01   4.3000000e+01   4.4700000e+02   5.6000000e+01   2.8000000e+01   3.0833333e+01   1.3263158e+01   2.0000000e+00   6.0000000e+00   1.9000000e+01   7.8333333e+00
   1.4324951e+03   3.8000000e+01   6.2000000e+01   6.0600000e+02   5.5000000e+01   2.7500000e+01   3.3250000e+01   1.2821429e+01   2.0000000e+00   8.0000000e+00   2.8000000e+01   7.7835052e+00
   1.2087189e+03   3.1000000e+01   5.5000000e+01   5.3500000e+02   5.6000000e+01   2.8000000e+01   3.4857143e+01   1.3772727e+01   2.0000000e+00   7.0000000e+00   2.2000000e+01   7.9746835e+00
   1.1917592e+03   2.8000000e+01   5.1000000e+01   5.1500000e+02   5.7000000e+01   2.8500000e+01   3.6333333e+01   1.5550000e+01   2.0000000e+00   6.0000000e+00   2.0000000e+01   8.1710526e+00
   1.0651406e+03   3.1000000e+01   4.7000000e+01   4.6600000e+02   5.8000000e+01   2.9000000e+01   3.3500000e+01   1.1304348e+01   2.0000000e+00   6.0000000e+00   2.3000000e+01   8.1830986e+00
   9.4459355e+02   3.1000000e+01   4.6000000e+01   4.6000000e+02   5.9000000e+01   2.9500000e+01   2.5000000e+01   1.2409091e+01   2.0000000e+00   7.0000000e+00   2.2000000e+01   7.7808219e+00
   1.0108548e+03   3.5000000e+01   4.9000000e+01   5.4000000e+02   5.7000000e+01   2.8500000e+01   3.0125000e+01   1.1960000e+01   2.0000000e+00   8.0000000e+00   2.5000000e+01   8.0740741e+00
   1.2034650e+03   2.5000000e+01   5.0000000e+01   4.7100000e+02   4.4000000e+01   2.2000000e+01   4.0000000e+01   1.7105263e+01   2.0000000e+00   4.0000000e+00   1.9000000e+01   8.1594203e+00
   1.0314038e+03   3.3000000e+01   5.1000000e+01   4.9400000e+02   5.5000000e+01   2.7500000e+01   3.1000000e+01   1.1708333e+01   2.0000000e+00   7.0000000e+00   2.4000000e+01   7.8571429e+00
   9.4452634e+02   3.2000000e+01   3.9000000e+01   4.2900000e+02   5.2000000e+01   2.6000000e+01   2.5875000e+01   9.8181818e+00   2.0000000e+00   8.0000000e+00   2.2000000e+01   7.9545455e+00
   1.0495246e+03   3.2000000e+01   5.4000000e+01   5.2400000e+02   5.8000000e+01   2.9000000e+01   3.5000000e+01   1.3166667e+01   2.0000000e+00   6.0000000e+00   2.4000000e+01   8.0120482e+00
   1.3275134e+03   3.1000000e+01   5.2000000e+01   5.1000000e+02   6.0000000e+01   3.0000000e+01   3.5166667e+01   1.2869565e+01   2.0000000e+00   6.0000000e+00   2.3000000e+01   7.6666667e+00
   9.5988367e+02   3.4000000e+01   4.4000000e+01   4.7700000e+02   5.1000000e+01   2.5500000e+01   3.0285714e+01   1.0800000e+01   2.0000000e+00   7.0000000e+00   2.5000000e+01   7.6756757e+00
   1.0551664e+03   3.5000000e+01   4.9000000e+01   5.3100000e+02   5.9000000e+01   2.9500000e+01   3.0714286e+01   1.2192308e+01   2.0000000e+00   7.0000000e+00   2.6000000e+01   8.3670886e+00
   8.3006305e+02   2.5000000e+01   4.5000000e+01   4.1800000e+02   5.6000000e+01   2.8000000e+01   3.2200000e+01   1.3944444e+01   2.0000000e+00   5.0000000e+00   1.8000000e+01   8.0645161e+00
   6.9474461e+02   2.3000000e+01   3.2000000e+01   3.6000000e+02   5.7000000e+01   2.8500000e+01   2.4000000e+01   1.3066667e+01   2.0000000e+00   6.0000000e+00   1.5000000e+01   8.0000000e+00
   1.0363501e+03   3.2000000e+01   5.0000000e+01   4.8800000e+02   5.5000000e+01   2.7500000e+01   2.8142857e+01   1.2826087e+01   2.0000000e+00   7.0000000e+00   2.3000000e+01   7.7733333e+00
   1.2208099e+03   3.2000000e+01   5.9000000e+01   5.4000000e+02   5.6000000e+01   2.8000000e+01   3.3000000e+01   1.4434783e+01   2.0000000e+00   7.0000000e+00   2.3000000e+01   7.7380952e+00
   1.0345209e+03   3.6000000e+01   4.4000000e+01   4.7600000e+02   5.2000000e+01   2.6000000e+01   2.9625000e+01   9.3461538e+00   2.0000000e+00   8.0000000e+00   2.6000000e+01   7.9466667e+00
   1.0580229e+03   3.8000000e+01   5.0000000e+01   5.3100000e+02   5.3000000e+01   2.6500000e+01   3.3428571e+01   1.0724138e+01   2.0000000e+00   7.0000000e+00   2.9000000e+01   7.9277108e+00
   9.4907382e+02   2.5000000e+01   4.3000000e+01   4.5500000e+02   5.7000000e+01   2.8500000e+01   3.1666667e+01   1.5000000e+01   2.0000000e+00   6.0000000e+00   1.7000000e+01   8.4843750e+00
   1.4013294e+03   3.6000000e+01   6.1000000e+01   5.6600000e+02   5.5000000e+01   2.7500000e+01   3.3428571e+01   1.2888889e+01   2.0000000e+00   7.0000000e+00   2.7000000e+01   7.8131868e+00
   1.1920429e+03   3.3000000e+01   5.2000000e+01   5.2500000e+02   5.8000000e+01   2.9000000e+01   3.2857143e+01   1.2583333e+01   2.0000000e+00   7.0000000e+00   2.4000000e+01   8.0384615e+00
   7.9841221e+02   2.5000000e+01   3.9000000e+01   4.0200000e+02   5.5000000e+01   2.7500000e+01   2.8500000e+01   1.3470588e+01   2.0000000e+00   6.0000000e+00   1.7000000e+01   8.1052632e+00
   9.0142669e+02   3.2000000e+01   5.2000000e+01   5.0600000e+02   5.8000000e+01   2.9000000e+01   3.2714286e+01   1.2956522e+01   2.0000000e+00   7.0000000e+00   2.3000000e+01   7.9625000e+00
   1.2472339e+03   2.9000000e+01   4.9000000e+01   5.0800000e+02   6.0000000e+01   3.0000000e+01   3.6166667e+01   1.3571429e+01   2.0000000e+00   6.0000000e+00   2.1000000e+01   7.9863014e+00
   1.1229310e+03   3.2000000e+01   4.6000000e+01   4.9100000e+02   5.5000000e+01   2.7500000e+01   3.1333333e+01   1.2458333e+01   2.0000000e+00   6.0000000e+00   2.4000000e+01   7.9594595e+00
   1.1481856e+03   3.5000000e+01   4.9000000e+01   5.4400000e+02   5.9000000e+01   2.9500000e+01   3.2571429e+01   1.2115385e+01   2.0000000e+00   7.0000000e+00   2.6000000e+01   8.0875000e+00
   9.6675800e+02   3.6000000e+01   4.6000000e+01   4.9700000e+02   5.3000000e+01   2.6500000e+01   3.0125000e+01   1.0038462e+01   2.0000000e+00   8.0000000e+00   2.6000000e+01   8.1447368e+00
   1.1401755e+03   3.2000000e+01   5.5000000e+01   5.1300000e+02   5.5000000e+01   2.7500000e+01   3.0000000e+01   1.3304348e+01   2.0000000e+00   7.0000000e+00   2.3000000e+01   7.8500000e+00
   1.0062368e+03   3.5000000e+01   4.8000000e+01   5.3200000e+02   5.7000000e+01   2.8500000e+01   3.4142857e+01   1.1230769e+01   2.0000000e+00   7.0000000e+00   2.6000000e+01   7.9620253e+00
   1.0379358e+03   2.6000000e+01   4.8000000e+01   4.6500000e+02   5.7000000e+01   2.8500000e+01   3.2500000e+01   1.4888889e+01   2.0000000e+00   6.0000000e+00   1.8000000e+01   8.0277778e+00
   1.0219466e+03   3.7000000e+01   5.0000000e+01   5.6400000e+02   5.0000000e+01   2.5000000e+01   3.3500000e+01   1.1481481e+01   2.0000000e+00   8.0000000e+00   2.7000000e+01   8.3975904e+00
   1.1313434e+03   2.9000000e+01   5.3000000e+01   5.1200000e+02   6.1000000e+01   3.0500000e+01   3.4833333e+01   1.4523810e+01   2.0000000e+00   6.0000000e+00   2.1000000e+01   7.9350649e+00
   1.0588496e+03   3.5000000e+01   4.9000000e+01   5.0000000e+02   5.5000000e+01   2.7500000e+01   3.1285714e+01   1.0730769e+01   2.0000000e+00   7.0000000e+00   2.6000000e+01   7.6025641e+00
   1.0041839e+03   2.7000000e+01   5.0000000e+01   5.0300000e+02   5.8000000e+01   2.9000000e+01   3.3833333e+01   1.5578947e+01   2.0000000e+00   6.0000000e+00   1.9000000e+01   8.0945946e+00
   3.5672398e+02   1.6000000e+01   2.3000000e+01   2.3600000e+02   4.2000000e+01   2.1000000e+01   2.1600000e+01   1.2111111e+01   2.0000000e+00   5.0000000e+00   9.0000000e+00   7.3783784e+00
   1.2180639e+03   3.6000000e+01   6.0000000e+01   5.6800000e+02   5.6000000e+01   2.8000000e+01   3.3250000e+01   1.2461538e+01   2.0000000e+00   8.0000000e+00   2.6000000e+01   8.0795455e+00
   4.6746977e+02   2.6000000e+01   3.1000000e+01   3.1800000e+02   5.0000000e+01   2.5000000e+01   2.2000000e+01   8.6470588e+00   2.0000000e+00   7.0000000e+00   1.7000000e+01   7.6862745e+00
   1.1816929e+03   3.3000000e+01   5.0000000e+01   4.9700000e+02   5.3000000e+01   2.6500000e+01   3.2000000e+01   1.1500000e+01   2.0000000e+00   7.0000000e+00   2.4000000e+01   7.8481013e+00
   1.1030222e+03   3.5000000e+01   4.6000000e+01   5.1000000e+02   5.9000000e+01   2.9500000e+01   2.8625000e+01   1.1240000e+01   2.0000000e+00   8.0000000e+00   2.5000000e+01   7.8378378e+00
   1.2584192e+03   3.7000000e+01   5.7000000e+01   5.7300000e+02   5.7000000e+01   2.8500000e+01   3.1750000e+01   1.2037037e+01   2.0000000e+00   8.0000000e+00   2.7000000e+01   7.7954545e+00
   1.1580145e+03   3.4000000e+01   5.1000000e+01   5.2700000e+02   5.4000000e+01   2.7000000e+01   2.9285714e+01   1.3080000e+01   2.0000000e+00   7.0000000e+00   2.5000000e+01   7.8641975e+00
   1.2941451e+03   3.3000000e+01   5.2000000e+01   5.6100000e+02   5.8000000e+01   2.9000000e+01   3.2714286e+01   1.3833333e+01   2.0000000e+00   7.0000000e+00   2.4000000e+01   8.0240964e+00
   1.0257799e+03   3.1000000e+01   4.3000000e+01   4.6600000e+02   5.4000000e+01   2.7000000e+01   2.7428571e+01   1.2318182e+01   2.0000000e+00   7.0000000e+00   2.2000000e+01   8.3000000e+00
   8.8909482e+02   2.4000000e+01   4.4000000e+01   4.0500000e+02   5.8000000e+01   2.9000000e+01   3.4000000e+01   1.3235294e+01   2.0000000e+00   5.0000000e+00   1.7000000e+01   7.8524590e+00
   9.4823763e+02   2.8000000e+01   4.2000000e+01   4.3800000e+02   5.2000000e+01   2.6000000e+01   2.5571429e+01   1.3052632e+01   2.0000000e+00   7.0000000e+00   1.9000000e+01   8.0303030e+00
   1.2550265e+03   3.6000000e+01   5.8000000e+01   5.9800000e+02   5.8000000e+01   2.9000000e+01   3.4571429e+01   1.3629630e+01   2.0000000e+00   7.0000000e+00   2.7000000e+01   8.4302326e+00
   1.1969647e+03   3.7000000e+01   5.2000000e+01   5.4200000e+02   5.5000000e+01   2.7500000e+01   3.0875000e+01   1.1407407e+01   2.0000000e+00   8.0000000e+00   2.7000000e+01   8.0361446e+00
   1.1063007e+03   3.5000000e+01   4.7000000e+01   5.4400000e+02   5.6000000e+01   2.8000000e+01   3.1875000e+01   1.1520000e+01   2.0000000e+00   8.0000000e+00   2.5000000e+01   8.4487179e+00
   1.2351071e+03   3.3000000e+01   5.4000000e+01   5.4600000e+02   5.0000000e+01   2.5000000e+01   2.9000000e+01   1.4000000e+01   2.0000000e+00   8.0000000e+00   2.3000000e+01   7.9375000e+00
   1.2296032e+03   3.6000000e+01   5.2000000e+01   5.2600000e+02   5.5000000e+01   2.7500000e+01   3.2428571e+01   1.1296296e+01   2.0000000e+00   7.0000000e+00   2.7000000e+01   7.8313253e+00
   1.4397619e+03   3.3000000e+01   6.5000000e+01   5.7700000e+02   6.0000000e+01   3.0000000e+01   3.8833333e+01   1.4440000e+01   2.0000000e+00   6.0000000e+00   2.5000000e+01   7.7752809e+00
   8.3699754e+02   2.1000000e+01   3.7000000e+01   3.6000000e+02   4.4000000e+01   1.2000000e+01   4.3000000e+01   1.5312500e+01   2.0000000e+00   3.0000000e+00   1.6000000e+01   8.1509434e+00
   1.1373422e+03   3.1000000e+01   5.3000000e+01   5.4900000e+02   5.1000000e+01   2.5500000e+01   3.6000000e+01   1.4782609e+01   2.0000000e+00   6.0000000e+00   2.3000000e+01   8.0625000e+00
   7.1873262e+02   2.8000000e+01   3.5000000e+01   4.2400000e+02   5.2000000e+01   2.6000000e+01   2.5000000e+01   1.1666667e+01   2.0000000e+00   8.0000000e+00   1.8000000e+01   8.2413793e+00
   9.1932952e+02   3.2000000e+01   4.6000000e+01   4.8500000e+02   5.6000000e+01   2.8000000e+01   3.3166667e+01   1.2000000e+01   2.0000000e+00   6.0000000e+00   2.4000000e+01   7.6986301e+00
   1.0685328e+03   2.8000000e+01   4.9000000e+01   4.6000000e+02   5.6000000e+01   2.8000000e+01   2.8285714e+01   1.3421053e+01   2.0000000e+00   7.0000000e+00   1.9000000e+01   8.0294118e+00
   1.1276561e+03   3.2000000e+01   4.7000000e+01   5.1900000e+02   5.6000000e+01   2.8000000e+01   3.2142857e+01   1.2782609e+01   2.0000000e+00   7.0000000e+00   2.3000000e+01   7.9866667e+00
   9.9906080e+02   3.4000000e+01   4.7000000e+01   4.9200000e+02   5.6000000e+01   2.8000000e+01   3.1285714e+01   1.1040000e+01   2.0000000e+00   7.0000000e+00   2.5000000e+01   7.9189189e+00
