   9.8417187e+02   2.9000000e+01   4.6000000e+01   4.9700000e+02   6.1000000e+01   3.0500000e+01   3.0571429e+01   1.3650000e+01   2.0000000e+00   7.0000000e+00   2.0000000e+01   8.0273973e+00
   7.6089959e+02   2.6000000e+01   3.9000000e+01   4.3000000e+02   5.5000000e+01   2.7500000e+01   3.6000000e+01   1.2894737e+01   2.0000000e+00   5.0000000e+00   1.9000000e+01   8.9152542e+00
   1.1664041e+03   3.1000000e+01   5.5000000e+01   5.9200000e+02   5.8000000e+01   2.9000000e+01   3.4142857e+01   1.6318182e+01   2.0000000e+00   7.0000000e+00   2.2000000e+01   8.8795181e+00
   9.7214826e+02   3.2000000e+01   5.0000000e+01   5.5000000e+02   5.3000000e+01   2.6500000e+01   3.2666667e+01   1.5041667e+01   2.0000000e+00   6.0000000e+00   2.4000000e+01   9.2133333e+00
   7.4761202e+02   2.7000000e+01   3.7000000e+01   4.6600000e+02   5.6000000e+01   2.8000000e+01   3.1833333e+01   1.3473684e+01   2.0000000e+00   6.0000000e+00   1.9000000e+01   8.8032787e+00
   8.5530632e+02   2.4000000e+01   4.4000000e+01   5.4300000e+02   6.2000000e+01   3.1000000e+01   4.0800000e+01   1.9176471e+01   2.0000000e+00   5.0000000e+00   1.7000000e+01   9.9523810e+00
   9.6983786e+02   2.8000000e+01   4.6000000e+01   4.7600000e+02   6.0000000e+01   3.0000000e+01   3.3000000e+01   1.3400000e+01   2.0000000e+00   6.0000000e+00   2.0000000e+01   9.0285714e+00
   8.2961941e+02   2.7000000e+01   4.1000000e+01   4.7200000e+02   6.0000000e+01   3.0000000e+01   3.2833333e+01   1.4000000e+01   2.0000000e+00   6.0000000e+00   1.9000000e+01   9.4000000e+00
   8.5629559e+02   3.1000000e+01   4.4000000e+01   4.9400000e+02   5.6000000e+01   2.8000000e+01   3.0857143e+01   1.2545455e+01   2.0000000e+00   7.0000000e+00   2.2000000e+01   9.2058824e+00
   6.6346171e+02   1.9000000e+01   3.4000000e+01   3.7000000e+02   5.9000000e+01   2.9500000e+01   2.5800000e+01   1.8250000e+01   2.0000000e+00   5.0000000e+00   1.2000000e+01   9.0612245e+00
   8.1425781e+02   3.4000000e+01   4.1000000e+01   5.1100000e+02   5.1000000e+01   2.5500000e+01   2.8000000e+01   1.1086957e+01   2.0000000e+00   9.0000000e+00   2.3000000e+01   9.1285714e+00
   9.3790463e+02   2.9000000e+01   4.6000000e+01   5.1100000e+02   5.9000000e+01   2.9500000e+01   3.1285714e+01   1.4200000e+01   2.0000000e+00   7.0000000e+00   2.0000000e+01   9.4857143e+00
   7.6772136e+02   2.5000000e+01   4.1000000e+01   4.6500000e+02   5.8000000e+01   2.9000000e+01   3.2333333e+01   1.5470588e+01   2.0000000e+00   6.0000000e+00   1.7000000e+01   9.6190476e+00
   9.3660496e+02   2.9000000e+01   3.9000000e+01   4.7600000e+02   6.0000000e+01   3.0000000e+01   3.1666667e+01   1.2857143e+01   2.0000000e+00   6.0000000e+00   2.1000000e+01   9.0615385e+00
   7.9968868e+02   2.6000000e+01   4.2000000e+01   5.3300000e+02   6.3000000e+01   3.1500000e+01   2.9714286e+01   1.7882353e+01   2.0000000e+00   7.0000000e+00   1.7000000e+01   1.0153846e+01
   9.1481083e+02   2.6000000e+01   4.6000000e+01   5.6200000e+02   6.4000000e+01   3.2000000e+01   4.0666667e+01   1.7222222e+01   2.0000000e+00   6.0000000e+00   1.8000000e+01   9.8656716e+00
   9.7951313e+02   2.8000000e+01   4.9000000e+01   5.2300000e+02   5.7000000e+01   2.8500000e+01   3.3500000e+01   1.6250000e+01   2.0000000e+00   6.0000000e+00   2.0000000e+01   9.0933333e+00
   9.1123418e+02   3.2000000e+01   4.7000000e+01   5.7300000e+02   5.6000000e+01   2.8000000e+01   3.1625000e+01   1.4636364e+01   2.0000000e+00   8.0000000e+00   2.2000000e+01   9.5526316e+00
   9.6565340e+02   2.7000000e+01   4.4000000e+01   4.8500000e+02   5.9000000e+01   2.9500000e+01   3.6200000e+01   1.5000000e+01   2.0000000e+00   5.0000000e+00   2.0000000e+01   8.7313433e+00
   1.1789796e+03   3.2000000e+01   5.4000000e+01   6.2100000e+02   5.8000000e+01   2.9000000e+01   3.6166667e+01   1.7333333e+01   2.0000000e+00   6.0000000e+00   2.4000000e+01   8.9285714e+00
   5.4841949e+02   2.8000000e+01   3.5000000e+01   4.2400000e+02   6.0000000e+01   3.0000000e+01   2.8428571e+01   1.0684211e+01   2.0000000e+00   7.0000000e+00   1.9000000e+01   9.4237288e+00
   6.7174435e+02   2.6000000e+01   3.6000000e+01   4.1200000e+02   5.6000000e+01   2.8000000e+01   2.9833333e+01   1.2222222e+01   2.0000000e+00   6.0000000e+00   1.8000000e+01   8.9298246e+00
   1.0124320e+03   2.5000000e+01   5.3000000e+01   5.6700000e+02   5.0000000e+01   2.5000000e+01   4.1600000e+01   2.0666667e+01   2.0000000e+00   5.0000000e+00   1.8000000e+01   9.1714286e+00
   8.9076506e+02   2.8000000e+01   4.7000000e+01   5.5200000e+02   5.7000000e+01   2.8500000e+01   3.6600000e+01   1.7285714e+01   2.0000000e+00   5.0000000e+00   2.1000000e+01   9.1527778e+00
   9.2309283e+02   2.6000000e+01   4.4000000e+01   4.6800000e+02   5.5000000e+01   2.7500000e+01   3.7000000e+01   1.5578947e+01   2.0000000e+00   5.0000000e+00   1.9000000e+01   9.1846154e+00
   8.2465346e+02   2.2000000e+01   3.8000000e+01   4.6800000e+02   6.4000000e+01   3.2000000e+01   3.8000000e+01   1.7266667e+01   2.0000000e+00   5.0000000e+00   1.5000000e+01   9.2807018e+00
   1.0055904e+03   3.4000000e+01   4.7000000e+01   5.4200000e+02   5.5000000e+01   2.7500000e+01   2.9375000e+01   1.3000000e+01   2.0000000e+00   8.0000000e+00   2.4000000e+01   8.7922078e+00
   8.1960131e+02   3.1000000e+01   4.5000000e+01   5.1700000e+02   5.5000000e+01   2.7500000e+01   3.2428571e+01   1.3500000e+01   2.0000000e+00   7.0000000e+00   2.2000000e+01   9.6666667e+00
   1.1883389e+03   2.8000000e+01   5.3000000e+01   5.7600000e+02   6.0000000e+01   3.0000000e+01   3.7000000e+01   1.7800000e+01   2.0000000e+00   6.0000000e+00   2.0000000e+01   9.0526316e+00
   6.9197140e+02   2.4000000e+01   3.8000000e+01   4.5600000e+02   6.1000000e+01   3.0500000e+01   2.3571429e+01   1.8200000e+01   2.0000000e+00   7.0000000e+00   1.5000000e+01   9.7368421e+00
   7.4584902e+02   2.5000000e+01   3.7000000e+01   4.3000000e+02   5.8000000e+01   2.9000000e+01   3.1166667e+01   1.3235294e+01   2.0000000e+00   6.0000000e+00   1.7000000e+01   9.0892857e+00
   5.7531337e+02   2.4000000e+01   3.3000000e+01   3.9800000e+02   6.3000000e+01   3.1500000e+01   2.9500000e+01   1.2000000e+01   2.0000000e+00   6.0000000e+00   1.6000000e+01   9.4181818e+00
   8.8680108e+02   3.0000000e+01   4.9000000e+01   5.6800000e+02   5.9000000e+01   2.9500000e+01   3.6000000e+01   1.5818182e+01   2.0000000e+00   6.0000000e+00   2.2000000e+01   9.5833333e+00
   7.0095469e+02   2.0000000e+01   3.3000000e+01   3.5000000e+02   5.5000000e+01   2.7500000e+01   3.4750000e+01   1.4000000e+01   2.0000000e+00   4.0000000e+00   1.4000000e+01   8.8200000e+00
   9.3583060e+02   2.6000000e+01   4.4000000e+01   4.9800000e+02   6.0000000e+01   3.0000000e+01   4.0200000e+01   1.5473684e+01   2.0000000e+00   5.0000000e+00   1.9000000e+01   9.1791045e+00
   7.9883511e+02   2.1000000e+01   3.7000000e+01   4.2300000e+02   6.6000000e+01   3.3000000e+01   3.5400000e+01   1.5857143e+01   2.0000000e+00   5.0000000e+00   1.4000000e+01   9.1818182e+00
   9.1463327e+02   2.9000000e+01   4.6000000e+01   5.4000000e+02   6.1000000e+01   3.0500000e+01   3.3166667e+01   1.5857143e+01   2.0000000e+00   6.0000000e+00   2.1000000e+01   9.6760563e+00
   1.0523903e+03   2.8000000e+01   4.4000000e+01   4.6500000e+02   5.6000000e+01   2.8000000e+01   3.8000000e+01   1.2714286e+01   2.0000000e+00   5.0000000e+00   2.1000000e+01   8.5588235e+00
   6.3965501e+02   2.6000000e+01   3.9000000e+01   4.7100000e+02   5.9000000e+01   2.9500000e+01   2.8857143e+01   1.4941176e+01   2.0000000e+00   7.0000000e+00   1.7000000e+01   9.8305085e+00
   9.3089839e+02   2.7000000e+01   5.0000000e+01   5.2200000e+02   5.8000000e+01   2.9000000e+01   3.6333333e+01   1.6105263e+01   2.0000000e+00   6.0000000e+00   1.9000000e+01   8.9130435e+00
   8.3145797e+02   2.8000000e+01   4.2000000e+01   4.9600000e+02   5.6000000e+01   2.8000000e+01   3.8000000e+01   1.4333333e+01   2.0000000e+00   5.0000000e+00   2.1000000e+01   9.1406250e+00
   8.9564961e+02   3.0000000e+01   4.7000000e+01   5.7600000e+02   6.0000000e+01   3.0000000e+01   3.8500000e+01   1.5363636e+01   2.0000000e+00   6.0000000e+00   2.2000000e+01   9.6849315e+00
   8.1768546e+02   2.6000000e+01   4.3000000e+01   4.7300000e+02   6.1000000e+01   3.0500000e+01   3.1166667e+01   1.5388889e+01   2.0000000e+00   6.0000000e+00   1.8000000e+01   9.2461538e+00
   5.5116906e+02   1.4000000e+01   2.3000000e+01   2.6600000e+02   4.3000000e+01   6.0000000e+00   4.2000000e+01   1.9400000e+01   2.0000000e+00   2.0000000e+00   1.0000000e+01   8.9142857e+00
   8.0707634e+02   2.6000000e+01   4.0000000e+01   4.7100000e+02   5.4000000e+01   2.7000000e+01   3.4833333e+01   1.4222222e+01   2.0000000e+00   6.0000000e+00   1.8000000e+01   9.3548387e+00
   1.1120108e+03   2.9000000e+01   5.3000000e+01   6.0000000e+02   6.2000000e+01   3.1000000e+01   3.9166667e+01   1.7619048e+01   2.0000000e+00   6.0000000e+00   2.1000000e+01   9.2857143e+00
   1.2405781e+03   3.6000000e+01   5.6000000e+01   6.4300000e+02   5.5000000e+01   2.7500000e+01   3.5428571e+01   1.5185185e+01   2.0000000e+00   7.0000000e+00   2.7000000e+01   9.1348315e+00
   7.6040456e+02   2.3000000e+01   3.6000000e+01   3.8800000e+02   5.7000000e+01   2.8500000e+01   3.1800000e+01   1.3437500e+01   2.0000000e+00   5.0000000e+00   1.6000000e+01   8.8363636e+00
   6.4756987e+02   2.3000000e+01   4.0000000e+01   5.2000000e+02   6.5000000e+01   3.2500000e+01   4.1200000e+01   1.8875000e+01   2.0000000e+00   5.0000000e+00   1.6000000e+01   1.0406780e+01
   9.5540244e+02   3.0000000e+01   4.8000000e+01   5.7400000e+02   5.9000000e+01   2.9500000e+01   3.4857143e+01   1.5380952e+01   2.0000000e+00   7.0000000e+00   2.1000000e+01   1.0555556e+01
   7.9789672e+02   2.4000000e+01   4.0000000e+01   4.4400000e+02   5.3000000e+01   2.6500000e+01   3.6200000e+01   1.4882353e+01   2.0000000e+00   5.0000000e+00   1.7000000e+01   9.3606557e+00
   9.0011053e+02   2.8000000e+01   4.6000000e+01   5.2200000e+02   5.7000000e+01   2.8500000e+01   3.1000000e+01   1.5842105e+01   2.0000000e+00   7.0000000e+00   1.9000000e+01   9.0857143e+00
   9.7886141e+02   2.7000000e+01   5.0000000e+01   5.6500000e+02   6.3000000e+01   3.1500000e+01   3.6600000e+01   1.8700000e+01   2.0000000e+00   5.0000000e+00   2.0000000e+01   9.3513514e+00
   7.7856775e+02   2.6000000e+01   3.1000000e+01   3.9700000e+02   5.7000000e+01   2.8500000e+01   2.5857143e+01   1.1176471e+01   2.0000000e+00   7.0000000e+00   1.7000000e+01   9.2545455e+00
   8.4393318e+02   3.1000000e+01   4.0000000e+01   5.0800000e+02   5.9000000e+01   2.9500000e+01   2.9000000e+01   1.3272727e+01   2.0000000e+00   7.0000000e+00   2.2000000e+01   9.5652174e+00
   6.8894503e+02   2.8000000e+01   3.4000000e+01   4.0600000e+02   4.9000000e+01   2.4500000e+01   2.9142857e+01   1.0052632e+01   2.0000000e+00   7.0000000e+00   1.9000000e+01   9.2758621e+00
   9.6921518e+02   3.1000000e+01   4.9000000e+01   5.8300000e+02   5.8000000e+01   2.9000000e+01   3.0750000e+01   1.6095238e+01   2.0000000e+00   8.0000000e+00   2.1000000e+01   9.7837838e+00
   8.3516156e+02   3.2000000e+01   4.1000000e+01   5.2100000e+02   5.6000000e+01   2.8000000e+01   2.7125000e+01   1.3454545e+01   2.0000000e+00   8.0000000e+00   2.2000000e+01   9.7391304e+00
   9.6043883e+02   2.5000000e+01   4.8000000e+01   5.6100000e+02   6.8000000e+01   3.4000000e+01   4.1000000e+01   1.9111111e+01   2.0000000e+00   5.0000000e+00   1.8000000e+01   9.7428571e+00
   8.2964555e+02   2.9000000e+01   4.8000000e+01   5.6800000e+02   5.9000000e+01   2.9500000e+01   3.6833333e+01   1.6571429e+01   2.0000000e+00   6.0000000e+00   2.1000000e+01   9.9027778e+00
   7.8785299e+02   2.2000000e+01   3.7000000e+01   4.3300000e+02   4.3000000e+01   2.1500000e+01   3.9000000e+01   1.7375000e+01   2.0000000e+00   4.0000000e+00   1.6000000e+01   9.3035714e+00
   8.8441598e+02   2.8000000e+01   4.7000000e+01   5.5300000e+02   6.1000000e+01   3.0500000e+01   3.7800000e+01   1.6809524e+01   2.0000000e+00   5.0000000e+00   2.1000000e+01   9.6666667e+00
   3.7341214e+02   1.8000000e+01   2.2000000e+01   2.5600000e+02   4.7000000e+01   2.3500000e+01   2.4800000e+01   1.0272727e+01   2.0000000e+00   5.0000000e+00   1.1000000e+01   8.8684211e+00
   1.1531939e+03   3.0000000e+01   5.5000000e+01   5.9500000e+02   6.4000000e+01   3.2000000e+01   3.4285714e+01   1.6904762e+01   2.0000000e+00   7.0000000e+00   2.1000000e+01   8.8125000e+00
   7.6193312e+02   2.4000000e+01   3.5000000e+01   3.8900000e+02   5.6000000e+01   2.8000000e+01   3.1600000e+01   1.2764706e+01   2.0000000e+00   5.0000000e+00   1.7000000e+01   8.6964286e+00
   7.9592877e+02   2.8000000e+01   3.9000000e+01   4.9300000e+02   6.2000000e+01   3.1000000e+01   3.3333333e+01   1.3800000e+01   2.0000000e+00   6.0000000e+00   2.0000000e+01   1.0062500e+01
   9.5975408e+02   2.5000000e+01   4.8000000e+01   5.4700000e+02   6.4000000e+01   3.2000000e+01   4.0600000e+01   1.8666667e+01   2.0000000e+00   5.0000000e+00   1.8000000e+01   9.6470588e+00
   8.5530208e+02   2.2000000e+01   4.2000000e+01   4.5700000e+02   6.1000000e+01   3.0500000e+01   3.4200000e+01   1.7933333e+01   2.0000000e+00   5.0000000e+00   1.5000000e+01   9.3833333e+00
   8.9730389e+02   2.5000000e+01   4.4000000e+01   4.7200000e+02   5.9000000e+01   2.9500000e+01   3.1666667e+01   1.6000000e+01   2.0000000e+00   6.0000000e+00   1.7000000e+01   8.9545455e+00
   1.0303530e+03   3.4000000e+01   4.7000000e+01   5.6700000e+02   5.6000000e+01   2.8000000e+01   3.3714286e+01   1.3600000e+01   2.0000000e+00   7.0000000e+00   2.5000000e+01   9.0779221e+00
   8.7746096e+02   2.7000000e+01   4.1000000e+01   4.6900000e+02   6.7000000e+01   3.3500000e+01   3.0333333e+01   1.4000000e+01   2.0000000e+00   6.0000000e+00   1.9000000e+01   9.1875000e+00
   6.0725458e+02   2.1000000e+01   3.1000000e+01   3.8000000e+02   5.1000000e+01   2.5500000e+01   3.2800000e+01   1.4857143e+01   2.0000000e+00   5.0000000e+00   1.4000000e+01   9.3469388e+00
   7.4250144e+02   2.6000000e+01   4.1000000e+01   4.8400000e+02   6.0000000e+01   3.0000000e+01   3.6166667e+01   1.4388889e+01   2.0000000e+00   6.0000000e+00   1.8000000e+01   9.7096774e+00
   8.4835381e+02   2.8000000e+01   4.4000000e+01   5.5900000e+02   6.0000000e+01   3.0000000e+01   3.2857143e+01   1.6684211e+01   2.0000000e+00   7.0000000e+00   1.9000000e+01   9.7857143e+00
   8.6454047e+02   2.3000000e+01   4.7000000e+01   4.9800000e+02   5.9000000e+01   2.9500000e+01   3.7000000e+01   1.9187500e+01   2.0000000e+00   5.0000000e+00   1.6000000e+01   9.4843750e+00
   7.9629270e+02   3.0000000e+01   4.2000000e+01   5.0400000e+02   6.0000000e+01   3.0000000e+01   3.2142857e+01   1.2428571e+01   2.0000000e+00   7.0000000e+00   2.1000000e+01   9.4852941e+00
   9.0457022e+02   2.9000000e+01   4.9000000e+01   5.2100000e+02   6.0000000e+01   3.0000000e+01   3.5666667e+01   1.4476190e+01   2.0000000e+00   6.0000000e+00   2.1000000e+01   9.3943662e+00
   8.2481400e+02   2.7000000e+01   4.0000000e+01   5.3700000e+02   5.9000000e+01   2.9500000e+01   3.5166667e+01   1.6315789e+01   2.0000000e+00   6.0000000e+00   1.9000000e+01   9.7656250e+00
   9.5680173e+02   2.8000000e+01   4.6000000e+01   5.3800000e+02   5.7000000e+01   2.8500000e+01   3.7000000e+01   1.5650000e+01   2.0000000e+00   6.0000000e+00   2.0000000e+01   9.4305556e+00
   6.4855579e+02   2.4000000e+01   3.3000000e+01   3.6900000e+02   5.5000000e+01   2.7500000e+01   2.8000000e+01   1.1125000e+01   2.0000000e+00   6.0000000e+00   1.6000000e+01   8.8600000e+00
   1.1277367e+03   3.4000000e+01   5.4000000e+01   5.8800000e+02   5.8000000e+01   2.9000000e+01   3.5857143e+01   1.4120000e+01   2.0000000e+00   7.0000000e+00   2.5000000e+01   9.0120482e+00
   8.5731334e+02   2.9000000e+01   4.6000000e+01   4.9300000e+02   5.8000000e+01   2.9000000e+01   2.8714286e+01   1.4050000e+01   2.0000000e+00   7.0000000e+00   2.0000000e+01   9.0147059e+00
   9.6120358e+02   2.8000000e+01   4.8000000e+01   5.3000000e+02   5.9000000e+01   2.9500000e+01   3.5500000e+01   1.5750000e+01   2.0000000e+00   6.0000000e+00   2.0000000e+01   8.8750000e+00
   9.8839957e+02   2.5000000e+01   4.7000000e+01   5.5500000e+02   5.5000000e+01   2.7500000e+01   4.1800000e+01   1.9277778e+01   2.0000000e+00   5.0000000e+00   1.8000000e+01   9.4705882e+00
   9.6578691e+02   3.1000000e+01   4.6000000e+01   5.5600000e+02   5.6000000e+01   2.8000000e+01   3.3285714e+01   1.5181818e+01   2.0000000e+00   7.0000000e+00   2.2000000e+01   9.1200000e+00
   1.1098089e+03   3.4000000e+01   5.4000000e+01   5.4500000e+02   5.6000000e+01   2.8000000e+01   3.4000000e+01   1.3000000e+01   2.0000000e+00   7.0000000e+00   2.5000000e+01   8.6913580e+00
   8.4297964e+02   2.6000000e+01   4.3000000e+01   4.7500000e+02   6.4000000e+01   3.2000000e+01   3.6800000e+01   1.4894737e+01   2.0000000e+00   5.0000000e+00   1.9000000e+01   9.5714286e+00
   8.2906614e+02   2.3000000e+01   4.5000000e+01   5.4500000e+02   6.7000000e+01   3.3500000e+01   3.9400000e+01   2.0750000e+01   2.0000000e+00   5.0000000e+00   1.6000000e+01   9.9365079e+00
   1.0502388e+03   3.4000000e+01   5.2000000e+01   6.0100000e+02   5.8000000e+01   2.9000000e+01   2.9777778e+01   1.4347826e+01   2.0000000e+00   9.0000000e+00   2.3000000e+01   9.6708861e+00
   9.3233111e+02   2.6000000e+01   4.6000000e+01   5.6600000e+02   5.7000000e+01   2.8500000e+01   3.9000000e+01   1.9631579e+01   2.0000000e+00   5.0000000e+00   1.9000000e+01   9.8382353e+00
   1.1352579e+03   3.8000000e+01   5.3000000e+01   6.2100000e+02   5.7000000e+01   2.8500000e+01   3.2125000e+01   1.3000000e+01   2.0000000e+00   8.0000000e+00   2.8000000e+01   8.8809524e+00
   5.8938602e+02   2.7000000e+01   3.7000000e+01   4.4400000e+02   5.9000000e+01   2.9500000e+01   2.6500000e+01   1.2705882e+01   2.0000000e+00   8.0000000e+00   1.7000000e+01   9.1551724e+00
   7.4810190e+02   2.3000000e+01   3.7000000e+01   4.2300000e+02   5.7000000e+01   2.8500000e+01   3.2400000e+01   1.5187500e+01   2.0000000e+00   5.0000000e+00   1.6000000e+01   9.0181818e+00
   6.8619167e+02   2.4000000e+01   3.8000000e+01   4.4900000e+02   5.5000000e+01   2.7500000e+01   3.8400000e+01   1.4588235e+01   2.0000000e+00   5.0000000e+00   1.7000000e+01   9.7818182e+00
   9.0099892e+02   2.7000000e+01   4.7000000e+01   5.1900000e+02   5.5000000e+01   2.7500000e+01   4.0250000e+01   1.7095238e+01   2.0000000e+00   4.0000000e+00   2.1000000e+01   9.1971831e+00
   9.1379076e+02   2.6000000e+01   4.5000000e+01   5.3800000e+02   6.2000000e+01   3.1000000e+01   3.9800000e+01   1.7105263e+01   2.0000000e+00   5.0000000e+00   1.9000000e+01   9.5735294e+00
   1.0553154e+03   3.0000000e+01   4.8000000e+01   5.3800000e+02   6.2000000e+01   3.1000000e+01   3.7666667e+01   1.4227273e+01   2.0000000e+00   6.0000000e+00   2.2000000e+01   9.1780822e+00
   9.2395953e+02   3.3000000e+01   4.2000000e+01   4.5700000e+02   5.4000000e+01   2.7000000e+01   3.1857143e+01   1.0083333e+01   2.0000000e+00   7.0000000e+00   2.4000000e+01   9.0140845e+00
   7.5166442e+02   2.2000000e+01   3.8000000e+01   4.7400000e+02   6.6000000e+01   3.3000000e+01   2.9666667e+01   1.9785714e+01   2.0000000e+00   6.0000000e+00   1.4000000e+01   1.0017857e+01
   6.5123478e+02   2.4000000e+01   3.3000000e+01   3.9000000e+02   4.9000000e+01   2.4500000e+01   3.0666667e+01   1.2000000e+01   2.0000000e+00   6.0000000e+00   1.6000000e+01   9.3636364e+00
