   1.3631988e+03   4.9000000e+01   6.9000000e+01   3.8400000e+02   4.5000000e+01   2.2500000e+01   2.2333333e+01   5.7105263e+00   2.0000000e+00   9.0000000e+00   3.8000000e+01   4.1559633e+00
   3.8179742e+02   1.7000000e+01   1.8000000e+01   1.3400000e+02   3.0000000e+01   1.5000000e+01   1.0857143e+01   5.6250000e+00   2.0000000e+00   7.0000000e+00   8.0000000e+00   4.2500000e+00
   3.6362201e+02   1.6000000e+01   1.6000000e+01   1.2000000e+02   2.5000000e+01   1.2500000e+01   1.3750000e+01   5.5000000e+00   2.0000000e+00   4.0000000e+00   1.0000000e+01   4.1000000e+00
   3.5673914e+02   1.7000000e+01   1.9000000e+01   1.3500000e+02   2.6000000e+01   1.3000000e+01   1.6750000e+01   5.4545455e+00   2.0000000e+00   4.0000000e+00   1.1000000e+01   4.2121212e+00
   3.7399991e+02   1.7000000e+01   2.0000000e+01   1.4100000e+02   4.3000000e+01   2.1500000e+01   1.0833333e+01   5.8888889e+00   2.0000000e+00   6.0000000e+00   9.0000000e+00   4.5294118e+00
   3.1389242e+02   1.8000000e+01   1.9000000e+01   1.4600000e+02   2.5000000e+01   1.2000000e+01   2.0250000e+01   4.9166667e+00   2.0000000e+00   4.0000000e+00   1.2000000e+01   4.3142857e+00
   3.3804622e+02   2.0000000e+01   1.7000000e+01   1.4300000e+02   3.1000000e+01   1.5500000e+01   1.4000000e+01   4.5384615e+00   2.0000000e+00   5.0000000e+00   1.3000000e+01   4.4117647e+00
   3.4026233e+02   1.5000000e+01   1.6000000e+01   1.1500000e+02   2.4000000e+01   1.2000000e+01   1.3000000e+01   6.3333333e+00   2.0000000e+00   4.0000000e+00   9.0000000e+00   4.2068966e+00
   3.4314098e+02   1.5000000e+01   1.8000000e+01   1.1700000e+02   2.2000000e+01   1.1000000e+01   1.3500000e+01   6.6666667e+00   2.0000000e+00   4.0000000e+00   9.0000000e+00   4.1724138e+00
   3.6506617e+02   1.5000000e+01   1.8000000e+01   1.2700000e+02   2.8000000e+01   1.4000000e+01   1.1400000e+01   7.6250000e+00   2.0000000e+00   5.0000000e+00   8.0000000e+00   4.1935484e+00
   3.8402915e+02   1.8000000e+01   1.8000000e+01   1.2200000e+02   2.8000000e+01   1.4000000e+01   1.0833333e+01   5.3000000e+00   2.0000000e+00   6.0000000e+00   1.0000000e+01   4.0606061e+00
   2.9609985e+02   2.1000000e+01   1.7000000e+01   1.4200000e+02   3.3000000e+01   1.6500000e+01   1.1000000e+01   4.0833333e+00   2.0000000e+00   7.0000000e+00   1.2000000e+01   4.2500000e+00
   3.4320547e+02   1.2000000e+01   1.8000000e+01   1.2200000e+02   2.9000000e+01   1.4500000e+01   1.2250000e+01   1.0166667e+01   2.0000000e+00   4.0000000e+00   6.0000000e+00   4.5000000e+00
   3.2616052e+02   1.7000000e+01   2.0000000e+01   1.4400000e+02   3.3000000e+01   1.6500000e+01   1.4200000e+01   5.9000000e+00   2.0000000e+00   5.0000000e+00   1.0000000e+01   4.3235294e+00
   4.3929740e+02   1.6000000e+01   1.8000000e+01   1.3100000e+02   3.0000000e+01   1.5000000e+01   1.2800000e+01   6.4444444e+00   2.0000000e+00   5.0000000e+00   9.0000000e+00   4.4062500e+00
   3.0450061e+02   1.2000000e+01   1.4000000e+01   1.0300000e+02   3.1000000e+01   1.0000000e+01   1.5333333e+01   7.1428571e+00   2.0000000e+00   3.0000000e+00   7.0000000e+00   4.3333333e+00
   2.9042918e+02   1.7000000e+01   1.7000000e+01   1.2300000e+02   3.2000000e+01   1.6000000e+01   1.0166667e+01   5.1111111e+00   2.0000000e+00   6.0000000e+00   9.0000000e+00   3.8750000e+00
   0.0000000e+00   0.0000000e+00   0.0000000e+00   0.0000000e+00   0.0000000e+00   0.0000000e+00   0.0000000e+00   0.0000000e+00   0.0000000e+00   0.0000000e+00   0.0000000e+00   0.0000000e+00
   0.0000000e+00   0.0000000e+00   0.0000000e+00   0.0000000e+00   0.0000000e+00   0.0000000e+00   0.0000000e+00   0.0000000e+00   0.0000000e+00   0.0000000e+00   0.0000000e+00   0.0000000e+00
   0.0000000e+00   0.0000000e+00   0.0000000e+00   0.0000000e+00   0.0000000e+00   0.0000000e+00   0.0000000e+00   0.0000000e+00   0.0000000e+00   0.0000000e+00   0.0000000e+00   0.0000000e+00
   0.0000000e+00   0.0000000e+00   0.0000000e+00   0.0000000e+00   0.0000000e+00   0.0000000e+00   0.0000000e+00   0.0000000e+00   0.0000000e+00   0.0000000e+00   0.0000000e+00   0.0000000e+00
   0.0000000e+00   0.0000000e+00   0.0000000e+00   0.0000000e+00   0.0000000e+00   0.0000000e+00   0.0000000e+00   0.0000000e+00   0.0000000e+00   0.0000000e+00   0.0000000e+00   0.0000000e+00
   0.0000000e+00   0.0000000e+00   0.0000000e+00   0.0000000e+00   0.0000000e+00   0.0000000e+00   0.0000000e+00   0.0000000e+00   0.0000000e+00   0.0000000e+00   0.0000000e+00   0.0000000e+00
   0.0000000e+00   0.0000000e+00   0.0000000e+00   0.0000000e+00   0.0000000e+00   0.0000000e+00   0.0000000e+00   0.0000000e+00   0.0000000e+00   0.0000000e+00   0.0000000e+00   0.0000000e+00
   0.0000000e+00   0.0000000e+00   0.0000000e+00   0.0000000e+00   0.0000000e+00   0.0000000e+00   0.0000000e+00   0.0000000e+00   0.0000000e+00   0.0000000e+00   0.0000000e+00   0.0000000e+00
   0.0000000e+00   0.0000000e+00   0.0000000e+00   0.0000000e+00   0.0000000e+00   0.0000000e+00   0.0000000e+00   0.0000000e+00   0.0000000e+00   0.0000000e+00   0.0000000e+00   0.0000000e+00
   0.0000000e+00   0.0000000e+00   0.0000000e+00   0.0000000e+00   0.0000000e+00   0.0000000e+00   0.0000000e+00   0.0000000e+00   0.0000000e+00   0.0000000e+00   0.0000000e+00   0.0000000e+00
   0.0000000e+00   0.0000000e+00   0.0000000e+00   0.0000000e+00   0.0000000e+00   0.0000000e+00   0.0000000e+00   0.0000000e+00   0.0000000e+00   0.0000000e+00   0.0000000e+00   0.0000000e+00
   0.0000000e+00   0.0000000e+00   0.0000000e+00   0.0000000e+00   0.0000000e+00   0.0000000e+00   0.0000000e+00   0.0000000e+00   0.0000000e+00   0.0000000e+00   0.0000000e+00   0.0000000e+00
   0.0000000e+00   0.0000000e+00   0.0000000e+00   0.0000000e+00   0.0000000e+00   0.0000000e+00   0.0000000e+00   0.0000000e+00   0.0000000e+00   0.0000000e+00   0.0000000e+00   0.0000000e+00
   0.0000000e+00   0.0000000e+00   0.0000000e+00   0.0000000e+00   0.0000000e+00   0.0000000e+00   0.0000000e+00   0.0000000e+00   0.0000000e+00   0.0000000e+00   0.0000000e+00   0.0000000e+00
   0.0000000e+00   0.0000000e+00   0.0000000e+00   0.0000000e+00   0.0000000e+00   0.0000000e+00   0.0000000e+00   0.0000000e+00   0.0000000e+00   0.0000000e+00   0.0000000e+00   0.0000000e+00
   0.0000000e+00   0.0000000e+00   0.0000000e+00   0.0000000e+00   0.0000000e+00   0.0000000e+00   0.0000000e+00   0.0000000e+00   0.0000000e+00   0.0000000e+00   0.0000000e+00   0.0000000e+00
   0.0000000e+00   0.0000000e+00   0.0000000e+00   0.0000000e+00   0.0000000e+00   0.0000000e+00   0.0000000e+00   0.0000000e+00   0.0000000e+00   0.0000000e+00   0.0000000e+00   0.0000000e+00
   0.0000000e+00   0.0000000e+00   0.0000000e+00   0.0000000e+00   0.0000000e+00   0.0000000e+00   0.0000000e+00   0.0000000e+00   0.0000000e+00   0.0000000e+00   0.0000000e+00   0.0000000e+00
   0.0000000e+00   0.0000000e+00   0.0000000e+00   0.0000000e+00   0.0000000e+00   0.0000000e+00   0.0000000e+00   0.0000000e+00   0.0000000e+00   0.0000000e+00   0.0000000e+00   0.0000000e+00
   0.0000000e+00   0.0000000e+00   0.0000000e+00   0.0000000e+00   0.0000000e+00   0.0000000e+00   0.0000000e+00   0.0000000e+00   0.0000000e+00   0.0000000e+00   0.0000000e+00   0.0000000e+00
   0.0000000e+00   0.0000000e+00   0.0000000e+00   0.0000000e+00   0.0000000e+00   0.0000000e+00   0.0000000e+00   0.0000000e+00   0.0000000e+00   0.0000000e+00   0.0000000e+00   0.0000000e+00
   0.0000000e+00   0.0000000e+00   0.0000000e+00   0.0000000e+00   0.0000000e+00   0.0000000e+00   0.0000000e+00   0.0000000e+00   0.0000000e+00   0.0000000e+00   0.0000000e+00   0.0000000e+00
   0.0000000e+00   0.0000000e+00   0.0000000e+00   0.0000000e+00   0.0000000e+00   0.0000000e+00   0.0000000e+00   0.0000000e+00   0.0000000e+00   0.0000000e+00   0.0000000e+00   0.0000000e+00
   0.0000000e+00   0.0000000e+00   0.0000000e+00   0.0000000e+00   0.0000000e+00   0.0000000e+00   0.0000000e+00   0.0000000e+00   0.0000000e+00   0.0000000e+00   0.0000000e+00   0.0000000e+00
   0.0000000e+00   0.0000000e+00   0.0000000e+00   0.0000000e+00   0.0000000e+00   0.0000000e+00   0.0000000e+00   0.0000000e+00   0.0000000e+00   0.0000000e+00   0.0000000e+00   0.0000000e+00
   0.0000000e+00   0.0000000e+00   0.0000000e+00   0.0000000e+00   0.0000000e+00   0.0000000e+00   0.0000000e+00   0.0000000e+00   0.0000000e+00   0.0000000e+00   0.0000000e+00   0.0000000e+00
   0.0000000e+00   0.0000000e+00   0.0000000e+00   0.0000000e+00   0.0000000e+00   0.0000000e+00   0.0000000e+00   0.0000000e+00   0.0000000e+00   0.0000000e+00   0.0000000e+00   0.0000000e+00
   0.0000000e+00   0.0000000e+00   0.0000000e+00   0.0000000e+00   0.0000000e+00   0.0000000e+00   0.0000000e+00   0.0000000e+00   0.0000000e+00   0.0000000e+00   0.0000000e+00   0.0000000e+00
   0.0000000e+00   0.0000000e+00   0.0000000e+00   0.0000000e+00   0.0000000e+00   0.0000000e+00   0.0000000e+00   0.0000000e+00   0.0000000e+00   0.0000000e+00   0.0000000e+00   0.0000000e+00
   0.0000000e+00   0.0000000e+00   0.0000000e+00   0.0000000e+00   0.0000000e+00   0.0000000e+00   0.0000000e+00   0.0000000e+00   0.0000000e+00   0.0000000e+00   0.0000000e+00   0.0000000e+00
   0.0000000e+00   0.0000000e+00   0.0000000e+00   0.0000000e+00   0.0000000e+00   0.0000000e+00   0.0000000e+00   0.0000000e+00   0.0000000e+00   0.0000000e+00   0.0000000e+00   0.0000000e+00
   0.0000000e+00   0.0000000e+00   0.0000000e+00   0.0000000e+00   0.0000000e+00   0.0000000e+00   0.0000000e+00   0.0000000e+00   0.0000000e+00   0.0000000e+00   0.0000000e+00   0.0000000e+00
   0.0000000e+00   0.0000000e+00   0.0000000e+00   0.0000000e+00   0.0000000e+00   0.0000000e+00   0.0000000e+00   0.0000000e+00   0.0000000e+00   0.0000000e+00   0.0000000e+00   0.0000000e+00
   0.0000000e+00   0.0000000e+00   0.0000000e+00   0.0000000e+00   0.0000000e+00   0.0000000e+00   0.0000000e+00   0.0000000e+00   0.0000000e+00   0.0000000e+00   0.0000000e+00   0.0000000e+00
   0.0000000e+00   0.0000000e+00   0.0000000e+00   0.0000000e+00   0.0000000e+00   0.0000000e+00   0.0000000e+00   0.0000000e+00   0.0000000e+00   0.0000000e+00   0.0000000e+00   0.0000000e+00
   0.0000000e+00   0.0000000e+00   0.0000000e+00   0.0000000e+00   0.0000000e+00   0.0000000e+00   0.0000000e+00   0.0000000e+00   0.0000000e+00   0.0000000e+00   0.0000000e+00   0.0000000e+00
   0.0000000e+00   0.0000000e+00   0.0000000e+00   0.0000000e+00   0.0000000e+00   0.0000000e+00   0.0000000e+00   0.0000000e+00   0.0000000e+00   0.0000000e+00   0.0000000e+00   0.0000000e+00
   0.0000000e+00   0.0000000e+00   0.0000000e+00   0.0000000e+00   0.0000000e+00   0.0000000e+00   0.0000000e+00   0.0000000e+00   0.0000000e+00   0.0000000e+00   0.0000000e+00   0.0000000e+00
   0.0000000e+00   0.0000000e+00   0.0000000e+00   0.0000000e+00   0.0000000e+00   0.0000000e+00   0.0000000e+00   0.0000000e+00   0.0000000e+00   0.0000000e+00   0.0000000e+00   0.0000000e+00
   0.0000000e+00   0.0000000e+00   0.0000000e+00   0.0000000e+00   0.0000000e+00   0.0000000e+00   0.0000000e+00   0.0000000e+00   0.0000000e+00   0.0000000e+00   0.0000000e+00   0.0000000e+00
   0.0000000e+00   0.0000000e+00   0.0000000e+00   0.0000000e+00   0.0000000e+00   0.0000000e+00   0.0000000e+00   0.0000000e+00   0.0000000e+00   0.0000000e+00   0.0000000e+00   0.0000000e+00
   0.0000000e+00   0.0000000e+00   0.0000000e+00   0.0000000e+00   0.0000000e+00   0.0000000e+00   0.0000000e+00   0.0000000e+00   0.0000000e+00   0.0000000e+00   0.0000000e+00   0.0000000e+00
   0.0000000e+00   0.0000000e+00   0.0000000e+00   0.0000000e+00   0.0000000e+00   0.0000000e+00   0.0000000e+00   0.0000000e+00   0.0000000e+00   0.0000000e+00   0.0000000e+00   0.0000000e+00
   0.0000000e+00   0.0000000e+00   0.0000000e+00   0.0000000e+00   0.0000000e+00   0.0000000e+00   0.0000000e+00   0.0000000e+00   0.0000000e+00   0.0000000e+00   0.0000000e+00   0.0000000e+00
   0.0000000e+00   0.0000000e+00   0.0000000e+00   0.0000000e+00   0.0000000e+00   0.0000000e+00   0.0000000e+00   0.0000000e+00   0.0000000e+00   0.0000000e+00   0.0000000e+00   0.0000000e+00
   0.0000000e+00   0.0000000e+00   0.0000000e+00   0.0000000e+00   0.0000000e+00   0.0000000e+00   0.0000000e+00   0.0000000e+00   0.0000000e+00   0.0000000e+00   0.0000000e+00   0.0000000e+00
   0.0000000e+00   0.0000000e+00   0.0000000e+00   0.0000000e+00   0.0000000e+00   0.0000000e+00   0.0000000e+00   0.0000000e+00   0.0000000e+00   0.0000000e+00   0.0000000e+00   0.0000000e+00
   0.0000000e+00   0.0000000e+00   0.0000000e+00   0.0000000e+00   0.0000000e+00   0.0000000e+00   0.0000000e+00   0.0000000e+00   0.0000000e+00   0.0000000e+00   0.0000000e+00   0.0000000e+00
   0.0000000e+00   0.0000000e+00   0.0000000e+00   0.0000000e+00   0.0000000e+00   0.0000000e+00   0.0000000e+00   0.0000000e+00   0.0000000e+00   0.0000000e+00   0.0000000e+00   0.0000000e+00
   0.0000000e+00   0.0000000e+00   0.0000000e+00   0.0000000e+00   0.0000000e+00   0.0000000e+00   0.0000000e+00   0.0000000e+00   0.0000000e+00   0.0000000e+00   0.0000000e+00   0.0000000e+00
   0.0000000e+00   0.0000000e+00   0.0000000e+00   0.0000000e+00   0.0000000e+00   0.0000000e+00   0.0000000e+00   0.0000000e+00   0.0000000e+00   0.0000000e+00   0.0000000e+00   0.0000000e+00
   3.3064922e+02   1.8000000e+01   1.7000000e+01   1.1300000e+02   2.2000000e+01   1.1000000e+01   1.0333333e+01   4.6000000e+00   2.0000000e+00   6.0000000e+00   1.0000000e+01   4.0000000e+00
   2.3367124e+02   1.7000000e+01   1.5000000e+01   1.1200000e+02   3.5000000e+01   1.7500000e+01   8.4285714e+00   4.0000000e+00   2.0000000e+00   7.0000000e+00   8.0000000e+00   3.9000000e+00
   3.6106226e+02   2.1000000e+01   1.8000000e+01   1.5400000e+02   4.0000000e+01   2.0000000e+01   9.6666667e+00   4.4000000e+00   2.0000000e+00   9.0000000e+00   1.0000000e+01   4.2702703e+00
   4.0645206e+02   2.1000000e+01   1.9000000e+01   1.4700000e+02   2.6000000e+01   1.3000000e+01   1.2666667e+01   4.9230769e+00   2.0000000e+00   6.0000000e+00   1.3000000e+01   4.2777778e+00
   3.1331843e+02   1.9000000e+01   1.7000000e+01   1.4800000e+02   3.4000000e+01   1.7000000e+01   1.2142857e+01   4.5000000e+00   2.0000000e+00   7.0000000e+00   1.0000000e+01   4.6470588e+00
   4.0193589e+02   1.7000000e+01   1.9000000e+01   1.4100000e+02   2.3000000e+01   1.1500000e+01   1.6000000e+01   6.6363636e+00   2.0000000e+00   4.0000000e+00   1.1000000e+01   4.3823529e+00
   3.9765811e+02   1.5000000e+01   1.8000000e+01   1.1600000e+02   3.5000000e+01   1.7500000e+01   9.0000000e+00   6.4285714e+00   2.0000000e+00   6.0000000e+00   7.0000000e+00   3.9032258e+00
   2.8855421e+02   1.5000000e+01   1.6000000e+01   1.0900000e+02   3.5000000e+01   1.7500000e+01   9.5000000e+00   4.5714286e+00   2.0000000e+00   6.0000000e+00   7.0000000e+00   4.0000000e+00
   3.2175372e+02   2.1000000e+01   1.8000000e+01   1.5400000e+02   2.6000000e+01   1.3000000e+01   1.5166667e+01   4.2307692e+00   2.0000000e+00   6.0000000e+00   1.3000000e+01   4.4324324e+00
   2.8078485e+02   1.7000000e+01   1.5000000e+01   1.1200000e+02   2.9000000e+01   1.4500000e+01   1.0666667e+01   3.7777778e+00   2.0000000e+00   6.0000000e+00   9.0000000e+00   4.3214286e+00
   1.9109027e+02   1.4000000e+01   1.6000000e+01   1.0400000e+02   2.6000000e+01   1.2000000e+01   1.3250000e+01   5.3750000e+00   2.0000000e+00   4.0000000e+00   8.0000000e+00   4.0740741e+00
   3.0665374e+02   2.1000000e+01   1.9000000e+01   1.4600000e+02   2.6000000e+01   1.0500000e+01   1.3800000e+01   5.3571429e+00   2.0000000e+00   5.0000000e+00   1.4000000e+01   4.1944444e+00
   2.3311211e+02   1.5000000e+01   1.7000000e+01   1.1700000e+02   3.1000000e+01   1.5500000e+01   1.2000000e+01   5.5000000e+00   2.0000000e+00   5.0000000e+00   8.0000000e+00   4.3448276e+00
   4.7231285e+02   2.4000000e+01   2.0000000e+01   1.5300000e+02   3.9000000e+01   1.9500000e+01   1.2285714e+01   3.2666667e+00   2.0000000e+00   7.0000000e+00   1.5000000e+01   3.9285714e+00
   3.0770137e+02   1.7000000e+01   1.7000000e+01   1.2600000e+02   3.5000000e+01   1.7500000e+01   9.1428571e+00   5.3750000e+00   2.0000000e+00   7.0000000e+00   8.0000000e+00   4.1935484e+00
   3.3433346e+02   1.8000000e+01   1.9000000e+01   1.3700000e+02   3.4000000e+01   1.7000000e+01   1.1571429e+01   4.5555556e+00   2.0000000e+00   7.0000000e+00   9.0000000e+00   4.2352941e+00
   3.0620476e+02   1.5000000e+01   1.5000000e+01   9.9000000e+01   3.3000000e+01   1.6500000e+01   8.6666667e+00   4.0000000e+00   2.0000000e+00   6.0000000e+00   7.0000000e+00   3.7142857e+00
   2.7227903e+02   1.8000000e+01   1.8000000e+01   1.3800000e+02   4.0000000e+01   2.0000000e+01   1.0857143e+01   4.3333333e+00   2.0000000e+00   7.0000000e+00   9.0000000e+00   4.2058824e+00
   3.1889128e+02   2.0000000e+01   2.2000000e+01   1.5600000e+02   3.2000000e+01   1.6000000e+01   1.2333333e+01   5.9166667e+00   2.0000000e+00   6.0000000e+00   1.2000000e+01   4.0512821e+00
   3.4176003e+02   1.5000000e+01   1.7000000e+01   1.1600000e+02   3.0000000e+01   1.5000000e+01   1.1600000e+01   5.5000000e+00   2.0000000e+00   5.0000000e+00   8.0000000e+00   3.9666667e+00
   3.3942115e+02   1.7000000e+01   1.6000000e+01   1.3000000e+02   3.4000000e+01   1.7000000e+01   1.0571429e+01   5.1250000e+00   2.0000000e+00   7.0000000e+00   8.0000000e+00   4.4193548e+00
   2.2134467e+02   1.6000000e+01   1.8000000e+01   1.2100000e+02   2.2000000e+01   1.1000000e+01   1.2800000e+01   5.7777778e+00   2.0000000e+00   5.0000000e+00   9.0000000e+00   4.0322581e+00
   3.2936217e+02   1.9000000e+01   2.0000000e+01   1.2700000e+02   2.4000000e+01   1.2000000e+01   1.2000000e+01   5.5000000e+00   2.0000000e+00   5.0000000e+00   1.2000000e+01   4.0882353e+00
   3.2103371e+02   1.9000000e+01   1.9000000e+01   1.4100000e+02   2.9000000e+01   1.4500000e+01   1.4800000e+01   4.8333333e+00   2.0000000e+00   5.0000000e+00   1.2000000e+01   4.3428571e+00
   4.2197667e+02   1.8000000e+01   2.0000000e+01   1.3300000e+02   3.5000000e+01   1.7500000e+01   1.1833333e+01   4.6000000e+00   2.0000000e+00   6.0000000e+00   1.0000000e+01   3.9714286e+00
   3.7947040e+02   1.5000000e+01   1.8000000e+01   1.1200000e+02   2.5000000e+01   1.2500000e+01   8.3333333e+00   7.8571429e+00   2.0000000e+00   6.0000000e+00   7.0000000e+00   3.8387097e+00
   3.3531884e+02   1.8000000e+01   1.8000000e+01   1.4300000e+02   3.7000000e+01   1.8500000e+01   1.2500000e+01   5.0000000e+00   2.0000000e+00   6.0000000e+00   1.0000000e+01   4.5757576e+00
   2.5500314e+02   2.0000000e+01   2.1000000e+01   1.4400000e+02   2.9000000e+01   1.4500000e+01   1.0571429e+01   5.6363636e+00   2.0000000e+00   7.0000000e+00   1.1000000e+01   4.1081081e+00
   3.5083280e+02   2.0000000e+01   1.9000000e+01   1.4700000e+02   3.7000000e+01   1.8500000e+01   1.2333333e+01   4.5000000e+00   2.0000000e+00   6.0000000e+00   1.2000000e+01   4.1621622e+00
   3.6872370e+02   1.6000000e+01   1.8000000e+01   1.1500000e+02   2.2000000e+01   1.1000000e+01   1.1200000e+01   6.1111111e+00   2.0000000e+00   5.0000000e+00   9.0000000e+00   3.8709677e+00
   3.7010834e+02   1.8000000e+01   1.8000000e+01   1.2300000e+02   3.5000000e+01   1.7500000e+01   1.0666667e+01   4.2000000e+00   2.0000000e+00   6.0000000e+00   1.0000000e+01   3.8484848e+00
   2.2211065e+02   1.8000000e+01   1.8000000e+01   1.2800000e+02   2.7000000e+01   1.2500000e+01   1.3600000e+01   4.7272727e+00   2.0000000e+00   5.0000000e+00   1.1000000e+01   4.0606061e+00
