   1.8786028e+03   4.9000000e+01   7.0000000e+01   4.0400000e+02   4.5000000e+01   2.2500000e+01   2.1444444e+01   6.5526316e+00   2.0000000e+00   9.0000000e+00   3.8000000e+01   4.2589286e+00
   1.8523214e+03   4.3000000e+01   8.0000000e+01   4.1400000e+02   4.7000000e+01   2.3500000e+01   2.1444444e+01   8.1250000e+00   2.0000000e+00   9.0000000e+00   3.2000000e+01   4.2280702e+00
   2.0232925e+03   5.8000000e+01   8.4000000e+01   4.7500000e+02   4.9000000e+01   2.4500000e+01   2.5100000e+01   5.9347826e+00   2.0000000e+00   1.0000000e+01   4.6000000e+01   4.2255639e+00
   2.1664793e+03   5.3000000e+01   8.2000000e+01   4.5400000e+02   4.5000000e+01   2.2500000e+01   2.2900000e+01   6.5365854e+00   2.0000000e+00   1.0000000e+01   4.1000000e+01   4.1269841e+00
   1.9437414e+03   4.2000000e+01   7.1000000e+01   3.7400000e+02   4.7000000e+01   2.3500000e+01   2.0888889e+01   7.3870968e+00   2.0000000e+00   9.0000000e+00   3.1000000e+01   4.3018868e+00
   1.9528372e+03   5.3000000e+01   8.5000000e+01   4.6500000e+02   4.7000000e+01   2.3500000e+01   2.4444444e+01   6.9523810e+00   2.0000000e+00   9.0000000e+00   4.2000000e+01   4.2720000e+00
   2.1975007e+03   5.7000000e+01   9.2000000e+01   5.1200000e+02   4.7000000e+01   2.3500000e+01   2.6000000e+01   6.9333333e+00   2.0000000e+00   1.0000000e+01   4.5000000e+01   4.1489362e+00
   2.2421927e+03   5.2000000e+01   8.5000000e+01   4.8300000e+02   5.1000000e+01   2.5500000e+01   2.5555556e+01   7.2682927e+00   2.0000000e+00   9.0000000e+00   4.1000000e+01   4.2481203e+00
   0.0000000e+00   0.0000000e+00   0.0000000e+00   0.0000000e+00   0.0000000e+00   0.0000000e+00   0.0000000e+00   0.0000000e+00   0.0000000e+00   0.0000000e+00   0.0000000e+00   0.0000000e+00
   0.0000000e+00   0.0000000e+00   0.0000000e+00   0.0000000e+00   0.0000000e+00   0.0000000e+00   0.0000000e+00   0.0000000e+00   0.0000000e+00   0.0000000e+00   0.0000000e+00   0.0000000e+00
   0.0000000e+00   0.0000000e+00   0.0000000e+00   0.0000000e+00   0.0000000e+00   0.0000000e+00   0.0000000e+00   0.0000000e+00   0.0000000e+00   0.0000000e+00   0.0000000e+00   0.0000000e+00
   0.0000000e+00   0.0000000e+00   0.0000000e+00   0.0000000e+00   0.0000000e+00   0.0000000e+00   0.0000000e+00   0.0000000e+00   0.0000000e+00   0.0000000e+00   0.0000000e+00   0.0000000e+00
   0.0000000e+00   0.0000000e+00   0.0000000e+00   0.0000000e+00   0.0000000e+00   0.0000000e+00   0.0000000e+00   0.0000000e+00   0.0000000e+00   0.0000000e+00   0.0000000e+00   0.0000000e+00
   0.0000000e+00   0.0000000e+00   0.0000000e+00   0.0000000e+00   0.0000000e+00   0.0000000e+00   0.0000000e+00   0.0000000e+00   0.0000000e+00   0.0000000e+00   0.0000000e+00   0.0000000e+00
   0.0000000e+00   0.0000000e+00   0.0000000e+00   0.0000000e+00   0.0000000e+00   0.0000000e+00   0.0000000e+00   0.0000000e+00   0.0000000e+00   0.0000000e+00   0.0000000e+00   0.0000000e+00
   0.0000000e+00   0.0000000e+00   0.0000000e+00   0.0000000e+00   0.0000000e+00   0.0000000e+00   0.0000000e+00   0.0000000e+00   0.0000000e+00   0.0000000e+00   0.0000000e+00   0.0000000e+00
   0.0000000e+00   0.0000000e+00   0.0000000e+00   0.0000000e+00   0.0000000e+00   0.0000000e+00   0.0000000e+00   0.0000000e+00   0.0000000e+00   0.0000000e+00   0.0000000e+00   0.0000000e+00
   1.7939756e+03   4.0000000e+01   6.2000000e+01   3.3900000e+02   4.6000000e+01   2.3000000e+01   1.8600000e+01   6.5000000e+00   2.0000000e+00   1.0000000e+01   2.8000000e+01   4.2580645e+00
   1.9389945e+03   5.3000000e+01   7.9000000e+01   4.5600000e+02   4.7000000e+01   2.3500000e+01   2.4300000e+01   6.0487805e+00   2.0000000e+00   1.0000000e+01   4.1000000e+01   4.1093750e+00
   2.2521193e+03   5.4000000e+01   9.0000000e+01   4.7500000e+02   5.0000000e+01   2.5000000e+01   2.2181818e+01   6.7804878e+00   2.0000000e+00   1.1000000e+01   4.1000000e+01   4.0522388e+00
   1.9136161e+03   4.7000000e+01   7.6000000e+01   4.0400000e+02   4.5000000e+01   2.2500000e+01   2.2888889e+01   6.5000000e+00   2.0000000e+00   9.0000000e+00   3.6000000e+01   4.1652174e+00
   2.3666897e+03   5.5000000e+01   9.9000000e+01   4.9500000e+02   4.7000000e+01   2.3500000e+01   2.5111111e+01   7.4318182e+00   2.0000000e+00   9.0000000e+00   4.4000000e+01   4.0567376e+00
   0.0000000e+00   0.0000000e+00   0.0000000e+00   0.0000000e+00   0.0000000e+00   0.0000000e+00   0.0000000e+00   0.0000000e+00   0.0000000e+00   0.0000000e+00   0.0000000e+00   0.0000000e+00
   0.0000000e+00   0.0000000e+00   0.0000000e+00   0.0000000e+00   0.0000000e+00   0.0000000e+00   0.0000000e+00   0.0000000e+00   0.0000000e+00   0.0000000e+00   0.0000000e+00   0.0000000e+00
   0.0000000e+00   0.0000000e+00   0.0000000e+00   0.0000000e+00   0.0000000e+00   0.0000000e+00   0.0000000e+00   0.0000000e+00   0.0000000e+00   0.0000000e+00   0.0000000e+00   0.0000000e+00
   0.0000000e+00   0.0000000e+00   0.0000000e+00   0.0000000e+00   0.0000000e+00   0.0000000e+00   0.0000000e+00   0.0000000e+00   0.0000000e+00   0.0000000e+00   0.0000000e+00   0.0000000e+00
   0.0000000e+00   0.0000000e+00   0.0000000e+00   0.0000000e+00   0.0000000e+00   0.0000000e+00   0.0000000e+00   0.0000000e+00   0.0000000e+00   0.0000000e+00   0.0000000e+00   0.0000000e+00
   0.0000000e+00   0.0000000e+00   0.0000000e+00   0.0000000e+00   0.0000000e+00   0.0000000e+00   0.0000000e+00   0.0000000e+00   0.0000000e+00   0.0000000e+00   0.0000000e+00   0.0000000e+00
   0.0000000e+00   0.0000000e+00   0.0000000e+00   0.0000000e+00   0.0000000e+00   0.0000000e+00   0.0000000e+00   0.0000000e+00   0.0000000e+00   0.0000000e+00   0.0000000e+00   0.0000000e+00
   0.0000000e+00   0.0000000e+00   0.0000000e+00   0.0000000e+00   0.0000000e+00   0.0000000e+00   0.0000000e+00   0.0000000e+00   0.0000000e+00   0.0000000e+00   0.0000000e+00   0.0000000e+00
   0.0000000e+00   0.0000000e+00   0.0000000e+00   0.0000000e+00   0.0000000e+00   0.0000000e+00   0.0000000e+00   0.0000000e+00   0.0000000e+00   0.0000000e+00   0.0000000e+00   0.0000000e+00
   0.0000000e+00   0.0000000e+00   0.0000000e+00   0.0000000e+00   0.0000000e+00   0.0000000e+00   0.0000000e+00   0.0000000e+00   0.0000000e+00   0.0000000e+00   0.0000000e+00   0.0000000e+00
   0.0000000e+00   0.0000000e+00   0.0000000e+00   0.0000000e+00   0.0000000e+00   0.0000000e+00   0.0000000e+00   0.0000000e+00   0.0000000e+00   0.0000000e+00   0.0000000e+00   0.0000000e+00
   0.0000000e+00   0.0000000e+00   0.0000000e+00   0.0000000e+00   0.0000000e+00   0.0000000e+00   0.0000000e+00   0.0000000e+00   0.0000000e+00   0.0000000e+00   0.0000000e+00   0.0000000e+00
   0.0000000e+00   0.0000000e+00   0.0000000e+00   0.0000000e+00   0.0000000e+00   0.0000000e+00   0.0000000e+00   0.0000000e+00   0.0000000e+00   0.0000000e+00   0.0000000e+00   0.0000000e+00
   0.0000000e+00   0.0000000e+00   0.0000000e+00   0.0000000e+00   0.0000000e+00   0.0000000e+00   0.0000000e+00   0.0000000e+00   0.0000000e+00   0.0000000e+00   0.0000000e+00   0.0000000e+00
   2.5366174e+03   5.4000000e+01   9.6000000e+01   4.9200000e+02   4.9000000e+01   2.4500000e+01   2.4400000e+01   7.4761905e+00   2.0000000e+00   1.0000000e+01   4.2000000e+01   4.1151079e+00
   2.4344633e+03   5.2000000e+01   9.2000000e+01   4.8500000e+02   4.7000000e+01   2.3500000e+01   2.2363636e+01   7.5128205e+00   2.0000000e+00   1.1000000e+01   3.9000000e+01   4.2164179e+00
   1.6597106e+03   4.1000000e+01   7.1000000e+01   3.6700000e+02   4.9000000e+01   2.4500000e+01   2.1333333e+01   6.7000000e+00   2.0000000e+00   9.0000000e+00   3.0000000e+01   4.1359223e+00
   2.2751536e+03   5.3000000e+01   9.8000000e+01   5.0200000e+02   4.9000000e+01   2.4500000e+01   2.8000000e+01   7.6511628e+00   2.0000000e+00   8.0000000e+00   4.3000000e+01   4.2105263e+00
   1.8838210e+03   4.5000000e+01   7.4000000e+01   3.9800000e+02   4.9000000e+01   2.4500000e+01   2.3250000e+01   7.2285714e+00   2.0000000e+00   8.0000000e+00   3.5000000e+01   4.2201835e+00
   0.0000000e+00   0.0000000e+00   0.0000000e+00   0.0000000e+00   0.0000000e+00   0.0000000e+00   0.0000000e+00   0.0000000e+00   0.0000000e+00   0.0000000e+00   0.0000000e+00   0.0000000e+00
   0.0000000e+00   0.0000000e+00   0.0000000e+00   0.0000000e+00   0.0000000e+00   0.0000000e+00   0.0000000e+00   0.0000000e+00   0.0000000e+00   0.0000000e+00   0.0000000e+00   0.0000000e+00
   0.0000000e+00   0.0000000e+00   0.0000000e+00   0.0000000e+00   0.0000000e+00   0.0000000e+00   0.0000000e+00   0.0000000e+00   0.0000000e+00   0.0000000e+00   0.0000000e+00   0.0000000e+00
   0.0000000e+00   0.0000000e+00   0.0000000e+00   0.0000000e+00   0.0000000e+00   0.0000000e+00   0.0000000e+00   0.0000000e+00   0.0000000e+00   0.0000000e+00   0.0000000e+00   0.0000000e+00
   0.0000000e+00   0.0000000e+00   0.0000000e+00   0.0000000e+00   0.0000000e+00   0.0000000e+00   0.0000000e+00   0.0000000e+00   0.0000000e+00   0.0000000e+00   0.0000000e+00   0.0000000e+00
   0.0000000e+00   0.0000000e+00   0.0000000e+00   0.0000000e+00   0.0000000e+00   0.0000000e+00   0.0000000e+00   0.0000000e+00   0.0000000e+00   0.0000000e+00   0.0000000e+00   0.0000000e+00
   0.0000000e+00   0.0000000e+00   0.0000000e+00   0.0000000e+00   0.0000000e+00   0.0000000e+00   0.0000000e+00   0.0000000e+00   0.0000000e+00   0.0000000e+00   0.0000000e+00   0.0000000e+00
   0.0000000e+00   0.0000000e+00   0.0000000e+00   0.0000000e+00   0.0000000e+00   0.0000000e+00   0.0000000e+00   0.0000000e+00   0.0000000e+00   0.0000000e+00   0.0000000e+00   0.0000000e+00
   0.0000000e+00   0.0000000e+00   0.0000000e+00   0.0000000e+00   0.0000000e+00   0.0000000e+00   0.0000000e+00   0.0000000e+00   0.0000000e+00   0.0000000e+00   0.0000000e+00   0.0000000e+00
   0.0000000e+00   0.0000000e+00   0.0000000e+00   0.0000000e+00   0.0000000e+00   0.0000000e+00   0.0000000e+00   0.0000000e+00   0.0000000e+00   0.0000000e+00   0.0000000e+00   0.0000000e+00
   0.0000000e+00   0.0000000e+00   0.0000000e+00   0.0000000e+00   0.0000000e+00   0.0000000e+00   0.0000000e+00   0.0000000e+00   0.0000000e+00   0.0000000e+00   0.0000000e+00   0.0000000e+00
   0.0000000e+00   0.0000000e+00   0.0000000e+00   0.0000000e+00   0.0000000e+00   0.0000000e+00   0.0000000e+00   0.0000000e+00   0.0000000e+00   0.0000000e+00   0.0000000e+00   0.0000000e+00
   0.0000000e+00   0.0000000e+00   0.0000000e+00   0.0000000e+00   0.0000000e+00   0.0000000e+00   0.0000000e+00   0.0000000e+00   0.0000000e+00   0.0000000e+00   0.0000000e+00   0.0000000e+00
   0.0000000e+00   0.0000000e+00   0.0000000e+00   0.0000000e+00   0.0000000e+00   0.0000000e+00   0.0000000e+00   0.0000000e+00   0.0000000e+00   0.0000000e+00   0.0000000e+00   0.0000000e+00
   2.4360171e+03   5.5000000e+01   7.7000000e+01   4.5700000e+02   4.5000000e+01   2.2500000e+01   2.2100000e+01   6.5116279e+00   2.0000000e+00   1.0000000e+01   4.3000000e+01   4.1171875e+00
   2.1385838e+03   4.2000000e+01   7.0000000e+01   3.8400000e+02   4.8000000e+01   2.4000000e+01   2.1000000e+01   7.4193548e+00   2.0000000e+00   9.0000000e+00   3.1000000e+01   4.1481481e+00
   1.4455399e+03   4.0000000e+01   5.8000000e+01   3.1700000e+02   4.7000000e+01   2.3500000e+01   1.9222222e+01   5.6896552e+00   2.0000000e+00   9.0000000e+00   2.9000000e+01   4.0760870e+00
   2.1848784e+03   4.8000000e+01   8.6000000e+01   4.1800000e+02   4.6000000e+01   2.3000000e+01   2.2888889e+01   7.0000000e+00   2.0000000e+00   9.0000000e+00   3.7000000e+01   4.0247934e+00
   1.6428422e+03   4.8000000e+01   6.6000000e+01   4.0100000e+02   4.5000000e+01   2.2500000e+01   2.0800000e+01   6.2777778e+00   2.0000000e+00   1.0000000e+01   3.6000000e+01   4.2752294e+00
   0.0000000e+00   0.0000000e+00   0.0000000e+00   0.0000000e+00   0.0000000e+00   0.0000000e+00   0.0000000e+00   0.0000000e+00   0.0000000e+00   0.0000000e+00   0.0000000e+00   0.0000000e+00
   0.0000000e+00   0.0000000e+00   0.0000000e+00   0.0000000e+00   0.0000000e+00   0.0000000e+00   0.0000000e+00   0.0000000e+00   0.0000000e+00   0.0000000e+00   0.0000000e+00   0.0000000e+00
   0.0000000e+00   0.0000000e+00   0.0000000e+00   0.0000000e+00   0.0000000e+00   0.0000000e+00   0.0000000e+00   0.0000000e+00   0.0000000e+00   0.0000000e+00   0.0000000e+00   0.0000000e+00
   0.0000000e+00   0.0000000e+00   0.0000000e+00   0.0000000e+00   0.0000000e+00   0.0000000e+00   0.0000000e+00   0.0000000e+00   0.0000000e+00   0.0000000e+00   0.0000000e+00   0.0000000e+00
   0.0000000e+00   0.0000000e+00   0.0000000e+00   0.0000000e+00   0.0000000e+00   0.0000000e+00   0.0000000e+00   0.0000000e+00   0.0000000e+00   0.0000000e+00   0.0000000e+00   0.0000000e+00
   0.0000000e+00   0.0000000e+00   0.0000000e+00   0.0000000e+00   0.0000000e+00   0.0000000e+00   0.0000000e+00   0.0000000e+00   0.0000000e+00   0.0000000e+00   0.0000000e+00   0.0000000e+00
   0.0000000e+00   0.0000000e+00   0.0000000e+00   0.0000000e+00   0.0000000e+00   0.0000000e+00   0.0000000e+00   0.0000000e+00   0.0000000e+00   0.0000000e+00   0.0000000e+00   0.0000000e+00
   0.0000000e+00   0.0000000e+00   0.0000000e+00   0.0000000e+00   0.0000000e+00   0.0000000e+00   0.0000000e+00   0.0000000e+00   0.0000000e+00   0.0000000e+00   0.0000000e+00   0.0000000e+00
   1.7193584e+03   4.5000000e+01   6.2000000e+01   3.8400000e+02   4.3000000e+01   2.1500000e+01   2.0200000e+01   6.3030303e+00   2.0000000e+00   1.0000000e+01   3.3000000e+01   4.3529412e+00
   2.1234020e+03   4.6000000e+01   8.5000000e+01   4.4100000e+02   4.8000000e+01   2.4000000e+01   2.6125000e+01   7.6111111e+00   2.0000000e+00   8.0000000e+00   3.6000000e+01   4.1404959e+00
   1.5794738e+03   4.4000000e+01   5.7000000e+01   3.5300000e+02   4.8000000e+01   2.4000000e+01   2.4125000e+01   5.4117647e+00   2.0000000e+00   8.0000000e+00   3.4000000e+01   4.3368421e+00
   2.2121298e+03   5.2000000e+01   9.5000000e+01   5.0600000e+02   4.7000000e+01   2.3500000e+01   2.9500000e+01   7.6428571e+00   2.0000000e+00   8.0000000e+00   4.2000000e+01   4.1555556e+00
   1.5389059e+03   4.9000000e+01   7.4000000e+01   4.1500000e+02   4.9000000e+01   2.4500000e+01   2.4444444e+01   5.8947368e+00   2.0000000e+00   9.0000000e+00   3.8000000e+01   4.1842105e+00
   0.0000000e+00   0.0000000e+00   0.0000000e+00   0.0000000e+00   0.0000000e+00   0.0000000e+00   0.0000000e+00   0.0000000e+00   0.0000000e+00   0.0000000e+00   0.0000000e+00   0.0000000e+00
   0.0000000e+00   0.0000000e+00   0.0000000e+00   0.0000000e+00   0.0000000e+00   0.0000000e+00   0.0000000e+00   0.0000000e+00   0.0000000e+00   0.0000000e+00   0.0000000e+00   0.0000000e+00
   0.0000000e+00   0.0000000e+00   0.0000000e+00   0.0000000e+00   0.0000000e+00   0.0000000e+00   0.0000000e+00   0.0000000e+00   0.0000000e+00   0.0000000e+00   0.0000000e+00   0.0000000e+00
   0.0000000e+00   0.0000000e+00   0.0000000e+00   0.0000000e+00   0.0000000e+00   0.0000000e+00   0.0000000e+00   0.0000000e+00   0.0000000e+00   0.0000000e+00   0.0000000e+00   0.0000000e+00
   0.0000000e+00   0.0000000e+00   0.0000000e+00   0.0000000e+00   0.0000000e+00   0.0000000e+00   0.0000000e+00   0.0000000e+00   0.0000000e+00   0.0000000e+00   0.0000000e+00   0.0000000e+00
   0.0000000e+00   0.0000000e+00   0.0000000e+00   0.0000000e+00   0.0000000e+00   0.0000000e+00   0.0000000e+00   0.0000000e+00   0.0000000e+00   0.0000000e+00   0.0000000e+00   0.0000000e+00
   0.0000000e+00   0.0000000e+00   0.0000000e+00   0.0000000e+00   0.0000000e+00   0.0000000e+00   0.0000000e+00   0.0000000e+00   0.0000000e+00   0.0000000e+00   0.0000000e+00   0.0000000e+00
   2.7093773e+03   5.5000000e+01   9.6000000e+01   4.9900000e+02   4.6000000e+01   2.3000000e+01   2.6000000e+01   7.3636364e+00   2.0000000e+00   9.0000000e+00   4.4000000e+01   4.1086957e+00
   1.5867817e+03   5.1000000e+01   7.4000000e+01   4.1900000e+02   4.6000000e+01   2.3000000e+01   2.3700000e+01   5.5384615e+00   2.0000000e+00   1.0000000e+01   3.9000000e+01   4.1637931e+00
   2.0736313e+03   5.1000000e+01   7.6000000e+01   4.1800000e+02   4.9000000e+01   2.4500000e+01   2.0600000e+01   6.4358974e+00   2.0000000e+00   1.0000000e+01   3.9000000e+01   4.1864407e+00
   2.1212144e+03   5.8000000e+01   8.4000000e+01   4.7500000e+02   4.6000000e+01   2.3000000e+01   2.4545455e+01   5.8000000e+00   2.0000000e+00   1.1000000e+01   4.5000000e+01   4.1641791e+00
   1.9813145e+03   5.2000000e+01   9.2000000e+01   4.4500000e+02   4.8000000e+01   2.4000000e+01   2.3666667e+01   7.1951220e+00   2.0000000e+00   9.0000000e+00   4.1000000e+01   4.0534351e+00
   0.0000000e+00   0.0000000e+00   0.0000000e+00   0.0000000e+00   0.0000000e+00   0.0000000e+00   0.0000000e+00   0.0000000e+00   0.0000000e+00   0.0000000e+00   0.0000000e+00   0.0000000e+00
   0.0000000e+00   0.0000000e+00   0.0000000e+00   0.0000000e+00   0.0000000e+00   0.0000000e+00   0.0000000e+00   0.0000000e+00   0.0000000e+00   0.0000000e+00   0.0000000e+00   0.0000000e+00
   0.0000000e+00   0.0000000e+00   0.0000000e+00   0.0000000e+00   0.0000000e+00   0.0000000e+00   0.0000000e+00   0.0000000e+00   0.0000000e+00   0.0000000e+00   0.0000000e+00   0.0000000e+00
   2.4264114e+03   5.2000000e+01   8.6000000e+01   4.8400000e+02   4.8000000e+01   2.4000000e+01   2.7000000e+01   6.8780488e+00   2.0000000e+00   9.0000000e+00   4.1000000e+01   4.2748092e+00
   1.7225863e+03   4.8000000e+01   7.1000000e+01   3.9300000e+02   4.9000000e+01   2.4500000e+01   2.1444444e+01   6.3783784e+00   2.0000000e+00   9.0000000e+00   3.7000000e+01   4.2201835e+00
   2.1132284e+03   5.6000000e+01   8.9000000e+01   4.8400000e+02   4.9000000e+01   2.4500000e+01   2.6100000e+01   6.5681818e+00   2.0000000e+00   1.0000000e+01   4.4000000e+01   4.1838235e+00
   1.9097464e+03   4.7000000e+01   7.7000000e+01   4.3200000e+02   4.7000000e+01   2.3500000e+01   2.4875000e+01   7.3783784e+00   2.0000000e+00   8.0000000e+00   3.7000000e+01   4.2844828e+00
   2.3378603e+03   5.5000000e+01   8.7000000e+01   4.6700000e+02   4.9000000e+01   2.4500000e+01   2.3777778e+01   7.0454545e+00   2.0000000e+00   9.0000000e+00   4.4000000e+01   4.3023256e+00
   2.2862887e+03   5.0000000e+01   8.8000000e+01   4.7600000e+02   4.8000000e+01   2.4000000e+01   2.8500000e+01   7.6000000e+00   2.0000000e+00   8.0000000e+00   4.0000000e+01   4.2913386e+00
   0.0000000e+00   0.0000000e+00   0.0000000e+00   0.0000000e+00   0.0000000e+00   0.0000000e+00   0.0000000e+00   0.0000000e+00   0.0000000e+00   0.0000000e+00   0.0000000e+00   0.0000000e+00
   0.0000000e+00   0.0000000e+00   0.0000000e+00   0.0000000e+00   0.0000000e+00   0.0000000e+00   0.0000000e+00   0.0000000e+00   0.0000000e+00   0.0000000e+00   0.0000000e+00   0.0000000e+00
   2.6238192e+03   4.9000000e+01   9.4000000e+01   4.9100000e+02   4.8000000e+01   2.4000000e+01   2.4000000e+01   8.7894737e+00   2.0000000e+00   9.0000000e+00   3.8000000e+01   4.2330827e+00
   2.3425579e+03   5.3000000e+01   9.6000000e+01   5.0800000e+02   4.9000000e+01   2.4500000e+01   2.6666667e+01   7.9285714e+00   2.0000000e+00   9.0000000e+00   4.2000000e+01   4.2148148e+00
   2.3333012e+03   5.2000000e+01   8.3000000e+01   4.7300000e+02   5.0000000e+01   2.5000000e+01   2.6444444e+01   6.6829268e+00   2.0000000e+00   9.0000000e+00   4.1000000e+01   4.3416667e+00
   2.3275904e+03   4.9000000e+01   8.1000000e+01   4.4900000e+02   4.9000000e+01   2.4500000e+01   2.5000000e+01   6.9473684e+00   2.0000000e+00   9.0000000e+00   3.8000000e+01   4.2184874e+00
