   1.2506099e+03   2.8000000e+01   3.6000000e+01   5.4000000e+02   5.8000000e+01   2.9000000e+01   3.4000000e+01   1.4277778e+01   2.0000000e+00   8.0000000e+00   1.8000000e+01   1.0836066e+01
   1.1713332e+03   2.3000000e+01   4.1000000e+01   4.9000000e+02   6.4000000e+01   3.2000000e+01   3.5200000e+01   1.8750000e+01   2.0000000e+00   5.0000000e+00   1.6000000e+01   1.0366667e+01
   1.0303678e+03   2.6000000e+01   4.0000000e+01   5.8000000e+02   6.4000000e+01   3.2000000e+01   3.6833333e+01   1.8777778e+01   2.0000000e+00   6.0000000e+00   1.8000000e+01   1.1703125e+01
   8.8847440e+02   2.6000000e+01   3.1000000e+01   4.7000000e+02   6.2000000e+01   3.1000000e+01   3.0500000e+01   1.4333333e+01   2.0000000e+00   6.0000000e+00   1.8000000e+01   1.0211538e+01
   1.1015934e+03   2.8000000e+01   4.5000000e+01   5.8600000e+02   6.8000000e+01   3.4000000e+01   3.9833333e+01   1.6350000e+01   2.0000000e+00   6.0000000e+00   2.0000000e+01   1.0985075e+01
   1.2921136e+03   2.6000000e+01   5.0000000e+01   6.1800000e+02   6.9000000e+01   3.4500000e+01   3.8166667e+01   2.0666667e+01   2.0000000e+00   6.0000000e+00   1.8000000e+01   1.0643836e+01
   1.2554180e+03   3.0000000e+01   4.1000000e+01   5.5900000e+02   5.9000000e+01   2.9500000e+01   4.1333333e+01   1.3681818e+01   2.0000000e+00   6.0000000e+00   2.2000000e+01   1.1276923e+01
   1.0428857e+03   2.8000000e+01   4.0000000e+01   5.2900000e+02   5.8000000e+01   2.9000000e+01   3.2000000e+01   1.5421053e+01   2.0000000e+00   7.0000000e+00   1.9000000e+01   1.0661538e+01
   1.3433752e+03   2.4000000e+01   4.3000000e+01   5.4800000e+02   6.1000000e+01   3.0500000e+01   4.7750000e+01   1.9500000e+01   2.0000000e+00   4.0000000e+00   1.8000000e+01   1.0153846e+01
   1.3005094e+03   3.0000000e+01   4.8000000e+01   5.9600000e+02   6.2000000e+01   3.1000000e+01   3.7666667e+01   1.6727273e+01   2.0000000e+00   6.0000000e+00   2.2000000e+01   1.0506849e+01
   1.0435289e+03   2.9000000e+01   4.2000000e+01   5.7100000e+02   6.1000000e+01   3.0500000e+01   3.3000000e+01   1.6550000e+01   2.0000000e+00   7.0000000e+00   2.0000000e+01   1.0880597e+01
   8.9934737e+02   2.5000000e+01   3.1000000e+01   4.7900000e+02   6.4000000e+01   3.2000000e+01   4.0800000e+01   1.3888889e+01   2.0000000e+00   5.0000000e+00   1.8000000e+01   1.0849057e+01
   9.9789099e+02   2.2000000e+01   3.5000000e+01   5.2500000e+02   6.3000000e+01   3.1500000e+01   4.1200000e+01   1.9666667e+01   2.0000000e+00   5.0000000e+00   1.5000000e+01   1.1537037e+01
   1.0887215e+03   2.3000000e+01   3.9000000e+01   5.6100000e+02   6.9000000e+01   3.4500000e+01   4.3800000e+01   1.9625000e+01   2.0000000e+00   5.0000000e+00   1.6000000e+01   1.1152542e+01
   9.8377881e+02   2.4000000e+01   4.0000000e+01   6.0100000e+02   6.6000000e+01   3.3000000e+01   4.2000000e+01   2.0437500e+01   2.0000000e+00   6.0000000e+00   1.6000000e+01   1.1750000e+01
   1.2981547e+03   2.8000000e+01   3.9000000e+01   5.7800000e+02   6.4000000e+01   3.2000000e+01   3.7000000e+01   1.6950000e+01   2.0000000e+00   6.0000000e+00   2.0000000e+01   1.0746032e+01
   1.1679782e+03   2.8000000e+01   3.9000000e+01   4.8800000e+02   5.9000000e+01   2.9500000e+01   2.8714286e+01   1.4105263e+01   2.0000000e+00   7.0000000e+00   1.9000000e+01   1.0461538e+01
   1.1027348e+03   2.2000000e+01   4.0000000e+01   5.3800000e+02   6.9000000e+01   3.4500000e+01   4.1400000e+01   2.0600000e+01   2.0000000e+00   5.0000000e+00   1.5000000e+01   1.1192982e+01
   1.4011860e+03   3.1000000e+01   4.3000000e+01   6.2100000e+02   5.8000000e+01   2.9000000e+01   3.7142857e+01   1.6090909e+01   2.0000000e+00   7.0000000e+00   2.2000000e+01   1.0542857e+01
   1.3582675e+03   2.7000000e+01   4.1000000e+01   5.7200000e+02   6.4000000e+01   3.2000000e+01   3.5000000e+01   1.7055556e+01   2.0000000e+00   7.0000000e+00   1.8000000e+01   1.0250000e+01
   1.1309358e+03   2.6000000e+01   4.4000000e+01   6.1200000e+02   6.9000000e+01   3.4500000e+01   4.2800000e+01   1.9894737e+01   2.0000000e+00   5.0000000e+00   1.9000000e+01   1.1287879e+01
   1.1994197e+03   2.3000000e+01   3.6000000e+01   4.9100000e+02   6.3000000e+01   3.1500000e+01   3.4600000e+01   1.8437500e+01   2.0000000e+00   5.0000000e+00   1.6000000e+01   1.0649123e+01
   9.3725610e+02   2.6000000e+01   3.7000000e+01   5.4500000e+02   6.0000000e+01   3.0000000e+01   4.1166667e+01   1.5944444e+01   2.0000000e+00   6.0000000e+00   1.8000000e+01   1.1450000e+01
   1.4071027e+03   2.8000000e+01   4.3000000e+01   5.6200000e+02   6.4000000e+01   3.2000000e+01   3.7000000e+01   1.6500000e+01   2.0000000e+00   6.0000000e+00   2.0000000e+01   1.0220588e+01
   1.0515921e+03   2.9000000e+01   3.7000000e+01   5.3000000e+02   6.0000000e+01   3.0000000e+01   3.2000000e+01   1.5238095e+01   2.0000000e+00   6.0000000e+00   2.1000000e+01   1.0857143e+01
   1.0953806e+03   2.7000000e+01   3.8000000e+01   5.6600000e+02   6.2000000e+01   3.1000000e+01   4.0000000e+01   1.6421053e+01   2.0000000e+00   6.0000000e+00   1.9000000e+01   1.1349206e+01
   1.2950651e+03   2.5000000e+01   4.3000000e+01   5.8500000e+02   5.6000000e+01   2.8000000e+01   4.5200000e+01   1.9611111e+01   2.0000000e+00   5.0000000e+00   1.8000000e+01   1.0692308e+01
   1.0772919e+03   2.4000000e+01   3.9000000e+01   5.3600000e+02   6.8000000e+01   3.4000000e+01   4.2600000e+01   1.7941176e+01   2.0000000e+00   5.0000000e+00   1.7000000e+01   1.1016667e+01
   9.2540853e+02   1.9000000e+01   3.3000000e+01   4.7600000e+02   6.6000000e+01   3.3000000e+01   3.9400000e+01   2.0583333e+01   2.0000000e+00   5.0000000e+00   1.2000000e+01   1.1460000e+01
   9.5449161e+02   2.4000000e+01   4.1000000e+01   5.9700000e+02   6.8000000e+01   3.4000000e+01   3.4857143e+01   2.2400000e+01   2.0000000e+00   7.0000000e+00   1.5000000e+01   1.1967213e+01
   1.1765766e+03   3.0000000e+01   4.4000000e+01   6.0000000e+02   5.7000000e+01   2.8500000e+01   3.8333333e+01   1.6318182e+01   2.0000000e+00   6.0000000e+00   2.2000000e+01   1.0442857e+01
   1.2178699e+03   2.7000000e+01   4.6000000e+01   6.1100000e+02   6.6000000e+01   3.3000000e+01   4.2166667e+01   1.8052632e+01   2.0000000e+00   6.0000000e+00   1.9000000e+01   1.0600000e+01
   1.0513169e+03   2.8000000e+01   4.0000000e+01   5.4000000e+02   5.9000000e+01   2.9500000e+01   3.4166667e+01   1.6450000e+01   2.0000000e+00   6.0000000e+00   2.0000000e+01   1.1140625e+01
   1.1728188e+03   2.7000000e+01   4.0000000e+01   5.5900000e+02   6.2000000e+01   3.1000000e+01   3.9500000e+01   1.6052632e+01   2.0000000e+00   6.0000000e+00   1.9000000e+01   1.0400000e+01
   1.1221991e+03   2.7000000e+01   3.9000000e+01   6.1100000e+02   6.3000000e+01   3.1500000e+01   3.9500000e+01   1.8947368e+01   2.0000000e+00   6.0000000e+00   1.9000000e+01   1.1634921e+01
   8.3368617e+02   2.6000000e+01   3.7000000e+01   5.4300000e+02   6.3000000e+01   3.1500000e+01   3.5333333e+01   1.7166667e+01   2.0000000e+00   6.0000000e+00   1.8000000e+01   1.1214286e+01
   1.1101948e+03   2.7000000e+01   4.0000000e+01   6.1100000e+02   6.3000000e+01   3.1500000e+01   3.6285714e+01   1.9111111e+01   2.0000000e+00   7.0000000e+00   1.8000000e+01   1.1612903e+01
   1.0941419e+03   2.6000000e+01   3.7000000e+01   5.2700000e+02   6.0000000e+01   3.0000000e+01   3.9000000e+01   1.5055556e+01   2.0000000e+00   6.0000000e+00   1.8000000e+01   1.0551724e+01
   1.2654032e+03   2.7000000e+01   4.3000000e+01   6.0700000e+02   6.6000000e+01   3.3000000e+01   3.7285714e+01   1.8111111e+01   2.0000000e+00   7.0000000e+00   1.8000000e+01   1.1136364e+01
   1.3487169e+03   2.5000000e+01   4.6000000e+01   5.9400000e+02   6.8000000e+01   3.4000000e+01   3.9333333e+01   2.0470588e+01   2.0000000e+00   6.0000000e+00   1.7000000e+01   1.0808824e+01
   1.1355541e+03   3.1000000e+01   3.8000000e+01   5.8000000e+02   6.1000000e+01   3.0500000e+01   3.7500000e+01   1.4652174e+01   2.0000000e+00   6.0000000e+00   2.3000000e+01   1.0661538e+01
   1.1562316e+03   2.6000000e+01   4.3000000e+01   5.7500000e+02   6.3000000e+01   3.1500000e+01   3.9666667e+01   1.8222222e+01   2.0000000e+00   6.0000000e+00   1.8000000e+01   1.0830769e+01
   1.1247231e+03   2.6000000e+01   3.8000000e+01   5.6300000e+02   6.7000000e+01   3.3500000e+01   3.9333333e+01   1.7000000e+01   2.0000000e+00   6.0000000e+00   1.8000000e+01   1.1278689e+01
   1.3086409e+03   3.2000000e+01   4.6000000e+01   5.9400000e+02   5.9000000e+01   2.9500000e+01   3.0875000e+01   1.5636364e+01   2.0000000e+00   8.0000000e+00   2.2000000e+01   1.0500000e+01
   8.5026185e+02   2.3000000e+01   3.7000000e+01   5.1700000e+02   6.1000000e+01   3.0500000e+01   3.3166667e+01   2.0066667e+01   2.0000000e+00   6.0000000e+00   1.5000000e+01   1.1037037e+01
   1.0200003e+03   2.7000000e+01   3.1000000e+01   4.8800000e+02   6.1000000e+01   3.0500000e+01   2.9857143e+01   1.4111111e+01   2.0000000e+00   7.0000000e+00   1.8000000e+01   1.0714286e+01
   1.0656358e+03   2.6000000e+01   3.6000000e+01   5.6300000e+02   6.2000000e+01   3.1000000e+01   3.6333333e+01   1.8666667e+01   2.0000000e+00   6.0000000e+00   1.8000000e+01   1.1169492e+01
   1.0753459e+03   2.7000000e+01   4.2000000e+01   5.5600000e+02   6.7000000e+01   3.3500000e+01   3.7800000e+01   1.8000000e+01   2.0000000e+00   5.0000000e+00   2.0000000e+01   1.1000000e+01
   1.1022090e+03   2.6000000e+01   3.9000000e+01   5.0400000e+02   6.3000000e+01   3.1500000e+01   3.3666667e+01   1.5777778e+01   2.0000000e+00   6.0000000e+00   1.8000000e+01   1.0932203e+01
   1.0583780e+03   2.3000000e+01   3.7000000e+01   5.2500000e+02   7.0000000e+01   3.5000000e+01   3.4666667e+01   1.9200000e+01   2.0000000e+00   6.0000000e+00   1.5000000e+01   1.1070175e+01
   9.6555863e+02   2.3000000e+01   3.3000000e+01   5.1800000e+02   6.5000000e+01   3.2500000e+01   3.3666667e+01   1.9133333e+01   2.0000000e+00   6.0000000e+00   1.5000000e+01   1.1370370e+01
   1.0709599e+03   2.7000000e+01   4.0000000e+01   5.6600000e+02   6.2000000e+01   3.1000000e+01   3.6333333e+01   1.7473684e+01   2.0000000e+00   6.0000000e+00   1.9000000e+01   1.1250000e+01
   8.6164814e+02   2.3000000e+01   3.4000000e+01   4.9500000e+02   6.1000000e+01   3.0500000e+01   3.4800000e+01   1.8937500e+01   2.0000000e+00   5.0000000e+00   1.6000000e+01   1.0907407e+01
   1.1800546e+03   2.2000000e+01   4.2000000e+01   5.5000000e+02   6.8000000e+01   3.4000000e+01   4.0600000e+01   2.1533333e+01   2.0000000e+00   5.0000000e+00   1.5000000e+01   1.0758065e+01
   1.2664530e+03   2.9000000e+01   4.4000000e+01   5.9000000e+02   5.9000000e+01   2.9500000e+01   3.4428571e+01   1.7250000e+01   2.0000000e+00   7.0000000e+00   2.0000000e+01   1.0927536e+01
   1.0423510e+03   2.6000000e+01   4.1000000e+01   5.8500000e+02   5.8000000e+01   2.9000000e+01   4.1000000e+01   1.9315789e+01   2.0000000e+00   5.0000000e+00   1.9000000e+01   1.0953125e+01
   1.0459842e+03   3.1000000e+01   4.0000000e+01   5.4200000e+02   5.6000000e+01   2.8000000e+01   3.1750000e+01   1.3333333e+01   2.0000000e+00   8.0000000e+00   2.1000000e+01   1.0426471e+01
   1.0092853e+03   2.8000000e+01   4.0000000e+01   5.8600000e+02   6.6000000e+01   3.3000000e+01   3.5000000e+01   1.7750000e+01   2.0000000e+00   6.0000000e+00   2.0000000e+01   1.1354839e+01
   1.0928479e+03   2.5000000e+01   3.8000000e+01   5.3700000e+02   6.2000000e+01   3.1000000e+01   3.7000000e+01   1.7647059e+01   2.0000000e+00   6.0000000e+00   1.7000000e+01   1.0711864e+01
   1.1053090e+03   3.1000000e+01   3.8000000e+01   5.5400000e+02   5.9000000e+01   2.9500000e+01   3.4500000e+01   1.4304348e+01   2.0000000e+00   6.0000000e+00   2.3000000e+01   1.0469697e+01
   8.6480159e+02   2.2000000e+01   3.2000000e+01   5.0700000e+02   6.7000000e+01   3.3500000e+01   3.8600000e+01   1.8666667e+01   2.0000000e+00   5.0000000e+00   1.5000000e+01   1.1557692e+01
   1.0376931e+03   2.2000000e+01   3.8000000e+01   5.3900000e+02   6.7000000e+01   3.3500000e+01   3.6666667e+01   2.0714286e+01   2.0000000e+00   6.0000000e+00   1.4000000e+01   1.1561404e+01
   9.3899461e+02   2.4000000e+01   3.5000000e+01   4.5700000e+02   6.0000000e+01   3.0000000e+01   3.3800000e+01   1.6588235e+01   2.0000000e+00   5.0000000e+00   1.7000000e+01   1.0836364e+01
   1.0829350e+03   2.8000000e+01   4.4000000e+01   5.7000000e+02   6.2000000e+01   3.1000000e+01   3.8500000e+01   1.6300000e+01   2.0000000e+00   6.0000000e+00   2.0000000e+01   1.0514706e+01
   1.2507760e+03   2.5000000e+01   4.9000000e+01   6.1900000e+02   6.3000000e+01   3.1500000e+01   3.7500000e+01   2.2411765e+01   2.0000000e+00   6.0000000e+00   1.7000000e+01   1.0942857e+01
   1.1909285e+03   2.6000000e+01   3.9000000e+01   5.6200000e+02   6.2000000e+01   3.1000000e+01   4.1000000e+01   1.8210526e+01   2.0000000e+00   5.0000000e+00   1.9000000e+01   1.0852459e+01
   1.1657610e+03   2.2000000e+01   4.1000000e+01   5.4600000e+02   6.8000000e+01   3.4000000e+01   3.6666667e+01   2.1642857e+01   2.0000000e+00   6.0000000e+00   1.4000000e+01   1.1066667e+01
   1.2308801e+03   2.5000000e+01   4.5000000e+01   5.7900000e+02   6.4000000e+01   3.2000000e+01   4.2200000e+01   1.9666667e+01   2.0000000e+00   5.0000000e+00   1.8000000e+01   1.0584615e+01
   1.0247865e+03   2.4000000e+01   3.9000000e+01   5.2900000e+02   6.5000000e+01   3.2500000e+01   4.0000000e+01   1.8117647e+01   2.0000000e+00   5.0000000e+00   1.7000000e+01   1.1137931e+01
   1.2195284e+03   2.9000000e+01   4.5000000e+01   6.3500000e+02   6.1000000e+01   3.0500000e+01   3.9333333e+01   1.8619048e+01   2.0000000e+00   6.0000000e+00   2.1000000e+01   1.0859155e+01
   1.3994675e+03   2.7000000e+01   4.8000000e+01   6.2600000e+02   7.0000000e+01   3.5000000e+01   3.5857143e+01   1.9555556e+01   2.0000000e+00   7.0000000e+00   1.8000000e+01   1.0842857e+01
   1.0720374e+03   2.8000000e+01   4.0000000e+01   6.2000000e+02   6.2000000e+01   3.1000000e+01   3.8833333e+01   1.8600000e+01   2.0000000e+00   6.0000000e+00   2.0000000e+01   1.1287879e+01
   1.2635745e+03   2.7000000e+01   4.1000000e+01   5.6600000e+02   6.2000000e+01   3.1000000e+01   3.9166667e+01   1.6842105e+01   2.0000000e+00   6.0000000e+00   1.9000000e+01   1.0609375e+01
   1.0912083e+03   2.7000000e+01   4.2000000e+01   5.4200000e+02   6.1000000e+01   3.0500000e+01   3.9833333e+01   1.5684211e+01   2.0000000e+00   6.0000000e+00   1.9000000e+01   1.0590164e+01
   9.3571740e+02   2.6000000e+01   3.8000000e+01   5.8500000e+02   6.3000000e+01   3.1500000e+01   3.7000000e+01   1.9166667e+01   2.0000000e+00   6.0000000e+00   1.8000000e+01   1.1883333e+01
   1.1193144e+03   3.0000000e+01   3.9000000e+01   5.0900000e+02   5.6000000e+01   2.8000000e+01   2.5500000e+01   1.4450000e+01   2.0000000e+00   8.0000000e+00   2.0000000e+01   1.0136364e+01
   1.3870821e+03   2.7000000e+01   5.1000000e+01   6.1600000e+02   6.5000000e+01   3.2500000e+01   4.3600000e+01   1.9800000e+01   2.0000000e+00   5.0000000e+00   2.0000000e+01   1.0985915e+01
   1.3012033e+03   2.8000000e+01   3.9000000e+01   5.7700000e+02   6.2000000e+01   3.1000000e+01   3.9166667e+01   1.6350000e+01   2.0000000e+00   6.0000000e+00   2.0000000e+01   1.1079365e+01
   1.0684354e+03   2.6000000e+01   4.6000000e+01   6.0700000e+02   6.6000000e+01   3.3000000e+01   4.1600000e+01   2.0263158e+01   2.0000000e+00   5.0000000e+00   1.9000000e+01   1.1138462e+01
   1.1093415e+03   2.5000000e+01   3.9000000e+01   5.5000000e+02   6.3000000e+01   3.1500000e+01   4.0000000e+01   1.7352941e+01   2.0000000e+00   6.0000000e+00   1.7000000e+01   1.1271186e+01
   1.0257896e+03   2.4000000e+01   4.0000000e+01   5.6800000e+02   6.9000000e+01   3.4500000e+01   3.8666667e+01   1.9687500e+01   2.0000000e+00   6.0000000e+00   1.6000000e+01   1.1050000e+01
   1.2189511e+03   2.8000000e+01   4.1000000e+01   5.5600000e+02   6.4000000e+01   3.2000000e+01   3.9000000e+01   1.5100000e+01   2.0000000e+00   6.0000000e+00   2.0000000e+01   1.0468750e+01
   8.6293732e+02   2.7000000e+01   3.6000000e+01   5.6700000e+02   6.4000000e+01   3.2000000e+01   3.5857143e+01   1.7055556e+01   2.0000000e+00   7.0000000e+00   1.8000000e+01   1.1819672e+01
   1.2655593e+03   2.9000000e+01   4.2000000e+01   5.8500000e+02   5.8000000e+01   2.9000000e+01   3.8833333e+01   1.6142857e+01   2.0000000e+00   6.0000000e+00   2.1000000e+01   1.0477612e+01
   1.3824550e+03   2.7000000e+01   5.0000000e+01   6.3200000e+02   6.8000000e+01   3.4000000e+01   3.8166667e+01   2.0473684e+01   2.0000000e+00   6.0000000e+00   1.9000000e+01   1.0726027e+01
   8.2638530e+02   2.6000000e+01   3.4000000e+01   5.3100000e+02   6.0000000e+01   3.0000000e+01   2.7285714e+01   1.8647059e+01   2.0000000e+00   7.0000000e+00   1.7000000e+01   1.1407407e+01
   1.1617717e+03   3.1000000e+01   4.3000000e+01   5.8800000e+02   5.6000000e+01   2.8000000e+01   3.5142857e+01   1.5227273e+01   2.0000000e+00   7.0000000e+00   2.2000000e+01   1.0614286e+01
   1.0063113e+03   2.7000000e+01   4.0000000e+01   5.7800000e+02   6.3000000e+01   3.1500000e+01   3.9833333e+01   1.6789474e+01   2.0000000e+00   6.0000000e+00   1.9000000e+01   1.1109375e+01
   1.1450357e+03   2.8000000e+01   4.2000000e+01   6.2600000e+02   6.7000000e+01   3.3500000e+01   4.3800000e+01   1.8619048e+01   2.0000000e+00   5.0000000e+00   2.1000000e+01   1.1328358e+01
   9.0734381e+02   2.6000000e+01   3.8000000e+01   5.5200000e+02   6.5000000e+01   3.2500000e+01   4.1166667e+01   1.5944444e+01   2.0000000e+00   6.0000000e+00   1.8000000e+01   1.0950000e+01
   1.0541885e+03   2.8000000e+01   4.1000000e+01   6.2200000e+02   6.7000000e+01   3.3500000e+01   3.9428571e+01   1.7263158e+01   2.0000000e+00   7.0000000e+00   1.9000000e+01   1.1787879e+01
   1.2657429e+03   2.5000000e+01   4.3000000e+01   5.8000000e+02   6.6000000e+01   3.3000000e+01   3.6833333e+01   2.0058824e+01   2.0000000e+00   6.0000000e+00   1.7000000e+01   1.0681818e+01
   1.1422054e+03   2.7000000e+01   4.1000000e+01   6.0100000e+02   6.2000000e+01   3.1000000e+01   3.9166667e+01   1.8368421e+01   2.0000000e+00   6.0000000e+00   1.9000000e+01   1.1203125e+01
   1.0086883e+03   2.4000000e+01   3.5000000e+01   5.0700000e+02   6.2000000e+01   3.1000000e+01   3.3333333e+01   1.7562500e+01   2.0000000e+00   6.0000000e+00   1.6000000e+01   1.0625000e+01
   1.2806261e+03   3.3000000e+01   4.5000000e+01   6.2200000e+02   5.9000000e+01   2.9500000e+01   3.6142857e+01   1.5541667e+01   2.0000000e+00   7.0000000e+00   2.4000000e+01   1.0712329e+01
   1.2773949e+03   2.6000000e+01   4.5000000e+01   5.5400000e+02   6.6000000e+01   3.3000000e+01   3.0714286e+01   1.9176471e+01   2.0000000e+00   7.0000000e+00   1.7000000e+01   1.0820896e+01
   8.6009072e+02   2.3000000e+01   3.9000000e+01   5.7800000e+02   6.3000000e+01   3.1500000e+01   4.6200000e+01   2.0687500e+01   2.0000000e+00   5.0000000e+00   1.6000000e+01   1.1948276e+01
   1.0733133e+03   2.5000000e+01   3.8000000e+01   5.2800000e+02   6.6000000e+01   3.3000000e+01   3.8000000e+01   1.7277778e+01   2.0000000e+00   5.0000000e+00   1.8000000e+01   1.0770492e+01
   1.0445820e+03   3.1000000e+01   4.2000000e+01   6.4000000e+02   5.8000000e+01   2.9000000e+01   4.0285714e+01   1.5590909e+01   2.0000000e+00   7.0000000e+00   2.2000000e+01   1.1397059e+01
   1.0641941e+03   2.2000000e+01   3.6000000e+01   4.8500000e+02   6.3000000e+01   3.1500000e+01   3.3333333e+01   1.8857143e+01   2.0000000e+00   6.0000000e+00   1.4000000e+01   1.0800000e+01
