   1.4111725e+03   3.5000000e+01   5.2000000e+01   5.8800000e+02   5.7000000e+01   2.8500000e+01   3.6428571e+01   1.3346154e+01   2.0000000e+00   7.0000000e+00   2.6000000e+01   8.8395062e+00
   1.2392461e+03   3.0000000e+01   5.0000000e+01   5.6800000e+02   6.2000000e+01   3.1000000e+01   3.2875000e+01   1.4950000e+01   2.0000000e+00   8.0000000e+00   2.0000000e+01   9.1232877e+00
   1.7173574e+03   3.5000000e+01   5.7000000e+01   5.6500000e+02   5.4000000e+01   2.7000000e+01   2.7000000e+01   1.4125000e+01   2.0000000e+00   9.0000000e+00   2.4000000e+01   8.1034483e+00
   1.0073739e+03   3.0000000e+01   4.6000000e+01   5.7300000e+02   6.3000000e+01   3.1500000e+01   3.7833333e+01   1.5136364e+01   2.0000000e+00   6.0000000e+00   2.2000000e+01   9.7500000e+00
   1.3137965e+03   3.1000000e+01   5.1000000e+01   5.8700000e+02   6.3000000e+01   3.1500000e+01   3.3571429e+01   1.5818182e+01   2.0000000e+00   7.0000000e+00   2.2000000e+01   9.4342105e+00
   1.1820368e+03   2.4000000e+01   4.4000000e+01   4.9500000e+02   6.3000000e+01   3.1500000e+01   3.2833333e+01   1.7375000e+01   2.0000000e+00   6.0000000e+00   1.6000000e+01   8.9538462e+00
   1.3361478e+03   3.7000000e+01   5.2000000e+01   5.8300000e+02   5.1000000e+01   2.5500000e+01   3.3375000e+01   1.2296296e+01   2.0000000e+00   8.0000000e+00   2.7000000e+01   8.8554217e+00
   1.1116788e+03   2.9000000e+01   4.5000000e+01   5.3400000e+02   5.3000000e+01   2.6500000e+01   3.2666667e+01   1.6047619e+01   2.0000000e+00   6.0000000e+00   2.1000000e+01   9.3478261e+00
   9.5484775e+02   2.2000000e+01   3.8000000e+01   4.5000000e+02   6.1000000e+01   3.0500000e+01   3.2200000e+01   1.8400000e+01   2.0000000e+00   5.0000000e+00   1.5000000e+01   9.5178571e+00
   1.5256661e+03   4.1000000e+01   5.6000000e+01   6.2200000e+02   5.2000000e+01   2.6000000e+01   3.3000000e+01   1.1466667e+01   2.0000000e+00   9.0000000e+00   3.0000000e+01   8.9354839e+00
   1.3090875e+03   3.3000000e+01   5.2000000e+01   5.7500000e+02   6.0000000e+01   3.0000000e+01   3.8166667e+01   1.3880000e+01   2.0000000e+00   6.0000000e+00   2.5000000e+01   8.8271605e+00
   1.3781495e+03   3.3000000e+01   4.9000000e+01   5.8900000e+02   6.0000000e+01   3.0000000e+01   3.2285714e+01   1.5083333e+01   2.0000000e+00   7.0000000e+00   2.4000000e+01   9.0000000e+00
   1.3176515e+03   4.1000000e+01   4.5000000e+01   5.4200000e+02   5.0000000e+01   2.5000000e+01   2.6500000e+01   1.0206897e+01   2.0000000e+00   1.0000000e+01   2.9000000e+01   8.8192771e+00
   1.2718506e+03   3.5000000e+01   5.7000000e+01   5.9100000e+02   5.7000000e+01   2.8500000e+01   3.3000000e+01   1.3600000e+01   2.0000000e+00   8.0000000e+00   2.5000000e+01   9.4659091e+00
   1.1674049e+03   2.8000000e+01   4.5000000e+01   5.0200000e+02   6.4000000e+01   3.2000000e+01   3.0857143e+01   1.4157895e+01   2.0000000e+00   7.0000000e+00   1.9000000e+01   9.2142857e+00
   1.3949811e+03   2.9000000e+01   5.2000000e+01   5.4400000e+02   6.2000000e+01   3.1000000e+01   3.6333333e+01   1.5476190e+01   2.0000000e+00   6.0000000e+00   2.1000000e+01   8.8157895e+00
   1.3637947e+03   3.3000000e+01   4.9000000e+01   5.4000000e+02   5.4000000e+01   2.7000000e+01   2.9666667e+01   1.2727273e+01   2.0000000e+00   9.0000000e+00   2.2000000e+01   8.7922078e+00
   1.5787357e+03   3.1000000e+01   5.9000000e+01   5.9900000e+02   6.2000000e+01   3.1000000e+01   3.9166667e+01   1.6043478e+01   2.0000000e+00   6.0000000e+00   2.3000000e+01   8.6823529e+00
   1.0650997e+03   2.6000000e+01   4.3000000e+01   4.4500000e+02   5.7000000e+01   2.8500000e+01   3.3000000e+01   1.3333333e+01   2.0000000e+00   6.0000000e+00   1.8000000e+01   8.7812500e+00
   1.2593371e+03   3.1000000e+01   5.3000000e+01   6.1300000e+02   6.3000000e+01   3.1500000e+01   3.9166667e+01   1.6565217e+01   2.0000000e+00   6.0000000e+00   2.3000000e+01   9.5641026e+00
   1.1699006e+03   2.6000000e+01   4.8000000e+01   5.2700000e+02   6.3000000e+01   3.1500000e+01   3.5000000e+01   1.7000000e+01   2.0000000e+00   6.0000000e+00   1.8000000e+01   9.5217391e+00
   1.0610448e+03   2.5000000e+01   4.2000000e+01   5.4200000e+02   6.1000000e+01   3.0500000e+01   3.5666667e+01   1.8352941e+01   2.0000000e+00   6.0000000e+00   1.7000000e+01   9.5714286e+00
   1.2740926e+03   3.5000000e+01   5.0000000e+01   6.0100000e+02   5.8000000e+01   2.9000000e+01   3.5142857e+01   1.3730769e+01   2.0000000e+00   7.0000000e+00   2.6000000e+01   9.2125000e+00
   1.2781668e+03   3.1000000e+01   4.8000000e+01   5.8600000e+02   6.0000000e+01   3.0000000e+01   3.4428571e+01   1.5272727e+01   2.0000000e+00   7.0000000e+00   2.2000000e+01   9.1733333e+00
   0.0000000e+00   0.0000000e+00   0.0000000e+00   0.0000000e+00   0.0000000e+00   0.0000000e+00   0.0000000e+00   0.0000000e+00   0.0000000e+00   0.0000000e+00   0.0000000e+00   0.0000000e+00
   0.0000000e+00   0.0000000e+00   0.0000000e+00   0.0000000e+00   0.0000000e+00   0.0000000e+00   0.0000000e+00   0.0000000e+00   0.0000000e+00   0.0000000e+00   0.0000000e+00   0.0000000e+00
   1.3437902e+03   3.0000000e+01   4.9000000e+01   5.7400000e+02   6.1000000e+01   3.0500000e+01   3.6666667e+01   1.6136364e+01   2.0000000e+00   6.0000000e+00   2.2000000e+01   9.6883117e+00
   1.2404963e+03   3.4000000e+01   5.0000000e+01   6.1800000e+02   5.5000000e+01   2.7500000e+01   3.6142857e+01   1.5040000e+01   2.0000000e+00   7.0000000e+00   2.5000000e+01   9.3417722e+00
   1.1466734e+03   3.3000000e+01   5.2000000e+01   5.8800000e+02   5.8000000e+01   2.9000000e+01   3.6142857e+01   1.4083333e+01   2.0000000e+00   7.0000000e+00   2.4000000e+01   9.4375000e+00
   1.2580007e+03   2.9000000e+01   5.3000000e+01   5.4200000e+02   6.0000000e+01   3.0000000e+01   3.8333333e+01   1.4809524e+01   2.0000000e+00   6.0000000e+00   2.1000000e+01   8.6184211e+00
   1.5496456e+03   3.6000000e+01   5.6000000e+01   5.8900000e+02   5.9000000e+01   2.9500000e+01   3.5714286e+01   1.2629630e+01   2.0000000e+00   7.0000000e+00   2.7000000e+01   8.6046512e+00
   1.1712096e+03   3.2000000e+01   5.5000000e+01   6.1000000e+02   6.1000000e+01   3.0500000e+01   4.0833333e+01   1.5083333e+01   2.0000000e+00   6.0000000e+00   2.4000000e+01   9.4268293e+00
   1.1111365e+03   3.1000000e+01   4.8000000e+01   5.8900000e+02   6.2000000e+01   3.1000000e+01   3.2250000e+01   1.5523810e+01   2.0000000e+00   8.0000000e+00   2.1000000e+01   9.9178082e+00
   1.5663918e+03   3.3000000e+01   6.0000000e+01   5.8300000e+02   5.9000000e+01   2.9500000e+01   3.9166667e+01   1.4440000e+01   2.0000000e+00   6.0000000e+00   2.5000000e+01   8.2441860e+00
   1.2084833e+03   3.3000000e+01   5.1000000e+01   5.7300000e+02   6.0000000e+01   3.0000000e+01   3.4857143e+01   1.3583333e+01   2.0000000e+00   7.0000000e+00   2.4000000e+01   9.2405063e+00
   1.4080533e+03   2.9000000e+01   4.5000000e+01   4.6200000e+02   5.8000000e+01   2.9000000e+01   2.8142857e+01   1.2800000e+01   2.0000000e+00   7.0000000e+00   2.0000000e+01   8.8309859e+00
   1.3961882e+03   3.5000000e+01   5.3000000e+01   5.9200000e+02   5.9000000e+01   2.9500000e+01   3.3428571e+01   1.3923077e+01   2.0000000e+00   7.0000000e+00   2.6000000e+01   9.0243902e+00
   1.1142945e+03   3.4000000e+01   4.7000000e+01   5.6100000e+02   5.9000000e+01   2.9500000e+01   2.9875000e+01   1.3333333e+01   2.0000000e+00   8.0000000e+00   2.4000000e+01   9.3684211e+00
   1.4045577e+03   3.4000000e+01   5.5000000e+01   5.4800000e+02   6.0000000e+01   3.0000000e+01   3.1714286e+01   1.3320000e+01   2.0000000e+00   7.0000000e+00   2.5000000e+01   8.6746988e+00
   1.0981445e+03   3.0000000e+01   4.8000000e+01   5.5900000e+02   5.9000000e+01   2.9500000e+01   3.4571429e+01   1.4904762e+01   2.0000000e+00   7.0000000e+00   2.1000000e+01   8.7123288e+00
   1.2335487e+03   3.1000000e+01   5.1000000e+01   5.5500000e+02   5.7000000e+01   2.8500000e+01   3.8000000e+01   1.4652174e+01   2.0000000e+00   6.0000000e+00   2.3000000e+01   9.2800000e+00
   1.6517565e+03   3.1000000e+01   5.7000000e+01   5.8000000e+02   4.7000000e+01   2.3500000e+01   3.8666667e+01   1.6260870e+01   2.0000000e+00   6.0000000e+00   2.3000000e+01   8.6049383e+00
   1.1724654e+03   3.1000000e+01   4.8000000e+01   5.4500000e+02   6.1000000e+01   3.0500000e+01   3.3142857e+01   1.4045455e+01   2.0000000e+00   7.0000000e+00   2.2000000e+01   9.1733333e+00
   1.1230317e+03   3.4000000e+01   4.5000000e+01   5.3500000e+02   5.8000000e+01   2.9000000e+01   2.6111111e+01   1.2913043e+01   2.0000000e+00   9.0000000e+00   2.3000000e+01   9.6712329e+00
   1.2828190e+03   3.2000000e+01   4.6000000e+01   5.5400000e+02   5.5000000e+01   2.7500000e+01   3.2375000e+01   1.3454545e+01   2.0000000e+00   8.0000000e+00   2.2000000e+01   9.1351351e+00
   0.0000000e+00   0.0000000e+00   0.0000000e+00   0.0000000e+00   0.0000000e+00   0.0000000e+00   0.0000000e+00   0.0000000e+00   0.0000000e+00   0.0000000e+00   0.0000000e+00   0.0000000e+00
   0.0000000e+00   0.0000000e+00   0.0000000e+00   0.0000000e+00   0.0000000e+00   0.0000000e+00   0.0000000e+00   0.0000000e+00   0.0000000e+00   0.0000000e+00   0.0000000e+00   0.0000000e+00
   1.2702974e+03   2.7000000e+01   5.3000000e+01   5.7200000e+02   6.1000000e+01   3.0500000e+01   3.7500000e+01   1.8684211e+01   2.0000000e+00   6.0000000e+00   1.9000000e+01   9.4931507e+00
   1.6933592e+03   3.0000000e+01   5.5000000e+01   5.5100000e+02   6.0000000e+01   3.0000000e+01   3.2285714e+01   1.5666667e+01   2.0000000e+00   7.0000000e+00   2.1000000e+01   8.1445783e+00
   1.1830918e+03   3.1000000e+01   5.1000000e+01   5.9000000e+02   6.3000000e+01   3.1500000e+01   3.8500000e+01   1.5260870e+01   2.0000000e+00   6.0000000e+00   2.3000000e+01   9.3717949e+00
   1.3160624e+03   2.9000000e+01   5.1000000e+01   5.9000000e+02   6.1000000e+01   3.0500000e+01   3.8000000e+01   1.6857143e+01   2.0000000e+00   6.0000000e+00   2.1000000e+01   9.3421053e+00
   1.2000909e+03   2.9000000e+01   4.7000000e+01   5.2200000e+02   5.9000000e+01   2.9500000e+01   3.4000000e+01   1.5380952e+01   2.0000000e+00   6.0000000e+00   2.1000000e+01   8.8873239e+00
   1.3583314e+03   3.8000000e+01   4.8000000e+01   4.9900000e+02   5.1000000e+01   2.5500000e+01   2.7000000e+01   9.8518519e+00   2.0000000e+00   9.0000000e+00   2.7000000e+01   8.1012658e+00
   1.4087494e+03   3.6000000e+01   5.3000000e+01   5.4800000e+02   5.5000000e+01   2.7500000e+01   3.3000000e+01   1.1461538e+01   2.0000000e+00   8.0000000e+00   2.6000000e+01   8.3452381e+00
   1.7412141e+03   3.4000000e+01   6.0000000e+01   5.8600000e+02   5.7000000e+01   2.8500000e+01   3.5571429e+01   1.3920000e+01   2.0000000e+00   7.0000000e+00   2.5000000e+01   8.5111111e+00
   1.2050959e+03   2.9000000e+01   4.7000000e+01   4.5600000e+02   5.6000000e+01   2.8000000e+01   3.0833333e+01   1.2857143e+01   2.0000000e+00   6.0000000e+00   2.1000000e+01   8.5652174e+00
   1.2577890e+03   2.7000000e+01   4.8000000e+01   5.3900000e+02   6.2000000e+01   3.1000000e+01   3.1166667e+01   1.8105263e+01   2.0000000e+00   6.0000000e+00   1.9000000e+01   9.3285714e+00
   1.2994316e+03   3.3000000e+01   4.7000000e+01   4.9800000e+02   5.9000000e+01   2.9500000e+01   3.0428571e+01   1.1833333e+01   2.0000000e+00   7.0000000e+00   2.4000000e+01   8.7567568e+00
   1.1016591e+03   3.3000000e+01   4.5000000e+01   5.2900000e+02   5.7000000e+01   2.8500000e+01   3.2714286e+01   1.2333333e+01   2.0000000e+00   7.0000000e+00   2.4000000e+01   8.9729730e+00
   1.4322625e+03   2.7000000e+01   5.4000000e+01   5.3200000e+02   5.4000000e+01   2.7000000e+01   3.8333333e+01   1.6736842e+01   2.0000000e+00   6.0000000e+00   1.9000000e+01   8.4266667e+00
   1.5690982e+03   3.0000000e+01   5.3000000e+01   5.5400000e+02   5.9000000e+01   2.9500000e+01   3.1428571e+01   1.5809524e+01   2.0000000e+00   7.0000000e+00   2.1000000e+01   8.6973684e+00
   1.5516282e+03   3.2000000e+01   5.3000000e+01   5.6100000e+02   6.2000000e+01   3.1000000e+01   3.8166667e+01   1.3833333e+01   2.0000000e+00   6.0000000e+00   2.4000000e+01   8.7407407e+00
   1.4311835e+03   3.0000000e+01   4.5000000e+01   5.1100000e+02   6.0000000e+01   3.0000000e+01   3.1571429e+01   1.3571429e+01   2.0000000e+00   7.0000000e+00   2.1000000e+01   8.4444444e+00
   9.4764897e+02   2.7000000e+01   4.0000000e+01   5.2100000e+02   5.9000000e+01   2.9500000e+01   3.2714286e+01   1.5833333e+01   2.0000000e+00   7.0000000e+00   1.8000000e+01   9.8769231e+00
   9.4946765e+02   3.2000000e+01   4.2000000e+01   5.4200000e+02   6.0000000e+01   3.0000000e+01   3.4285714e+01   1.2608696e+01   2.0000000e+00   7.0000000e+00   2.3000000e+01   9.8591549e+00
   1.1936982e+03   3.0000000e+01   4.8000000e+01   5.7300000e+02   6.2000000e+01   3.1000000e+01   3.5857143e+01   1.5476190e+01   2.0000000e+00   7.0000000e+00   2.1000000e+01   9.2957746e+00
   1.1175011e+03   3.0000000e+01   4.8000000e+01   5.6600000e+02   6.2000000e+01   3.1000000e+01   3.4714286e+01   1.5142857e+01   2.0000000e+00   7.0000000e+00   2.1000000e+01   9.7638889e+00
   1.2921317e+03   3.4000000e+01   4.9000000e+01   5.5600000e+02   5.9000000e+01   2.9500000e+01   3.0000000e+01   1.2791667e+01   2.0000000e+00   8.0000000e+00   2.4000000e+01   9.0909091e+00
   1.1291689e+03   2.8000000e+01   4.7000000e+01   5.2700000e+02   6.4000000e+01   3.2000000e+01   2.9142857e+01   1.6578947e+01   2.0000000e+00   7.0000000e+00   1.9000000e+01   9.4305556e+00
   1.5996298e+03   3.9000000e+01   5.4000000e+01   5.9100000e+02   5.6000000e+01   2.8000000e+01   2.9111111e+01   1.2107143e+01   2.0000000e+00   9.0000000e+00   2.8000000e+01   8.6292135e+00
   1.2952765e+03   3.4000000e+01   5.3000000e+01   5.8300000e+02   5.8000000e+01   2.9000000e+01   3.0000000e+01   1.3869565e+01   2.0000000e+00   9.0000000e+00   2.3000000e+01   9.1392405e+00
   8.3485270e+02   2.2000000e+01   4.0000000e+01   5.0300000e+02   7.0000000e+01   3.5000000e+01   3.7200000e+01   1.9066667e+01   2.0000000e+00   5.0000000e+00   1.5000000e+01   1.0508475e+01
   1.1515050e+03   2.9000000e+01   5.0000000e+01   5.7700000e+02   6.0000000e+01   3.0000000e+01   3.7166667e+01   1.6809524e+01   2.0000000e+00   6.0000000e+00   2.1000000e+01   9.3466667e+00
   1.1525469e+03   3.1000000e+01   4.0000000e+01   4.5200000e+02   5.5000000e+01   2.7500000e+01   2.5285714e+01   1.2227273e+01   2.0000000e+00   7.0000000e+00   2.2000000e+01   8.6323529e+00
   1.6350665e+03   3.7000000e+01   5.4000000e+01   5.2300000e+02   5.7000000e+01   2.8500000e+01   3.4285714e+01   1.0535714e+01   2.0000000e+00   7.0000000e+00   2.8000000e+01   7.4819277e+00
   9.8657595e+02   2.7000000e+01   3.8000000e+01   4.4900000e+02   5.5000000e+01   2.7500000e+01   2.9142857e+01   1.3388889e+01   2.0000000e+00   7.0000000e+00   1.8000000e+01   8.7833333e+00
   1.2504983e+03   2.5000000e+01   5.3000000e+01   5.9100000e+02   6.2000000e+01   3.1000000e+01   4.1600000e+01   2.1277778e+01   2.0000000e+00   5.0000000e+00   1.8000000e+01   9.4400000e+00
   1.0662111e+03   2.9000000e+01   5.2000000e+01   6.1000000e+02   6.1000000e+01   3.0500000e+01   3.8166667e+01   1.8238095e+01   2.0000000e+00   6.0000000e+00   2.1000000e+01   9.6410256e+00
   1.2079753e+03   2.4000000e+01   4.5000000e+01   4.8000000e+02   6.3000000e+01   3.1500000e+01   3.1833333e+01   1.7437500e+01   2.0000000e+00   6.0000000e+00   1.6000000e+01   8.8059701e+00
   1.3361510e+03   2.9000000e+01   5.2000000e+01   5.4700000e+02   5.5000000e+01   2.7500000e+01   4.0800000e+01   1.5954545e+01   2.0000000e+00   5.0000000e+00   2.2000000e+01   9.1081081e+00
   1.3919768e+03   3.5000000e+01   5.3000000e+01   5.4300000e+02   5.7000000e+01   2.8500000e+01   3.4833333e+01   1.2481481e+01   2.0000000e+00   6.0000000e+00   2.7000000e+01   8.5975610e+00
   1.2088524e+03   3.1000000e+01   5.0000000e+01   4.7800000e+02   5.6000000e+01   2.8000000e+01   2.9857143e+01   1.2227273e+01   2.0000000e+00   7.0000000e+00   2.2000000e+01   8.4864865e+00
   1.5967887e+03   3.8000000e+01   5.4000000e+01   5.6000000e+02   5.6000000e+01   2.8000000e+01   3.2375000e+01   1.1428571e+01   2.0000000e+00   8.0000000e+00   2.8000000e+01   7.9195402e+00
   9.1919986e+02   2.9000000e+01   4.5000000e+01   5.8000000e+02   6.0000000e+01   3.0000000e+01   3.9333333e+01   1.6047619e+01   2.0000000e+00   6.0000000e+00   2.1000000e+01   1.0318841e+01
   1.1511231e+03   2.7000000e+01   4.3000000e+01   4.8400000e+02   5.9000000e+01   2.9500000e+01   3.7833333e+01   1.3421053e+01   2.0000000e+00   6.0000000e+00   1.9000000e+01   8.9076923e+00
   9.1111142e+02   3.1000000e+01   3.9000000e+01   5.2100000e+02   5.6000000e+01   2.8000000e+01   3.2428571e+01   1.2909091e+01   2.0000000e+00   7.0000000e+00   2.2000000e+01   1.0307692e+01
   1.2231826e+03   3.5000000e+01   4.9000000e+01   5.3000000e+02   5.8000000e+01   2.9000000e+01   3.3875000e+01   1.0560000e+01   2.0000000e+00   8.0000000e+00   2.5000000e+01   8.8181818e+00
   1.2924751e+03   3.2000000e+01   4.7000000e+01   5.7500000e+02   6.2000000e+01   3.1000000e+01   3.5000000e+01   1.3913043e+01   2.0000000e+00   7.0000000e+00   2.3000000e+01   8.8961039e+00
   9.0641231e+02   2.6000000e+01   3.6000000e+01   4.2600000e+02   6.3000000e+01   3.1500000e+01   2.2000000e+01   1.4187500e+01   2.0000000e+00   8.0000000e+00   1.6000000e+01   9.5833333e+00
   1.7985068e+03   3.7000000e+01   5.9000000e+01   5.9100000e+02   5.6000000e+01   2.8000000e+01   3.4142857e+01   1.3142857e+01   2.0000000e+00   7.0000000e+00   2.8000000e+01   8.2666667e+00
   1.6483575e+03   3.7000000e+01   6.2000000e+01   6.2200000e+02   5.7000000e+01   2.8500000e+01   3.4375000e+01   1.3629630e+01   2.0000000e+00   8.0000000e+00   2.7000000e+01   8.7311828e+00
   1.1217800e+03   2.4000000e+01   4.3000000e+01   5.3000000e+02   6.4000000e+01   3.2000000e+01   4.1600000e+01   1.8058824e+01   2.0000000e+00   5.0000000e+00   1.7000000e+01   9.7538462e+00
   1.6743777e+03   2.8000000e+01   5.7000000e+01   5.6600000e+02   6.2000000e+01   3.1000000e+01   3.8500000e+01   1.6850000e+01   2.0000000e+00   6.0000000e+00   2.0000000e+01   8.6375000e+00
   1.1075799e+03   3.2000000e+01   4.9000000e+01   5.6600000e+02   5.8000000e+01   2.9000000e+01   3.6571429e+01   1.3521739e+01   2.0000000e+00   7.0000000e+00   2.3000000e+01   9.1780822e+00
   8.2872683e+02   3.0000000e+01   4.2000000e+01   5.4000000e+02   6.0000000e+01   3.0000000e+01   3.4857143e+01   1.3904762e+01   2.0000000e+00   7.0000000e+00   2.1000000e+01   9.8805970e+00
   1.4579748e+03   3.8000000e+01   5.7000000e+01   6.0600000e+02   5.5000000e+01   2.7500000e+01   3.2333333e+01   1.2222222e+01   2.0000000e+00   9.0000000e+00   2.7000000e+01   9.3068182e+00
   1.2879988e+03   3.3000000e+01   5.0000000e+01   5.8300000e+02   5.8000000e+01   2.9000000e+01   3.4714286e+01   1.4166667e+01   2.0000000e+00   7.0000000e+00   2.4000000e+01   9.0256410e+00
   9.4534321e+02   2.8000000e+01   4.4000000e+01   5.5500000e+02   6.1000000e+01   3.0500000e+01   3.8333333e+01   1.5750000e+01   2.0000000e+00   6.0000000e+00   2.0000000e+01   9.5294118e+00
   1.1450061e+03   3.2000000e+01   4.0000000e+01   4.7900000e+02   5.7000000e+01   2.8500000e+01   2.5888889e+01   1.1285714e+01   2.0000000e+00   9.0000000e+00   2.1000000e+01   9.1449275e+00
   1.3124922e+03   3.4000000e+01   4.8000000e+01   5.2800000e+02   5.5000000e+01   2.7500000e+01   2.9375000e+01   1.2041667e+01   2.0000000e+00   8.0000000e+00   2.4000000e+01   8.4935065e+00
