   8.5495079e+02   3.5000000e+01   4.8000000e+01   3.6300000e+02   4.9000000e+01   2.4500000e+01   2.6000000e+01   7.2307692e+00   2.0000000e+00   7.0000000e+00   2.6000000e+01   5.9342105e+00
   8.4974167e+02   3.2000000e+01   4.9000000e+01   4.0200000e+02   5.2000000e+01   2.6000000e+01   2.7714286e+01   9.3043478e+00   2.0000000e+00   7.0000000e+00   2.3000000e+01   6.2368421e+00
   1.2195534e+03   3.8000000e+01   6.2000000e+01   4.7700000e+02   5.1000000e+01   2.5500000e+01   3.1142857e+01   9.6896552e+00   2.0000000e+00   7.0000000e+00   2.9000000e+01   5.9578947e+00
   1.0951662e+03   3.5000000e+01   6.0000000e+01   4.9800000e+02   5.4000000e+01   2.7000000e+01   2.5375000e+01   1.2440000e+01   2.0000000e+00   8.0000000e+00   2.5000000e+01   6.2386364e+00
   1.0583018e+03   3.2000000e+01   5.9000000e+01   4.3500000e+02   5.5000000e+01   2.7500000e+01   2.3250000e+01   1.1590909e+01   2.0000000e+00   8.0000000e+00   2.2000000e+01   5.8674699e+00
   7.0948300e+01   5.0000000e+00   5.0000000e+00   4.4000000e+01   1.7000000e+01   8.5000000e+00   8.5000000e+00   1.4000000e+01   2.0000000e+00   2.0000000e+00   1.0000000e+00   6.8750000e+00
   1.0161235e+02   7.0000000e+00   5.0000000e+00   6.0000000e+01   2.7000000e+01   7.0000000e+00   2.7000000e+01   5.7500000e+00   2.0000000e+00   1.0000000e+00   4.0000000e+00   6.4000000e+00
   7.8331914e+01   7.0000000e+00   5.0000000e+00   4.9000000e+01   2.2000000e+01   1.1000000e+01   6.2500000e+00   6.0000000e+00   2.0000000e+00   4.0000000e+00   1.0000000e+00   4.9000000e+00
   1.1802750e+03   4.0000000e+01   6.8000000e+01   5.3600000e+02   5.4000000e+01   2.7000000e+01   2.7444444e+01   1.0620690e+01   2.0000000e+00   9.0000000e+00   2.9000000e+01   5.9705882e+00
   7.8901701e+01   7.0000000e+00   5.0000000e+00   6.0000000e+01   2.0000000e+01   1.0000000e+01   1.1000000e+01   6.0000000e+00   2.0000000e+00   3.0000000e+00   2.0000000e+00   6.1000000e+00
   8.1243683e+02   2.9000000e+01   5.0000000e+01   4.0900000e+02   5.2000000e+01   2.6000000e+01   3.1000000e+01   1.0857143e+01   2.0000000e+00   6.0000000e+00   2.1000000e+01   6.4109589e+00
   7.1876917e+02   3.1000000e+01   4.5000000e+01   3.2100000e+02   5.1000000e+01   2.5500000e+01   2.1571429e+01   7.5000000e+00   2.0000000e+00   7.0000000e+00   2.2000000e+01   5.7794118e+00
   1.0856406e+03   3.8000000e+01   6.4000000e+01   5.0900000e+02   5.1000000e+01   2.5500000e+01   3.2285714e+01   1.0551724e+01   2.0000000e+00   7.0000000e+00   2.9000000e+01   6.0625000e+00
   4.6344576e+02   2.1000000e+01   3.2000000e+01   2.7200000e+02   5.2000000e+01   2.6000000e+01   2.1333333e+01   9.5384615e+00   2.0000000e+00   6.0000000e+00   1.3000000e+01   6.4285714e+00
   1.2577181e+03   4.4000000e+01   6.9000000e+01   5.6000000e+02   4.9000000e+01   2.4500000e+01   2.9500000e+01   1.0352941e+01   2.0000000e+00   8.0000000e+00   3.4000000e+01   6.0642202e+00
   8.0607158e+02   2.8000000e+01   4.4000000e+01   3.4700000e+02   5.0000000e+01   2.5000000e+01   2.0428571e+01   1.0421053e+01   2.0000000e+00   7.0000000e+00   1.9000000e+01   6.0149254e+00
   6.4440953e+02   2.5000000e+01   4.4000000e+01   3.4100000e+02   5.4000000e+01   2.7000000e+01   2.5833333e+01   1.0411765e+01   2.0000000e+00   6.0000000e+00   1.7000000e+01   6.2187500e+00
   6.5510767e+02   2.7000000e+01   3.8000000e+01   3.0100000e+02   4.7000000e+01   2.3500000e+01   2.2000000e+01   8.7894737e+00   2.0000000e+00   6.0000000e+00   1.9000000e+01   6.2166667e+00
   1.2241457e+03   4.4000000e+01   6.5000000e+01   5.2000000e+02   5.1000000e+01   2.5500000e+01   2.8625000e+01   9.3235294e+00   2.0000000e+00   8.0000000e+00   3.4000000e+01   6.1400000e+00
   8.1571540e+01   8.0000000e+00   5.0000000e+00   6.2000000e+01   2.0000000e+01   1.0000000e+01   1.0333333e+01   5.0000000e+00   2.0000000e+00   3.0000000e+00   3.0000000e+00   5.6363636e+00
   1.0074369e+02   7.0000000e+00   5.0000000e+00   6.4000000e+01   2.2000000e+01   1.1000000e+01   1.1666667e+01   5.5000000e+00   2.0000000e+00   3.0000000e+00   2.0000000e+00   6.4000000e+00
   7.1178864e+02   2.9000000e+01   4.4000000e+01   3.4700000e+02   4.8000000e+01   2.4000000e+01   2.7166667e+01   8.6666667e+00   2.0000000e+00   6.0000000e+00   2.1000000e+01   6.1343284e+00
   1.1130435e+02   7.0000000e+00   6.0000000e+00   7.1000000e+01   2.0000000e+01   1.0000000e+01   1.1000000e+01   1.2000000e+01   2.0000000e+00   3.0000000e+00   2.0000000e+00   6.5454545e+00
   1.3641670e+03   4.3000000e+01   6.0000000e+01   4.8100000e+02   5.2000000e+01   2.6000000e+01   2.5222222e+01   8.3437500e+00   2.0000000e+00   9.0000000e+00   3.2000000e+01   6.2258065e+00
   7.9608451e+02   3.2000000e+01   4.5000000e+01   3.8600000e+02   5.2000000e+01   2.6000000e+01   2.6428571e+01   8.6086957e+00   2.0000000e+00   7.0000000e+00   2.3000000e+01   6.2777778e+00
   1.1176735e+03   3.3000000e+01   6.6000000e+01   4.8400000e+02   5.0000000e+01   2.5000000e+01   3.0000000e+01   1.3200000e+01   2.0000000e+00   6.0000000e+00   2.5000000e+01   5.9569892e+00
   7.6489299e+02   3.1000000e+01   5.0000000e+01   4.0300000e+02   5.2000000e+01   2.6000000e+01   2.8500000e+01   1.0130435e+01   2.0000000e+00   6.0000000e+00   2.3000000e+01   6.2597403e+00
   9.5674427e+02   3.5000000e+01   5.6000000e+01   4.6100000e+02   5.3000000e+01   2.6500000e+01   2.6500000e+01   1.0360000e+01   2.0000000e+00   8.0000000e+00   2.5000000e+01   6.2976190e+00
   7.7893091e+01   5.0000000e+00   4.0000000e+00   3.9000000e+01   2.6000000e+01   1.3000000e+01   5.3333333e+00   0.0000000e+00   2.0000000e+00   3.0000000e+00   0.0000000e+00   5.5714286e+00
   5.1426210e+02   2.8000000e+01   3.7000000e+01   3.0000000e+02   4.5000000e+01   2.2500000e+01   2.2428571e+01   7.3684211e+00   2.0000000e+00   7.0000000e+00   1.9000000e+01   5.9827586e+00
   1.0130526e+02   6.0000000e+00   4.0000000e+00   4.9000000e+01   2.2000000e+01   1.1000000e+01   8.3333333e+00   5.0000000e+00   2.0000000e+00   3.0000000e+00   1.0000000e+00   6.1250000e+00
   3.7154613e+02   2.1000000e+01   2.8000000e+01   2.2100000e+02   4.2000000e+01   2.1000000e+01   2.0400000e+01   7.9285714e+00   2.0000000e+00   5.0000000e+00   1.4000000e+01   6.0909091e+00
   1.2598360e+02   6.0000000e+00   5.0000000e+00   5.7000000e+01   2.2000000e+01   1.1000000e+01   1.3500000e+01   6.0000000e+00   2.0000000e+00   2.0000000e+00   2.0000000e+00   6.3333333e+00
   3.6696834e+02   2.3000000e+01   2.4000000e+01   2.4100000e+02   4.5000000e+01   2.2500000e+01   1.8857143e+01   6.5714286e+00   2.0000000e+00   7.0000000e+00   1.4000000e+01   6.3863636e+00
   1.2610392e+02   5.0000000e+00   5.0000000e+00   5.1000000e+01   2.1000000e+01   7.0000000e+00   2.1000000e+01   1.0000000e+01   2.0000000e+00   1.0000000e+00   2.0000000e+00   6.3750000e+00
   3.0232428e+02   2.1000000e+01   2.4000000e+01   2.2500000e+02   4.4000000e+01   2.2000000e+01   2.0000000e+01   6.4615385e+00   2.0000000e+00   6.0000000e+00   1.3000000e+01   6.4390244e+00
   8.5904259e+02   3.6000000e+01   5.4000000e+01   4.4700000e+02   5.3000000e+01   2.6500000e+01   2.5500000e+01   9.7692308e+00   2.0000000e+00   8.0000000e+00   2.6000000e+01   6.3333333e+00
   1.1654173e+03   4.3000000e+01   6.4000000e+01   5.0400000e+02   5.2000000e+01   2.6000000e+01   2.7875000e+01   9.0606061e+00   2.0000000e+00   8.0000000e+00   3.3000000e+01   6.0400000e+00
   7.1869279e+02   3.2000000e+01   4.5000000e+01   3.5100000e+02   4.6000000e+01   2.3000000e+01   2.3571429e+01   8.4782609e+00   2.0000000e+00   7.0000000e+00   2.3000000e+01   6.3098592e+00
   1.2214418e+03   3.8000000e+01   6.9000000e+01   5.3900000e+02   5.6000000e+01   2.8000000e+01   3.1000000e+01   1.1285714e+01   2.0000000e+00   8.0000000e+00   2.8000000e+01   6.1010101e+00
   1.0557135e+02   1.0000000e+01   6.0000000e+00   8.5000000e+01   2.6000000e+01   1.3000000e+01   1.0000000e+01   6.0000000e+00   2.0000000e+00   4.0000000e+00   4.0000000e+00   6.7142857e+00
   9.2686898e+02   3.5000000e+01   5.6000000e+01   4.7000000e+02   5.1000000e+01   2.5500000e+01   2.4500000e+01   1.1440000e+01   2.0000000e+00   8.0000000e+00   2.5000000e+01   6.3294118e+00
   1.1547883e+03   4.0000000e+01   6.9000000e+01   5.3200000e+02   5.2000000e+01   2.6000000e+01   2.8333333e+01   1.0793103e+01   2.0000000e+00   9.0000000e+00   2.9000000e+01   6.2500000e+00
   1.0327997e+02   7.0000000e+00   5.0000000e+00   6.5000000e+01   2.1000000e+01   1.0500000e+01   1.1666667e+01   7.0000000e+00   2.0000000e+00   3.0000000e+00   2.0000000e+00   6.6000000e+00
   8.2185766e+02   3.4000000e+01   5.0000000e+01   4.2100000e+02   5.0000000e+01   2.5000000e+01   2.8428571e+01   9.0400000e+00   2.0000000e+00   7.0000000e+00   2.5000000e+01   6.2625000e+00
   1.1265866e+03   4.1000000e+01   6.2000000e+01   5.0400000e+02   5.1000000e+01   2.5500000e+01   2.8333333e+01   8.9666667e+00   2.0000000e+00   9.0000000e+00   3.0000000e+01   6.1530612e+00
   1.1174343e+03   3.7000000e+01   5.8000000e+01   5.0500000e+02   5.2000000e+01   2.6000000e+01   3.3428571e+01   1.0357143e+01   2.0000000e+00   7.0000000e+00   2.8000000e+01   6.3695652e+00
   1.0775690e+03   3.5000000e+01   5.6000000e+01   4.5300000e+02   5.3000000e+01   2.6500000e+01   2.6428571e+01   1.0730769e+01   2.0000000e+00   7.0000000e+00   2.6000000e+01   6.3012048e+00
   1.2636252e+02   7.0000000e+00   5.0000000e+00   6.3000000e+01   2.9000000e+01   1.4500000e+01   8.6666667e+00   6.0000000e+00   2.0000000e+00   3.0000000e+00   2.0000000e+00   6.3000000e+00
   7.9044668e+02   3.7000000e+01   4.8000000e+01   4.0600000e+02   5.1000000e+01   2.5500000e+01   2.6428571e+01   8.0000000e+00   2.0000000e+00   7.0000000e+00   2.8000000e+01   6.0750000e+00
   5.1601320e+02   2.4000000e+01   3.2000000e+01   2.5000000e+02   4.6000000e+01   2.3000000e+01   2.0000000e+01   6.8000000e+00   2.0000000e+00   7.0000000e+00   1.5000000e+01   5.9803922e+00
   6.6852027e+02   2.8000000e+01   4.0000000e+01   3.3100000e+02   4.5000000e+01   2.2500000e+01   2.6800000e+01   9.3809524e+00   2.0000000e+00   5.0000000e+00   2.1000000e+01   6.5238095e+00
   8.5807950e+02   2.7000000e+01   5.1000000e+01   4.1200000e+02   5.1000000e+01   2.5500000e+01   2.9166667e+01   1.2736842e+01   2.0000000e+00   6.0000000e+00   1.9000000e+01   6.3333333e+00
   1.1471488e+03   3.6000000e+01   6.6000000e+01   4.8800000e+02   5.1000000e+01   2.5500000e+01   2.5750000e+01   1.1846154e+01   2.0000000e+00   8.0000000e+00   2.6000000e+01   6.1413043e+00
   1.1354008e+03   4.4000000e+01   7.2000000e+01   5.6600000e+02   5.2000000e+01   2.6000000e+01   2.9000000e+01   1.0852941e+01   2.0000000e+00   8.0000000e+00   3.4000000e+01   6.1192661e+00
   6.3835484e+02   3.0000000e+01   4.1000000e+01   3.1700000e+02   4.8000000e+01   2.4000000e+01   2.3714286e+01   6.9523810e+00   2.0000000e+00   7.0000000e+00   2.1000000e+01   5.8923077e+00
   7.8445075e+01   5.0000000e+00   4.0000000e+00   4.3000000e+01   1.9000000e+01   9.5000000e+00   1.0000000e+01   7.0000000e+00   2.0000000e+00   2.0000000e+00   1.0000000e+00   6.1428571e+00
   1.1676570e+03   3.9000000e+01   6.5000000e+01   5.0900000e+02   5.5000000e+01   2.7500000e+01   3.2000000e+01   1.0000000e+01   2.0000000e+00   7.0000000e+00   3.0000000e+01   6.2551020e+00
   1.0845669e+03   4.6000000e+01   6.5000000e+01   5.4400000e+02   5.1000000e+01   2.5500000e+01   2.8777778e+01   8.8285714e+00   2.0000000e+00   9.0000000e+00   3.5000000e+01   6.1509434e+00
   8.9188921e+01   1.1000000e+01   1.2000000e+01   9.0000000e+01   3.6000000e+01   1.8000000e+01   1.0750000e+01   4.4000000e+00   2.0000000e+00   4.0000000e+00   5.0000000e+00   6.0500000e+00
   7.6948078e+02   3.4000000e+01   5.0000000e+01   4.0500000e+02   4.7000000e+01   2.3500000e+01   2.8285714e+01   8.5600000e+00   2.0000000e+00   7.0000000e+00   2.5000000e+01   6.2560976e+00
   1.0789002e+02   7.0000000e+00   6.0000000e+00   6.5000000e+01   2.7000000e+01   1.3500000e+01   1.0000000e+01   6.5000000e+00   2.0000000e+00   3.0000000e+00   2.0000000e+00   6.2727273e+00
   3.7535130e+02   2.0000000e+01   2.8000000e+01   2.2500000e+02   4.1000000e+01   2.0500000e+01   1.9333333e+01   8.4166667e+00   2.0000000e+00   6.0000000e+00   1.2000000e+01   6.1818182e+00
   3.7997354e+02   2.0000000e+01   2.2000000e+01   2.0900000e+02   4.1000000e+01   2.0500000e+01   2.1600000e+01   6.3076923e+00   2.0000000e+00   5.0000000e+00   1.3000000e+01   6.3333333e+00
   1.3199398e+02   6.0000000e+00   6.0000000e+00   5.7000000e+01   2.7000000e+01   7.0000000e+00   2.7000000e+01   7.0000000e+00   2.0000000e+00   1.0000000e+00   3.0000000e+00   6.2000000e+00
   6.5019960e+02   3.0000000e+01   4.4000000e+01   3.5100000e+02   4.6000000e+01   2.3000000e+01   2.8166667e+01   8.6818182e+00   2.0000000e+00   6.0000000e+00   2.2000000e+01   6.2647059e+00
   7.8230848e+01   7.0000000e+00   5.0000000e+00   6.2000000e+01   2.7000000e+01   1.3500000e+01   8.2500000e+00   6.0000000e+00   2.0000000e+00   4.0000000e+00   1.0000000e+00   6.2000000e+00
   8.1072553e+01   6.0000000e+00   5.0000000e+00   5.1000000e+01   2.6000000e+01   1.3000000e+01   7.6666667e+00   6.0000000e+00   2.0000000e+00   3.0000000e+00   1.0000000e+00   5.6666667e+00
   1.0889186e+03   3.4000000e+01   5.5000000e+01   4.1400000e+02   5.3000000e+01   2.6500000e+01   2.4714286e+01   9.9600000e+00   2.0000000e+00   7.0000000e+00   2.5000000e+01   5.7857143e+00
   7.5066231e+02   3.3000000e+01   4.5000000e+01   3.8500000e+02   4.8000000e+01   2.4000000e+01   2.3500000e+01   8.6956522e+00   2.0000000e+00   8.0000000e+00   2.3000000e+01   6.2328767e+00
   1.1713883e+03   4.5000000e+01   6.4000000e+01   5.2000000e+02   5.0000000e+01   2.5000000e+01   2.7888889e+01   8.5588235e+00   2.0000000e+00   9.0000000e+00   3.4000000e+01   5.9405941e+00
   1.3848296e+03   4.4000000e+01   8.3000000e+01   6.0300000e+02   5.5000000e+01   2.7500000e+01   3.0250000e+01   1.1764706e+01   2.0000000e+00   8.0000000e+00   3.4000000e+01   5.9829060e+00
   1.0317836e+03   3.8000000e+01   6.2000000e+01   5.0100000e+02   5.3000000e+01   2.6500000e+01   2.5777778e+01   1.0666667e+01   2.0000000e+00   9.0000000e+00   2.7000000e+01   6.2967033e+00
   1.1691166e+03   3.9000000e+01   6.0000000e+01   4.7400000e+02   5.1000000e+01   2.5500000e+01   2.5222222e+01   9.6428571e+00   2.0000000e+00   9.0000000e+00   2.8000000e+01   6.1063830e+00
   3.2431063e+02   1.8000000e+01   1.8000000e+01   1.7600000e+02   3.7000000e+01   1.8500000e+01   1.9400000e+01   5.5454545e+00   2.0000000e+00   5.0000000e+00   1.1000000e+01   6.2647059e+00
   4.6420021e+02   2.4000000e+01   3.2000000e+01   2.4500000e+02   4.7000000e+01   2.3500000e+01   2.0333333e+01   6.8125000e+00   2.0000000e+00   6.0000000e+00   1.6000000e+01   6.3191489e+00
   1.8900862e+02   1.4000000e+01   1.1000000e+01   1.0800000e+02   3.3000000e+01   1.6500000e+01   1.5000000e+01   3.6250000e+00   2.0000000e+00   4.0000000e+00   8.0000000e+00   6.0000000e+00
   1.1643308e+03   4.5000000e+01   6.5000000e+01   5.3100000e+02   5.0000000e+01   2.5000000e+01   3.0875000e+01   8.8285714e+00   2.0000000e+00   8.0000000e+00   3.5000000e+01   5.8380952e+00
   1.0193919e+02   7.0000000e+00   5.0000000e+00   7.0000000e+01   2.4000000e+01   1.1000000e+01   1.2333333e+01   7.5000000e+00   2.0000000e+00   3.0000000e+00   2.0000000e+00   7.0000000e+00
   3.0128196e+02   2.0000000e+01   2.7000000e+01   1.9800000e+02   4.3000000e+01   2.1500000e+01   1.7500000e+01   6.5000000e+00   2.0000000e+00   6.0000000e+00   1.2000000e+01   5.8536585e+00
   8.1592735e+02   3.5000000e+01   4.9000000e+01   3.5700000e+02   5.0000000e+01   2.5000000e+01   2.0625000e+01   7.8800000e+00   2.0000000e+00   8.0000000e+00   2.5000000e+01   5.9102564e+00
   6.7221731e+01   8.0000000e+00   6.0000000e+00   7.3000000e+01   2.0000000e+01   1.0000000e+01   1.1333333e+01   8.0000000e+00   2.0000000e+00   3.0000000e+00   3.0000000e+00   6.6363636e+00
   8.1340014e+02   4.0000000e+01   5.1000000e+01   4.4500000e+02   5.0000000e+01   2.5000000e+01   2.6625000e+01   7.8666667e+00   2.0000000e+00   8.0000000e+00   3.0000000e+01   6.3928571e+00
   7.7094315e+01   7.0000000e+00   6.0000000e+00   6.5000000e+01   2.2000000e+01   1.1000000e+01   1.1000000e+01   7.5000000e+00   2.0000000e+00   3.0000000e+00   2.0000000e+00   6.0000000e+00
   5.2368037e+02   2.8000000e+01   3.6000000e+01   3.0100000e+02   4.8000000e+01   2.4000000e+01   1.8625000e+01   8.1111111e+00   2.0000000e+00   8.0000000e+00   1.8000000e+01   6.1166667e+00
   6.6571333e+02   3.4000000e+01   4.1000000e+01   3.0700000e+02   4.6000000e+01   2.3000000e+01   1.9875000e+01   6.0833333e+00   2.0000000e+00   8.0000000e+00   2.4000000e+01   5.9545455e+00
   1.0430325e+03   3.7000000e+01   6.0000000e+01   4.4900000e+02   5.3000000e+01   2.6500000e+01   2.5250000e+01   9.5555556e+00   2.0000000e+00   8.0000000e+00   2.7000000e+01   6.0449438e+00
   1.2358373e+03   4.3000000e+01   6.6000000e+01   5.0700000e+02   5.0000000e+01   2.5000000e+01   2.7222222e+01   9.1875000e+00   2.0000000e+00   9.0000000e+00   3.2000000e+01   5.9801980e+00
   1.0395602e+03   4.5000000e+01   5.8000000e+01   5.0500000e+02   5.0000000e+01   2.5000000e+01   2.8555556e+01   7.9705882e+00   2.0000000e+00   9.0000000e+00   3.4000000e+01   6.0721649e+00
   9.7776757e+02   3.5000000e+01   5.7000000e+01   4.4500000e+02   5.3000000e+01   2.6500000e+01   2.9000000e+01   9.5769231e+00   2.0000000e+00   7.0000000e+00   2.6000000e+01   6.0235294e+00
   8.6988436e+01   7.0000000e+00   6.0000000e+00   7.2000000e+01   2.9000000e+01   1.4500000e+01   1.1666667e+01   6.5000000e+00   2.0000000e+00   3.0000000e+00   2.0000000e+00   6.5454545e+00
   1.3535562e+02   1.1000000e+01   6.0000000e+00   8.9000000e+01   2.2000000e+01   1.1000000e+01   1.1500000e+01   5.2000000e+00   2.0000000e+00   4.0000000e+00   5.0000000e+00   5.9333333e+00
   1.0322861e+02   8.0000000e+00   5.0000000e+00   7.4000000e+01   2.3000000e+01   1.0500000e+01   1.1666667e+01   7.3333333e+00   2.0000000e+00   3.0000000e+00   3.0000000e+00   6.7272727e+00
   1.2064547e+03   4.5000000e+01   6.6000000e+01   5.4000000e+02   5.4000000e+01   2.7000000e+01   3.0875000e+01   9.0285714e+00   2.0000000e+00   8.0000000e+00   3.5000000e+01   6.0673077e+00
   5.1809595e+02   2.3000000e+01   3.7000000e+01   3.1600000e+02   4.9000000e+01   2.4500000e+01   2.2333333e+01   1.1333333e+01   2.0000000e+00   6.0000000e+00   1.5000000e+01   6.4642857e+00
   1.0988925e+03   4.0000000e+01   5.7000000e+01   4.4500000e+02   5.5000000e+01   2.7500000e+01   2.1444444e+01   9.0000000e+00   2.0000000e+00   9.0000000e+00   2.9000000e+01   5.8152174e+00
   1.0206019e+02   7.0000000e+00   5.0000000e+00   6.1000000e+01   2.1000000e+01   1.0500000e+01   1.1333333e+01   5.0000000e+00   2.0000000e+00   3.0000000e+00   2.0000000e+00   6.4000000e+00
   1.7776596e+02   1.1000000e+01   1.2000000e+01   1.0200000e+02   3.4000000e+01   1.7000000e+01   1.1200000e+01   5.7500000e+00   2.0000000e+00   5.0000000e+00   4.0000000e+00   5.4761905e+00
   7.5293447e+01   7.0000000e+00   7.0000000e+00   6.8000000e+01   3.6000000e+01   1.8000000e+01   8.2500000e+00   5.0000000e+00   2.0000000e+00   4.0000000e+00   1.0000000e+00   6.1818182e+00
   1.0976191e+03   4.0000000e+01   5.7000000e+01   4.6900000e+02   5.3000000e+01   2.6500000e+01   2.3777778e+01   9.1379310e+00   2.0000000e+00   9.0000000e+00   2.9000000e+01   6.1505376e+00
