   1.2401204e+03   3.7000000e+01   5.5000000e+01   4.6800000e+02   5.2000000e+01   2.6000000e+01   2.4444444e+01   1.0076923e+01   2.0000000e+00   9.0000000e+00   2.6000000e+01   6.5795455e+00
   1.3325942e+03   3.2000000e+01   5.1000000e+01   4.3600000e+02   5.8000000e+01   2.9000000e+01   2.3250000e+01   1.1318182e+01   2.0000000e+00   8.0000000e+00   2.2000000e+01   6.4545455e+00
   1.1780126e+03   2.8000000e+01   5.6000000e+01   4.4600000e+02   5.4000000e+01   2.7000000e+01   2.9000000e+01   1.3800000e+01   2.0000000e+00   6.0000000e+00   2.0000000e+01   6.6578947e+00
   1.4928507e+03   4.1000000e+01   5.9000000e+01   5.0900000e+02   5.4000000e+01   2.7000000e+01   2.9750000e+01   9.2903226e+00   2.0000000e+00   8.0000000e+00   3.1000000e+01   6.4895833e+00
   1.4634374e+03   3.4000000e+01   5.2000000e+01   4.4000000e+02   5.6000000e+01   2.8000000e+01   2.3714286e+01   1.1320000e+01   2.0000000e+00   7.0000000e+00   2.5000000e+01   6.5061728e+00
   1.3521586e+03   3.4000000e+01   4.9000000e+01   4.2300000e+02   5.4000000e+01   2.7000000e+01   2.0555556e+01   1.0652174e+01   2.0000000e+00   9.0000000e+00   2.3000000e+01   6.6447368e+00
   1.2096845e+03   3.1000000e+01   4.5000000e+01   3.8900000e+02   5.0000000e+01   2.5000000e+01   2.3857143e+01   1.0090909e+01   2.0000000e+00   7.0000000e+00   2.2000000e+01   6.1805556e+00
   1.4109292e+03   4.4000000e+01   6.0000000e+01   4.9300000e+02   4.8000000e+01   2.4000000e+01   2.2818182e+01   8.6129032e+00   2.0000000e+00   1.1000000e+01   3.1000000e+01   6.4062500e+00
   1.6190974e+03   4.3000000e+01   6.3000000e+01   5.2300000e+02   5.5000000e+01   2.7500000e+01   2.7333333e+01   9.4687500e+00   2.0000000e+00   9.0000000e+00   3.2000000e+01   6.4166667e+00
   1.4742635e+03   3.6000000e+01   5.5000000e+01   4.9000000e+02   5.7000000e+01   2.8500000e+01   3.0285714e+01   1.0370370e+01   2.0000000e+00   7.0000000e+00   2.7000000e+01   6.8488372e+00
   1.3304787e+03   3.3000000e+01   5.7000000e+01   5.0900000e+02   5.6000000e+01   2.8000000e+01   2.8750000e+01   1.2304348e+01   2.0000000e+00   8.0000000e+00   2.3000000e+01   6.8720930e+00
   1.5235558e+03   3.5000000e+01   5.9000000e+01   4.9200000e+02   5.2000000e+01   2.6000000e+01   3.0428571e+01   1.1384615e+01   2.0000000e+00   7.0000000e+00   2.6000000e+01   6.5494505e+00
   1.2949933e+03   2.9000000e+01   5.5000000e+01   4.4700000e+02   5.5000000e+01   2.7500000e+01   3.2000000e+01   1.2714286e+01   2.0000000e+00   6.0000000e+00   2.1000000e+01   6.6883117e+00
   1.3880420e+03   3.9000000e+01   5.9000000e+01   5.1000000e+02   5.2000000e+01   2.6000000e+01   2.8875000e+01   1.0103448e+01   2.0000000e+00   8.0000000e+00   2.9000000e+01   6.5888889e+00
   1.2136773e+03   2.9000000e+01   5.0000000e+01   4.2000000e+02   5.6000000e+01   2.8000000e+01   2.5142857e+01   1.2150000e+01   2.0000000e+00   7.0000000e+00   2.0000000e+01   6.7397260e+00
   1.4081374e+03   4.1000000e+01   5.7000000e+01   4.7400000e+02   4.8000000e+01   2.4000000e+01   2.7875000e+01   8.8709677e+00   2.0000000e+00   8.0000000e+00   3.1000000e+01   6.2903226e+00
   1.3091751e+03   3.3000000e+01   5.0000000e+01   4.4200000e+02   5.1000000e+01   2.5500000e+01   2.4750000e+01   1.0826087e+01   2.0000000e+00   8.0000000e+00   2.3000000e+01   6.4743590e+00
   1.4464202e+03   3.3000000e+01   5.2000000e+01   4.3500000e+02   5.4000000e+01   2.7000000e+01   2.9666667e+01   1.0720000e+01   2.0000000e+00   6.0000000e+00   2.5000000e+01   6.4556962e+00
   1.2923537e+03   3.5000000e+01   5.1000000e+01   4.5400000e+02   5.5000000e+01   2.7500000e+01   2.8857143e+01   9.8076923e+00   2.0000000e+00   7.0000000e+00   2.6000000e+01   6.8170732e+00
   1.7353661e+03   4.2000000e+01   6.2000000e+01   5.6100000e+02   5.1000000e+01   2.5500000e+01   3.0750000e+01   1.0500000e+01   2.0000000e+00   8.0000000e+00   3.2000000e+01   6.8367347e+00
   1.6433917e+03   3.7000000e+01   5.9000000e+01   5.1000000e+02   4.9000000e+01   2.4500000e+01   2.7333333e+01   1.0884615e+01   2.0000000e+00   9.0000000e+00   2.6000000e+01   6.7500000e+00
   1.3778404e+03   4.1000000e+01   5.7000000e+01   4.6200000e+02   4.7000000e+01   2.3500000e+01   2.5875000e+01   9.0645161e+00   2.0000000e+00   8.0000000e+00   3.1000000e+01   6.2022472e+00
   1.3986677e+03   3.8000000e+01   5.8000000e+01   4.9800000e+02   5.0000000e+01   2.5000000e+01   2.9250000e+01   1.0107143e+01   2.0000000e+00   8.0000000e+00   2.8000000e+01   6.5604396e+00
   1.9821368e+03   5.2000000e+01   7.2000000e+01   5.9100000e+02   5.2000000e+01   2.6000000e+01   2.9200000e+01   8.1250000e+00   2.0000000e+00   1.0000000e+01   4.0000000e+01   6.3035714e+00
   1.3303973e+03   3.7000000e+01   5.9000000e+01   4.9400000e+02   5.7000000e+01   2.8500000e+01   3.1285714e+01   1.0428571e+01   2.0000000e+00   7.0000000e+00   2.8000000e+01   6.5444444e+00
   1.6440967e+03   3.6000000e+01   6.8000000e+01   5.3100000e+02   5.6000000e+01   2.8000000e+01   3.1000000e+01   1.2296296e+01   2.0000000e+00   7.0000000e+00   2.7000000e+01   6.3200000e+00
   1.4537430e+03   3.3000000e+01   6.2000000e+01   5.0000000e+02   5.3000000e+01   2.6500000e+01   3.0000000e+01   1.2833333e+01   2.0000000e+00   7.0000000e+00   2.4000000e+01   6.3626374e+00
   1.5209492e+03   3.8000000e+01   5.4000000e+01   4.7000000e+02   5.1000000e+01   2.5500000e+01   2.8000000e+01   9.3928571e+00   2.0000000e+00   8.0000000e+00   2.8000000e+01   6.6067416e+00
   1.4966314e+03   3.5000000e+01   6.2000000e+01   4.9100000e+02   5.6000000e+01   2.8000000e+01   3.0714286e+01   1.1076923e+01   2.0000000e+00   7.0000000e+00   2.6000000e+01   6.4175824e+00
   1.5368978e+03   4.2000000e+01   6.6000000e+01   5.4600000e+02   5.2000000e+01   2.6000000e+01   3.1625000e+01   1.0093750e+01   2.0000000e+00   8.0000000e+00   3.2000000e+01   6.3786408e+00
   1.6463814e+03   3.3000000e+01   5.4000000e+01   4.7000000e+02   5.4000000e+01   2.7000000e+01   2.4750000e+01   1.2260870e+01   2.0000000e+00   8.0000000e+00   2.3000000e+01   6.5000000e+00
   1.2610803e+03   3.3000000e+01   5.9000000e+01   4.6500000e+02   5.3000000e+01   2.6500000e+01   3.2333333e+01   1.1400000e+01   2.0000000e+00   6.0000000e+00   2.5000000e+01   6.4457831e+00
   1.3037864e+03   3.2000000e+01   4.8000000e+01   3.8700000e+02   4.8000000e+01   2.4000000e+01   2.3714286e+01   9.9130435e+00   2.0000000e+00   7.0000000e+00   2.3000000e+01   6.2297297e+00
   1.4916960e+03   3.8000000e+01   5.3000000e+01   4.2200000e+02   5.1000000e+01   2.5500000e+01   2.7000000e+01   8.6206897e+00   2.0000000e+00   7.0000000e+00   2.9000000e+01   6.4096386e+00
   1.5628445e+03   3.8000000e+01   6.0000000e+01   5.1600000e+02   5.6000000e+01   2.8000000e+01   3.0142857e+01   1.1137931e+01   2.0000000e+00   7.0000000e+00   2.9000000e+01   6.6702128e+00
   1.3311912e+03   3.9000000e+01   5.1000000e+01   4.7200000e+02   4.9000000e+01   2.4500000e+01   2.7125000e+01   9.0000000e+00   2.0000000e+00   8.0000000e+00   2.9000000e+01   6.5411765e+00
   1.2381969e+03   3.4000000e+01   5.1000000e+01   4.3800000e+02   5.2000000e+01   2.6000000e+01   2.8857143e+01   9.9200000e+00   2.0000000e+00   7.0000000e+00   2.5000000e+01   6.6875000e+00
   1.3513691e+03   3.5000000e+01   5.8000000e+01   4.5800000e+02   4.9000000e+01   2.4500000e+01   2.6857143e+01   1.1192308e+01   2.0000000e+00   7.0000000e+00   2.6000000e+01   6.3678161e+00
   1.3129060e+03   3.7000000e+01   5.4000000e+01   4.6000000e+02   5.6000000e+01   2.8000000e+01   2.5285714e+01   1.0357143e+01   2.0000000e+00   7.0000000e+00   2.8000000e+01   6.5542169e+00
   1.2136009e+03   3.1000000e+01   5.4000000e+01   4.2500000e+02   5.2000000e+01   2.6000000e+01   2.8285714e+01   1.1181818e+01   2.0000000e+00   7.0000000e+00   2.2000000e+01   6.3717949e+00
   1.6240993e+03   4.2000000e+01   5.9000000e+01   5.1900000e+02   5.2000000e+01   2.6000000e+01   2.6444444e+01   9.6129032e+00   2.0000000e+00   9.0000000e+00   3.1000000e+01   6.6842105e+00
   1.5450053e+03   4.1000000e+01   5.8000000e+01   5.3800000e+02   5.3000000e+01   2.6500000e+01   2.7333333e+01   1.0433333e+01   2.0000000e+00   9.0000000e+00   3.0000000e+01   6.8709677e+00
   1.3489008e+03   3.5000000e+01   5.8000000e+01   4.9200000e+02   5.5000000e+01   2.7500000e+01   2.9142857e+01   1.1500000e+01   2.0000000e+00   7.0000000e+00   2.6000000e+01   6.3977273e+00
   1.5311680e+03   3.7000000e+01   5.8000000e+01   4.8200000e+02   5.3000000e+01   2.6500000e+01   2.7250000e+01   1.0370370e+01   2.0000000e+00   8.0000000e+00   2.7000000e+01   6.4269663e+00
   1.6117660e+03   4.0000000e+01   6.5000000e+01   4.9300000e+02   5.0000000e+01   2.5000000e+01   2.9250000e+01   9.6333333e+00   2.0000000e+00   8.0000000e+00   3.0000000e+01   6.2142857e+00
   1.9008508e+03   4.1000000e+01   6.6000000e+01   5.2400000e+02   5.6000000e+01   2.8000000e+01   2.6625000e+01   1.0548387e+01   2.0000000e+00   8.0000000e+00   3.1000000e+01   6.2400000e+00
   1.2519456e+03   3.6000000e+01   5.6000000e+01   4.8000000e+02   5.4000000e+01   2.7000000e+01   3.3500000e+01   1.0321429e+01   2.0000000e+00   6.0000000e+00   2.8000000e+01   6.5057471e+00
   1.4580980e+03   3.4000000e+01   6.2000000e+01   5.1300000e+02   5.5000000e+01   2.7500000e+01   3.1000000e+01   1.2160000e+01   2.0000000e+00   7.0000000e+00   2.5000000e+01   6.6781609e+00
   1.4795891e+03   3.9000000e+01   6.0000000e+01   5.1500000e+02   5.4000000e+01   2.7000000e+01   2.6000000e+01   1.0607143e+01   2.0000000e+00   9.0000000e+00   2.8000000e+01   6.4468085e+00
   1.4250132e+03   3.5000000e+01   5.2000000e+01   4.4900000e+02   5.1000000e+01   2.5500000e+01   2.4750000e+01   1.0280000e+01   2.0000000e+00   8.0000000e+00   2.5000000e+01   6.2891566e+00
   1.6882379e+03   3.8000000e+01   6.7000000e+01   5.2900000e+02   5.4000000e+01   2.7000000e+01   3.1000000e+01   1.2068966e+01   2.0000000e+00   7.0000000e+00   2.9000000e+01   6.5643564e+00
   1.4058233e+03   3.4000000e+01   5.4000000e+01   4.5500000e+02   5.4000000e+01   2.7000000e+01   2.7142857e+01   1.0840000e+01   2.0000000e+00   7.0000000e+00   2.5000000e+01   6.5061728e+00
   1.5681404e+03   3.6000000e+01   5.9000000e+01   4.8300000e+02   5.7000000e+01   2.8500000e+01   2.8714286e+01   1.0703704e+01   2.0000000e+00   7.0000000e+00   2.7000000e+01   6.4482759e+00
   1.3234040e+03   3.6000000e+01   6.2000000e+01   5.4400000e+02   5.2000000e+01   2.6000000e+01   3.3285714e+01   1.2185185e+01   2.0000000e+00   7.0000000e+00   2.7000000e+01   6.7741935e+00
   1.7719442e+03   3.8000000e+01   6.6000000e+01   5.0300000e+02   5.6000000e+01   2.8000000e+01   3.2142857e+01   1.0689655e+01   2.0000000e+00   7.0000000e+00   2.9000000e+01   6.4081633e+00
   1.2075007e+03   3.4000000e+01   5.2000000e+01   3.8600000e+02   5.1000000e+01   2.5500000e+01   3.0166667e+01   8.3461538e+00   2.0000000e+00   6.0000000e+00   2.6000000e+01   6.3037975e+00
   1.4271823e+03   3.7000000e+01   5.7000000e+01   4.8700000e+02   5.3000000e+01   2.6500000e+01   3.2500000e+01   1.0758621e+01   2.0000000e+00   6.0000000e+00   2.9000000e+01   6.5862069e+00
   1.4099193e+03   3.3000000e+01   5.7000000e+01   4.5600000e+02   5.3000000e+01   2.6500000e+01   3.2000000e+01   1.1200000e+01   2.0000000e+00   6.0000000e+00   2.5000000e+01   6.4750000e+00
   1.3281562e+03   4.0000000e+01   5.8000000e+01   5.2200000e+02   5.3000000e+01   2.6500000e+01   3.1000000e+01   9.5000000e+00   2.0000000e+00   8.0000000e+00   3.0000000e+01   6.5851064e+00
   1.4836875e+03   4.3000000e+01   6.0000000e+01   5.1400000e+02   5.2000000e+01   2.6000000e+01   2.9500000e+01   9.0909091e+00   2.0000000e+00   8.0000000e+00   3.3000000e+01   6.2842105e+00
   1.2412688e+03   3.3000000e+01   5.1000000e+01   4.0200000e+02   4.9000000e+01   2.4500000e+01   2.4875000e+01   9.3913043e+00   2.0000000e+00   8.0000000e+00   2.3000000e+01   6.3376623e+00
   1.5086143e+03   3.9000000e+01   6.2000000e+01   4.8800000e+02   5.2000000e+01   2.6000000e+01   2.8750000e+01   9.5517241e+00   2.0000000e+00   8.0000000e+00   2.9000000e+01   6.2150538e+00
   1.5827154e+03   4.4000000e+01   5.9000000e+01   5.0800000e+02   5.2000000e+01   2.6000000e+01   2.6500000e+01   8.2812500e+00   2.0000000e+00   1.0000000e+01   3.2000000e+01   6.5204082e+00
   1.5234543e+03   3.6000000e+01   5.8000000e+01   5.0100000e+02   5.5000000e+01   2.7500000e+01   2.6500000e+01   1.1653846e+01   2.0000000e+00   8.0000000e+00   2.6000000e+01   6.7415730e+00
   1.7122645e+03   3.6000000e+01   6.2000000e+01   5.4200000e+02   4.8000000e+01   2.4000000e+01   3.4333333e+01   1.2821429e+01   2.0000000e+00   6.0000000e+00   2.8000000e+01   6.4842105e+00
   1.0668931e+03   2.9000000e+01   4.5000000e+01   3.8200000e+02   5.8000000e+01   2.9000000e+01   2.4000000e+01   1.0250000e+01   2.0000000e+00   7.0000000e+00   2.0000000e+01   6.6231884e+00
   1.3200467e+03   3.4000000e+01   5.3000000e+01   4.7000000e+02   5.6000000e+01   2.8000000e+01   2.7000000e+01   1.0875000e+01   2.0000000e+00   8.0000000e+00   2.4000000e+01   6.4096386e+00
   1.7601194e+03   3.4000000e+01   6.3000000e+01   5.2700000e+02   5.4000000e+01   2.7000000e+01   3.0000000e+01   1.3360000e+01   2.0000000e+00   7.0000000e+00   2.5000000e+01   6.5505618e+00
   1.3664749e+03   3.8000000e+01   6.0000000e+01   5.0800000e+02   5.4000000e+01   2.7000000e+01   3.1750000e+01   9.9285714e+00   2.0000000e+00   8.0000000e+00   2.8000000e+01   6.5168539e+00
   1.4164024e+03   2.7000000e+01   4.8000000e+01   4.0500000e+02   5.4000000e+01   2.7000000e+01   2.7666667e+01   1.2684211e+01   2.0000000e+00   6.0000000e+00   1.9000000e+01   6.4857143e+00
   1.4625931e+03   3.3000000e+01   5.6000000e+01   4.6900000e+02   5.6000000e+01   2.8000000e+01   2.6428571e+01   1.2041667e+01   2.0000000e+00   7.0000000e+00   2.4000000e+01   6.6341463e+00
   1.5703661e+03   3.7000000e+01   6.1000000e+01   4.8900000e+02   5.3000000e+01   2.6500000e+01   2.6222222e+01   1.0346154e+01   2.0000000e+00   9.0000000e+00   2.6000000e+01   6.5842697e+00
   1.3246144e+03   3.1000000e+01   5.3000000e+01   4.2900000e+02   5.3000000e+01   2.6500000e+01   2.6428571e+01   1.1272727e+01   2.0000000e+00   7.0000000e+00   2.2000000e+01   6.4810127e+00
   1.3113594e+03   3.4000000e+01   5.7000000e+01   4.7400000e+02   5.3000000e+01   2.6500000e+01   2.7857143e+01   1.1360000e+01   2.0000000e+00   7.0000000e+00   2.5000000e+01   6.5348837e+00
   1.3508159e+03   3.7000000e+01   6.1000000e+01   5.1600000e+02   5.2000000e+01   2.6000000e+01   2.9375000e+01   1.0888889e+01   2.0000000e+00   8.0000000e+00   2.7000000e+01   6.5730337e+00
   1.5669245e+03   3.5000000e+01   6.2000000e+01   4.8300000e+02   5.6000000e+01   2.8000000e+01   2.6571429e+01   1.2038462e+01   2.0000000e+00   7.0000000e+00   2.6000000e+01   6.3820225e+00
   1.5458204e+03   3.3000000e+01   6.3000000e+01   4.9900000e+02   5.3000000e+01   2.6500000e+01   2.7500000e+01   1.2782609e+01   2.0000000e+00   8.0000000e+00   2.3000000e+01   6.5326087e+00
   1.5672273e+03   2.7000000e+01   5.6000000e+01   4.3900000e+02   5.4000000e+01   2.7000000e+01   2.6666667e+01   1.5368421e+01   2.0000000e+00   6.0000000e+00   1.9000000e+01   6.6250000e+00
   1.7364526e+03   4.1000000e+01   7.2000000e+01   5.3900000e+02   5.4000000e+01   2.7000000e+01   3.0750000e+01   1.0451613e+01   2.0000000e+00   8.0000000e+00   3.1000000e+01   6.4411765e+00
   1.7057130e+03   4.3000000e+01   6.7000000e+01   5.5200000e+02   4.9000000e+01   2.4500000e+01   2.9777778e+01   1.0031250e+01   2.0000000e+00   9.0000000e+00   3.2000000e+01   6.5142857e+00
   1.3111566e+03   2.9000000e+01   5.6000000e+01   4.6700000e+02   5.8000000e+01   2.9000000e+01   2.3250000e+01   1.4947368e+01   2.0000000e+00   8.0000000e+00   1.9000000e+01   6.7160494e+00
   1.5580028e+03   4.0000000e+01   5.9000000e+01   5.3300000e+02   5.5000000e+01   2.7500000e+01   2.9000000e+01   1.0466667e+01   2.0000000e+00   8.0000000e+00   3.0000000e+01   6.5698925e+00
   1.2695378e+03   3.3000000e+01   5.4000000e+01   4.1600000e+02   5.0000000e+01   2.5000000e+01   2.6571429e+01   1.0083333e+01   2.0000000e+00   7.0000000e+00   2.4000000e+01   6.2375000e+00
   1.1114747e+03   3.2000000e+01   4.5000000e+01   3.9700000e+02   5.6000000e+01   2.8000000e+01   2.6000000e+01   9.4782609e+00   2.0000000e+00   7.0000000e+00   2.3000000e+01   6.4583333e+00
   1.2301981e+03   3.3000000e+01   5.1000000e+01   4.6400000e+02   5.1000000e+01   2.5500000e+01   2.8000000e+01   1.1416667e+01   2.0000000e+00   7.0000000e+00   2.4000000e+01   6.7125000e+00
   1.5294090e+03   3.1000000e+01   5.4000000e+01   4.3500000e+02   5.5000000e+01   2.7500000e+01   2.8833333e+01   1.1565217e+01   2.0000000e+00   6.0000000e+00   2.3000000e+01   6.3205128e+00
   1.4242553e+03   4.1000000e+01   5.3000000e+01   4.9500000e+02   4.9000000e+01   2.4500000e+01   2.9000000e+01   8.9032258e+00   2.0000000e+00   8.0000000e+00   3.1000000e+01   6.7954545e+00
   1.3956262e+03   3.2000000e+01   5.7000000e+01   4.7300000e+02   5.3000000e+01   2.6500000e+01   3.0285714e+01   1.2173913e+01   2.0000000e+00   7.0000000e+00   2.3000000e+01   6.6190476e+00
   1.4425616e+03   4.0000000e+01   5.2000000e+01   4.6700000e+02   5.1000000e+01   2.5500000e+01   2.9000000e+01   8.3000000e+00   2.0000000e+00   8.0000000e+00   3.0000000e+01   6.5862069e+00
   1.3437540e+03   3.3000000e+01   5.4000000e+01   4.4700000e+02   5.4000000e+01   2.7000000e+01   2.5000000e+01   1.1708333e+01   2.0000000e+00   7.0000000e+00   2.4000000e+01   6.2168675e+00
   1.5802674e+03   4.1000000e+01   6.1000000e+01   5.1800000e+02   5.1000000e+01   2.5500000e+01   3.0875000e+01   9.4193548e+00   2.0000000e+00   8.0000000e+00   3.1000000e+01   6.2680412e+00
   1.4561156e+03   4.4000000e+01   6.3000000e+01   5.4900000e+02   5.6000000e+01   2.8000000e+01   2.5777778e+01   1.0121212e+01   2.0000000e+00   9.0000000e+00   3.3000000e+01   6.5800000e+00
   1.4545154e+03   3.8000000e+01   6.2000000e+01   5.3000000e+02   5.4000000e+01   2.7000000e+01   3.0000000e+01   1.1142857e+01   2.0000000e+00   8.0000000e+00   2.8000000e+01   6.6813187e+00
   1.4307862e+03   3.0000000e+01   6.2000000e+01   4.9100000e+02   5.4000000e+01   2.7000000e+01   3.2000000e+01   1.4227273e+01   2.0000000e+00   6.0000000e+00   2.2000000e+01   6.6705882e+00
   1.6846327e+03   4.4000000e+01   6.7000000e+01   5.4900000e+02   5.3000000e+01   2.6500000e+01   2.9750000e+01   1.0000000e+01   2.0000000e+00   8.0000000e+00   3.4000000e+01   6.2692308e+00
   1.5272100e+03   3.8000000e+01   6.0000000e+01   4.8600000e+02   5.4000000e+01   2.7000000e+01   2.8125000e+01   9.7857143e+00   2.0000000e+00   8.0000000e+00   2.8000000e+01   6.4719101e+00
   1.2602449e+03   3.6000000e+01   5.4000000e+01   4.6900000e+02   5.5000000e+01   2.7500000e+01   2.4250000e+01   1.0576923e+01   2.0000000e+00   8.0000000e+00   2.6000000e+01   6.6352941e+00
   1.0372529e+03   3.3000000e+01   5.1000000e+01   4.1300000e+02   4.8000000e+01   2.4000000e+01   2.4000000e+01   1.0333333e+01   2.0000000e+00   7.0000000e+00   2.4000000e+01   6.2051282e+00
   1.4742462e+03   4.0000000e+01   5.6000000e+01   4.9300000e+02   5.5000000e+01   2.7500000e+01   2.5111111e+01   9.4827586e+00   2.0000000e+00   9.0000000e+00   2.9000000e+01   6.6022727e+00
   1.4313937e+03   3.2000000e+01   5.6000000e+01   4.5300000e+02   5.4000000e+01   2.7000000e+01   2.9142857e+01   1.1130435e+01   2.0000000e+00   7.0000000e+00   2.3000000e+01   6.6913580e+00
