   1.8142068e+03   3.0000000e+01   6.1000000e+01   5.9700000e+02   5.8000000e+01   2.9000000e+01   3.7666667e+01   1.7090909e+01   2.0000000e+00   6.0000000e+00   2.2000000e+01   8.0581395e+00
   1.8219272e+03   3.2000000e+01   6.2000000e+01   5.7600000e+02   5.9000000e+01   2.9500000e+01   3.7666667e+01   1.5166667e+01   2.0000000e+00   6.0000000e+00   2.4000000e+01   7.9545455e+00
   1.5857282e+03   3.3000000e+01   5.4000000e+01   5.0700000e+02   5.5000000e+01   2.7500000e+01   3.2428571e+01   1.1833333e+01   2.0000000e+00   7.0000000e+00   2.4000000e+01   7.7317073e+00
   1.5691925e+03   3.5000000e+01   5.4000000e+01   5.6000000e+02   5.4000000e+01   2.7000000e+01   3.5166667e+01   1.3407407e+01   2.0000000e+00   6.0000000e+00   2.7000000e+01   8.3095238e+00
   1.6733184e+03   3.2000000e+01   6.2000000e+01   6.0500000e+02   5.8000000e+01   2.9000000e+01   3.4857143e+01   1.6260870e+01   2.0000000e+00   7.0000000e+00   2.3000000e+01   8.5000000e+00
   1.4222300e+03   3.3000000e+01   5.0000000e+01   5.9600000e+02   5.5000000e+01   2.7500000e+01   3.6000000e+01   1.4958333e+01   2.0000000e+00   7.0000000e+00   2.4000000e+01   8.8000000e+00
   1.7630380e+03   3.1000000e+01   5.6000000e+01   5.2800000e+02   5.9000000e+01   2.9500000e+01   3.5666667e+01   1.3956522e+01   2.0000000e+00   6.0000000e+00   2.3000000e+01   7.6666667e+00
   1.1632044e+03   2.4000000e+01   4.2000000e+01   4.3400000e+02   5.9000000e+01   2.9500000e+01   2.7166667e+01   1.5937500e+01   2.0000000e+00   6.0000000e+00   1.6000000e+01   8.2063492e+00
   1.8720448e+03   3.6000000e+01   5.8000000e+01   5.9800000e+02   5.8000000e+01   2.9000000e+01   3.2000000e+01   1.3615385e+01   2.0000000e+00   8.0000000e+00   2.6000000e+01   8.1348315e+00
   1.7765932e+03   4.6000000e+01   5.8000000e+01   5.8200000e+02   5.0000000e+01   2.5000000e+01   3.1222222e+01   9.1428571e+00   2.0000000e+00   9.0000000e+00   3.5000000e+01   8.0918367e+00
   1.6861001e+03   4.0000000e+01   5.7000000e+01   5.8900000e+02   5.4000000e+01   2.7000000e+01   3.2625000e+01   1.1433333e+01   2.0000000e+00   8.0000000e+00   3.0000000e+01   7.8222222e+00
   1.2124997e+03   3.2000000e+01   4.8000000e+01   4.8900000e+02   5.9000000e+01   2.9500000e+01   2.9125000e+01   1.1590909e+01   2.0000000e+00   8.0000000e+00   2.2000000e+01   8.5135135e+00
   1.6767776e+03   3.6000000e+01   5.3000000e+01   5.1400000e+02   5.5000000e+01   2.7500000e+01   2.8000000e+01   1.0920000e+01   2.0000000e+00   9.0000000e+00   2.5000000e+01   7.7619048e+00
   1.9566871e+03   3.5000000e+01   6.6000000e+01   6.2400000e+02   5.7000000e+01   2.8500000e+01   3.6333333e+01   1.5703704e+01   2.0000000e+00   6.0000000e+00   2.7000000e+01   8.2210526e+00
   1.4852166e+03   3.5000000e+01   5.3000000e+01   5.0700000e+02   5.7000000e+01   2.8500000e+01   3.1000000e+01   1.1384615e+01   2.0000000e+00   7.0000000e+00   2.6000000e+01   7.9390244e+00
   1.6392080e+03   3.2000000e+01   5.6000000e+01   5.2600000e+02   6.0000000e+01   3.0000000e+01   2.8625000e+01   1.3772727e+01   2.0000000e+00   8.0000000e+00   2.2000000e+01   8.1764706e+00
   1.7889390e+03   3.3000000e+01   5.6000000e+01   5.1400000e+02   5.7000000e+01   2.8500000e+01   2.9125000e+01   1.2739130e+01   2.0000000e+00   8.0000000e+00   2.3000000e+01   7.7710843e+00
   1.4084696e+03   3.1000000e+01   4.5000000e+01   4.5100000e+02   5.6000000e+01   2.8000000e+01   2.8000000e+01   1.1727273e+01   2.0000000e+00   7.0000000e+00   2.2000000e+01   8.1250000e+00
   1.5677718e+03   3.5000000e+01   5.8000000e+01   6.0500000e+02   5.8000000e+01   2.9000000e+01   3.6285714e+01   1.4269231e+01   2.0000000e+00   7.0000000e+00   2.6000000e+01   8.2666667e+00
   1.6038421e+03   2.8000000e+01   6.0000000e+01   5.6200000e+02   6.2000000e+01   3.1000000e+01   3.9200000e+01   1.7714286e+01   2.0000000e+00   5.0000000e+00   2.1000000e+01   8.4250000e+00
   1.8354221e+03   4.0000000e+01   6.5000000e+01   6.3100000e+02   5.7000000e+01   2.8500000e+01   3.0222222e+01   1.3103448e+01   2.0000000e+00   9.0000000e+00   2.9000000e+01   8.3578947e+00
   1.3881767e+03   3.0000000e+01   5.2000000e+01   5.6300000e+02   6.2000000e+01   3.1000000e+01   3.4333333e+01   1.6272727e+01   2.0000000e+00   6.0000000e+00   2.2000000e+01   8.7820513e+00
   1.4724543e+03   2.9000000e+01   5.2000000e+01   5.2900000e+02   5.8000000e+01   2.9000000e+01   3.7000000e+01   1.4571429e+01   2.0000000e+00   6.0000000e+00   2.1000000e+01   8.0886076e+00
   1.6067252e+03   3.3000000e+01   5.3000000e+01   5.1800000e+02   5.6000000e+01   2.8000000e+01   3.4714286e+01   1.1708333e+01   2.0000000e+00   7.0000000e+00   2.4000000e+01   8.1772152e+00
   1.4462737e+03   2.7000000e+01   4.7000000e+01   4.8700000e+02   5.9000000e+01   2.9500000e+01   2.9000000e+01   1.6000000e+01   2.0000000e+00   6.0000000e+00   1.9000000e+01   8.0277778e+00
   1.2463755e+03   3.4000000e+01   4.7000000e+01   5.2100000e+02   5.6000000e+01   2.8000000e+01   3.1714286e+01   1.1880000e+01   2.0000000e+00   7.0000000e+00   2.5000000e+01   8.7894737e+00
   1.5367567e+03   4.1000000e+01   5.3000000e+01   5.3000000e+02   5.5000000e+01   2.7500000e+01   3.0625000e+01   9.5806452e+00   2.0000000e+00   8.0000000e+00   3.1000000e+01   7.8409091e+00
   1.3141141e+03   3.0000000e+01   4.4000000e+01   5.1600000e+02   5.7000000e+01   2.8500000e+01   3.2000000e+01   1.3809524e+01   2.0000000e+00   7.0000000e+00   2.1000000e+01   8.6478873e+00
   1.7937732e+03   3.5000000e+01   5.9000000e+01   5.9100000e+02   6.0000000e+01   3.0000000e+01   3.5000000e+01   1.3615385e+01   2.0000000e+00   7.0000000e+00   2.6000000e+01   8.0989011e+00
   1.6579082e+03   3.1000000e+01   5.6000000e+01   5.6200000e+02   5.8000000e+01   2.9000000e+01   3.8500000e+01   1.4478261e+01   2.0000000e+00   6.0000000e+00   2.3000000e+01   8.2151899e+00
   1.7996584e+03   4.2000000e+01   5.7000000e+01   5.4300000e+02   5.1000000e+01   2.5500000e+01   2.7777778e+01   9.9032258e+00   2.0000000e+00   9.0000000e+00   3.1000000e+01   7.4526316e+00
   1.5140708e+03   3.5000000e+01   5.1000000e+01   5.0800000e+02   5.3000000e+01   2.6500000e+01   3.4333333e+01   1.1555556e+01   2.0000000e+00   6.0000000e+00   2.7000000e+01   7.9746835e+00
   1.3849887e+03   3.1000000e+01   4.5000000e+01   4.3900000e+02   5.6000000e+01   2.8000000e+01   2.4625000e+01   1.1238095e+01   2.0000000e+00   8.0000000e+00   2.1000000e+01   7.7638889e+00
   1.4542690e+03   3.6000000e+01   5.7000000e+01   6.1000000e+02   5.7000000e+01   2.8500000e+01   3.4142857e+01   1.4111111e+01   2.0000000e+00   7.0000000e+00   2.7000000e+01   8.6704545e+00
   1.7228335e+03   3.9000000e+01   5.8000000e+01   5.7100000e+02   5.3000000e+01   2.6500000e+01   3.6000000e+01   1.1500000e+01   2.0000000e+00   7.0000000e+00   3.0000000e+01   7.9782609e+00
   1.3760284e+03   2.6000000e+01   4.3000000e+01   4.5100000e+02   5.6000000e+01   2.8000000e+01   2.7285714e+01   1.4647059e+01   2.0000000e+00   7.0000000e+00   1.7000000e+01   7.9545455e+00
   1.7963607e+03   3.3000000e+01   6.2000000e+01   5.9500000e+02   6.1000000e+01   3.0500000e+01   3.5142857e+01   1.5041667e+01   2.0000000e+00   7.0000000e+00   2.4000000e+01   8.2471910e+00
   1.6331620e+03   3.1000000e+01   6.3000000e+01   5.8500000e+02   6.2000000e+01   3.1000000e+01   3.7666667e+01   1.6086957e+01   2.0000000e+00   6.0000000e+00   2.3000000e+01   8.0113636e+00
   1.6016179e+03   3.0000000e+01   5.2000000e+01   5.0700000e+02   5.2000000e+01   2.6000000e+01   3.1000000e+01   1.4909091e+01   2.0000000e+00   6.0000000e+00   2.2000000e+01   7.8875000e+00
   1.1921667e+03   3.6000000e+01   4.5000000e+01   5.1800000e+02   5.4000000e+01   2.7000000e+01   3.3000000e+01   1.0555556e+01   2.0000000e+00   7.0000000e+00   2.7000000e+01   8.5000000e+00
   1.6359909e+03   3.5000000e+01   5.7000000e+01   5.2700000e+02   5.4000000e+01   2.7000000e+01   3.0250000e+01   1.1600000e+01   2.0000000e+00   8.0000000e+00   2.5000000e+01   8.0357143e+00
   1.5646987e+03   3.0000000e+01   5.0000000e+01   4.9300000e+02   5.7000000e+01   2.8500000e+01   2.8857143e+01   1.3666667e+01   2.0000000e+00   7.0000000e+00   2.1000000e+01   7.5921053e+00
   1.1968707e+03   2.5000000e+01   3.8000000e+01   4.0300000e+02   6.2000000e+01   3.1000000e+01   2.1000000e+01   1.5062500e+01   2.0000000e+00   7.0000000e+00   1.6000000e+01   8.4590164e+00
   1.2701917e+03   3.0000000e+01   5.0000000e+01   5.5100000e+02   6.2000000e+01   3.1000000e+01   3.6166667e+01   1.4727273e+01   2.0000000e+00   6.0000000e+00   2.2000000e+01   8.8717949e+00
   1.9809079e+03   3.6000000e+01   6.5000000e+01   5.6500000e+02   5.6000000e+01   2.8000000e+01   3.3571429e+01   1.2962963e+01   2.0000000e+00   7.0000000e+00   2.7000000e+01   7.3936170e+00
   1.6290478e+03   2.9000000e+01   5.6000000e+01   5.4000000e+02   5.9000000e+01   2.9500000e+01   3.4333333e+01   1.6047619e+01   2.0000000e+00   6.0000000e+00   2.1000000e+01   8.0243902e+00
   1.6626237e+03   3.2000000e+01   5.4000000e+01   4.9400000e+02   5.3000000e+01   2.6500000e+01   2.9142857e+01   1.3130435e+01   2.0000000e+00   7.0000000e+00   2.3000000e+01   7.8902439e+00
   1.5830218e+03   2.9000000e+01   5.8000000e+01   5.9800000e+02   6.0000000e+01   3.0000000e+01   3.8333333e+01   1.7619048e+01   2.0000000e+00   6.0000000e+00   2.1000000e+01   8.5975610e+00
   1.4532521e+03   3.1000000e+01   5.9000000e+01   5.9700000e+02   5.1000000e+01   2.5500000e+01   4.0166667e+01   1.6043478e+01   2.0000000e+00   6.0000000e+00   2.3000000e+01   7.9523810e+00
   1.6611093e+03   3.8000000e+01   6.1000000e+01   5.8500000e+02   5.3000000e+01   2.6500000e+01   3.2000000e+01   1.2607143e+01   2.0000000e+00   8.0000000e+00   2.8000000e+01   7.9782609e+00
   1.8478244e+03   3.5000000e+01   6.1000000e+01   5.5300000e+02   5.4000000e+01   2.7000000e+01   3.1428571e+01   1.3615385e+01   2.0000000e+00   7.0000000e+00   2.6000000e+01   7.6404494e+00
   1.8815933e+03   3.6000000e+01   5.8000000e+01   5.6200000e+02   5.9000000e+01   2.9500000e+01   2.8666667e+01   1.2480000e+01   2.0000000e+00   9.0000000e+00   2.5000000e+01   7.5056180e+00
   1.7167734e+03   3.4000000e+01   6.1000000e+01   5.8900000e+02   5.7000000e+01   2.8500000e+01   3.4285714e+01   1.4560000e+01   2.0000000e+00   7.0000000e+00   2.5000000e+01   7.8222222e+00
   1.7011616e+03   3.2000000e+01   6.3000000e+01   6.0000000e+02   6.1000000e+01   3.0500000e+01   3.8666667e+01   1.5750000e+01   2.0000000e+00   6.0000000e+00   2.4000000e+01   8.3111111e+00
   1.6794161e+03   3.4000000e+01   6.1000000e+01   5.8300000e+02   5.9000000e+01   2.9500000e+01   3.4000000e+01   1.5000000e+01   2.0000000e+00   7.0000000e+00   2.5000000e+01   8.3296703e+00
   1.1718624e+03   2.6000000e+01   4.6000000e+01   4.6300000e+02   5.9000000e+01   2.9500000e+01   3.0166667e+01   1.6000000e+01   2.0000000e+00   6.0000000e+00   1.8000000e+01   8.8787879e+00
   1.5975070e+03   2.9000000e+01   5.6000000e+01   5.7500000e+02   6.1000000e+01   3.0500000e+01   3.4833333e+01   1.7238095e+01   2.0000000e+00   6.0000000e+00   2.1000000e+01   8.6666667e+00
   1.8015871e+03   3.9000000e+01   5.9000000e+01   5.9000000e+02   5.2000000e+01   2.6000000e+01   3.2500000e+01   1.1965517e+01   2.0000000e+00   8.0000000e+00   2.9000000e+01   8.0760870e+00
   1.6830121e+03   3.8000000e+01   5.8000000e+01   5.2500000e+02   5.4000000e+01   2.7000000e+01   2.9125000e+01   1.1142857e+01   2.0000000e+00   8.0000000e+00   2.8000000e+01   7.6067416e+00
   1.7001550e+03   3.7000000e+01   5.7000000e+01   5.9700000e+02   5.5000000e+01   2.7500000e+01   3.2571429e+01   1.3642857e+01   2.0000000e+00   7.0000000e+00   2.8000000e+01   7.9777778e+00
   1.5148520e+03   2.9000000e+01   4.9000000e+01   4.7600000e+02   5.7000000e+01   2.8500000e+01   2.7428571e+01   1.4100000e+01   2.0000000e+00   7.0000000e+00   2.0000000e+01   7.9200000e+00
   1.5582262e+03   3.0000000e+01   5.4000000e+01   5.4300000e+02   6.2000000e+01   3.1000000e+01   3.2833333e+01   1.6000000e+01   2.0000000e+00   6.0000000e+00   2.2000000e+01   8.2875000e+00
   1.4945125e+03   3.5000000e+01   5.3000000e+01   5.5600000e+02   5.5000000e+01   2.7500000e+01   3.1375000e+01   1.2360000e+01   2.0000000e+00   8.0000000e+00   2.5000000e+01   8.7500000e+00
   1.7115091e+03   3.2000000e+01   6.0000000e+01   5.7000000e+02   5.9000000e+01   2.9500000e+01   3.5285714e+01   1.4826087e+01   2.0000000e+00   7.0000000e+00   2.3000000e+01   8.0454545e+00
   1.3990369e+03   3.5000000e+01   5.0000000e+01   5.5700000e+02   5.6000000e+01   2.8000000e+01   2.9666667e+01   1.2083333e+01   2.0000000e+00   9.0000000e+00   2.4000000e+01   8.3875000e+00
   1.8642085e+03   3.5000000e+01   6.1000000e+01   6.0000000e+02   5.2000000e+01   2.6000000e+01   3.5142857e+01   1.4384615e+01   2.0000000e+00   7.0000000e+00   2.6000000e+01   7.8924731e+00
   1.3931677e+03   3.7000000e+01   5.4000000e+01   5.7100000e+02   5.7000000e+01   2.8500000e+01   3.2500000e+01   1.1666667e+01   2.0000000e+00   8.0000000e+00   2.7000000e+01   8.3837209e+00
   1.7063332e+03   4.1000000e+01   5.4000000e+01   5.2900000e+02   5.1000000e+01   2.5500000e+01   2.9777778e+01   9.5000000e+00   2.0000000e+00   9.0000000e+00   3.0000000e+01   7.7032967e+00
   1.6386787e+03   2.8000000e+01   5.6000000e+01   5.7100000e+02   6.1000000e+01   3.0500000e+01   3.4142857e+01   1.7789474e+01   2.0000000e+00   7.0000000e+00   1.9000000e+01   8.7000000e+00
   1.6907742e+03   3.4000000e+01   5.9000000e+01   5.6200000e+02   5.7000000e+01   2.8500000e+01   3.3428571e+01   1.3480000e+01   2.0000000e+00   7.0000000e+00   2.5000000e+01   8.1511628e+00
   1.8199609e+03   3.8000000e+01   6.3000000e+01   6.0300000e+02   5.9000000e+01   2.9500000e+01   3.4285714e+01   1.3137931e+01   2.0000000e+00   7.0000000e+00   2.9000000e+01   8.2755102e+00
   1.9811178e+03   3.5000000e+01   6.4000000e+01   5.6600000e+02   5.4000000e+01   2.7000000e+01   3.6333333e+01   1.4185185e+01   2.0000000e+00   6.0000000e+00   2.7000000e+01   7.7553191e+00
   1.7958236e+03   2.9000000e+01   5.9000000e+01   5.4100000e+02   5.8000000e+01   2.9000000e+01   2.9285714e+01   1.7250000e+01   2.0000000e+00   7.0000000e+00   2.0000000e+01   8.0119048e+00
   1.6731425e+03   2.9000000e+01   6.0000000e+01   5.6900000e+02   5.9000000e+01   2.9500000e+01   3.6166667e+01   1.7142857e+01   2.0000000e+00   6.0000000e+00   2.1000000e+01   8.2439024e+00
   1.5771295e+03   3.3000000e+01   5.7000000e+01   5.5100000e+02   5.8000000e+01   2.9000000e+01   3.3285714e+01   1.3458333e+01   2.0000000e+00   7.0000000e+00   2.4000000e+01   8.3414634e+00
   1.8564688e+03   3.3000000e+01   5.6000000e+01   5.5600000e+02   5.7000000e+01   2.8500000e+01   3.5000000e+01   1.3125000e+01   2.0000000e+00   7.0000000e+00   2.4000000e+01   8.1647059e+00
   1.6113715e+03   3.2000000e+01   5.6000000e+01   5.7800000e+02   5.7000000e+01   2.8500000e+01   3.6500000e+01   1.5750000e+01   2.0000000e+00   6.0000000e+00   2.4000000e+01   8.4523810e+00
   1.4237645e+03   3.5000000e+01   5.0000000e+01   5.5700000e+02   5.3000000e+01   2.6500000e+01   3.4571429e+01   1.2576923e+01   2.0000000e+00   7.0000000e+00   2.6000000e+01   8.7750000e+00
   1.7085783e+03   3.7000000e+01   6.3000000e+01   6.4100000e+02   5.8000000e+01   2.9000000e+01   3.3375000e+01   1.4555556e+01   2.0000000e+00   8.0000000e+00   2.7000000e+01   8.2708333e+00
   1.5964661e+03   3.9000000e+01   5.6000000e+01   6.1600000e+02   5.6000000e+01   2.8000000e+01   3.4250000e+01   1.2206897e+01   2.0000000e+00   8.0000000e+00   2.9000000e+01   8.6195652e+00
   1.9851206e+03   3.5000000e+01   6.5000000e+01   6.1300000e+02   5.6000000e+01   2.8000000e+01   3.2857143e+01   1.5769231e+01   2.0000000e+00   7.0000000e+00   2.6000000e+01   7.8210526e+00
   1.4293323e+03   3.2000000e+01   4.7000000e+01   4.9300000e+02   5.5000000e+01   2.7500000e+01   2.9571429e+01   1.2391304e+01   2.0000000e+00   7.0000000e+00   2.3000000e+01   7.9600000e+00
   1.5681155e+03   2.7000000e+01   6.0000000e+01   6.1400000e+02   6.3000000e+01   3.1500000e+01   4.4200000e+01   1.9550000e+01   2.0000000e+00   5.0000000e+00   2.0000000e+01   8.4756098e+00
   1.5582360e+03   3.4000000e+01   5.4000000e+01   5.1100000e+02   5.5000000e+01   2.7500000e+01   3.3571429e+01   1.1520000e+01   2.0000000e+00   7.0000000e+00   2.5000000e+01   7.9047619e+00
   1.4595864e+03   3.3000000e+01   5.1000000e+01   5.2200000e+02   5.7000000e+01   2.8500000e+01   3.5571429e+01   1.1583333e+01   2.0000000e+00   7.0000000e+00   2.4000000e+01   8.1728395e+00
   1.3062629e+03   3.3000000e+01   4.7000000e+01   5.1300000e+02   5.7000000e+01   2.8500000e+01   3.4285714e+01   1.1166667e+01   2.0000000e+00   7.0000000e+00   2.4000000e+01   8.4657534e+00
   1.8251037e+03   3.2000000e+01   5.8000000e+01   5.4900000e+02   5.7000000e+01   2.8500000e+01   3.2571429e+01   1.4304348e+01   2.0000000e+00   7.0000000e+00   2.3000000e+01   7.9058824e+00
   2.0172092e+03   3.7000000e+01   6.4000000e+01   6.3600000e+02   5.4000000e+01   2.7000000e+01   3.6285714e+01   1.4392857e+01   2.0000000e+00   7.0000000e+00   2.8000000e+01   8.1020408e+00
   1.6314896e+03   3.0000000e+01   5.3000000e+01   5.5600000e+02   6.3000000e+01   3.1500000e+01   3.7666667e+01   1.4954545e+01   2.0000000e+00   6.0000000e+00   2.2000000e+01   8.2278481e+00
   1.4110041e+03   3.4000000e+01   4.9000000e+01   4.9200000e+02   5.5000000e+01   2.7500000e+01   2.3875000e+01   1.2583333e+01   2.0000000e+00   8.0000000e+00   2.4000000e+01   8.0256410e+00
   1.4767797e+03   2.7000000e+01   5.3000000e+01   5.3600000e+02   6.0000000e+01   3.0000000e+01   3.6833333e+01   1.6578947e+01   2.0000000e+00   6.0000000e+00   1.9000000e+01   9.0000000e+00
   1.2558491e+03   3.0000000e+01   5.0000000e+01   5.9400000e+02   6.2000000e+01   3.1000000e+01   3.4857143e+01   1.6571429e+01   2.0000000e+00   7.0000000e+00   2.1000000e+01   9.2337662e+00
   1.3061809e+03   2.8000000e+01   4.9000000e+01   5.0100000e+02   5.4000000e+01   2.7000000e+01   3.1500000e+01   1.5550000e+01   2.0000000e+00   6.0000000e+00   2.0000000e+01   8.3380282e+00
   1.4178717e+03   2.8000000e+01   4.9000000e+01   5.2300000e+02   6.0000000e+01   3.0000000e+01   3.0571429e+01   1.6263158e+01   2.0000000e+00   7.0000000e+00   1.9000000e+01   8.7042254e+00
   1.6380786e+03   3.5000000e+01   5.2000000e+01   5.5100000e+02   5.5000000e+01   2.7500000e+01   3.3000000e+01   1.1920000e+01   2.0000000e+00   8.0000000e+00   2.5000000e+01   8.0246914e+00
   1.5502878e+03   3.2000000e+01   5.3000000e+01   5.5400000e+02   5.8000000e+01   2.9000000e+01   3.6833333e+01   1.4375000e+01   2.0000000e+00   6.0000000e+00   2.4000000e+01   8.2195122e+00
   1.9366297e+03   3.4000000e+01   6.0000000e+01   5.8000000e+02   5.5000000e+01   2.7500000e+01   3.4714286e+01   1.4160000e+01   2.0000000e+00   7.0000000e+00   2.5000000e+01   7.9780220e+00
   1.5758423e+03   3.4000000e+01   5.7000000e+01   5.9000000e+02   5.9000000e+01   2.9500000e+01   3.6285714e+01   1.3480000e+01   2.0000000e+00   7.0000000e+00   2.5000000e+01   8.3720930e+00
   1.3796572e+03   3.2000000e+01   4.9000000e+01   5.3800000e+02   5.4000000e+01   2.7000000e+01   3.0000000e+01   1.3954545e+01   2.0000000e+00   8.0000000e+00   2.2000000e+01   8.7792208e+00
   1.7377275e+03   3.5000000e+01   6.4000000e+01   5.9800000e+02   5.8000000e+01   2.9000000e+01   3.6714286e+01   1.3923077e+01   2.0000000e+00   7.0000000e+00   2.6000000e+01   8.1208791e+00
