   7.9259259e+02   2.5000000e+01   4.3000000e+01   5.0700000e+02   6.7000000e+01   3.3500000e+01   4.2200000e+01   1.5500000e+01   2.0000000e+00   5.0000000e+00   1.8000000e+01   9.7460317e+00
   1.3221951e+03   3.0000000e+01   4.4000000e+01   5.7400000e+02   6.2000000e+01   3.1000000e+01   3.4428571e+01   1.5476190e+01   2.0000000e+00   7.0000000e+00   2.1000000e+01   1.0217391e+01
   1.4155430e+03   2.8000000e+01   4.6000000e+01   6.1300000e+02   6.2000000e+01   3.1000000e+01   3.9285714e+01   1.7578947e+01   2.0000000e+00   7.0000000e+00   1.9000000e+01   1.0579710e+01
   9.8580045e+02   2.7000000e+01   3.1000000e+01   4.4700000e+02   5.6000000e+01   2.8000000e+01   2.7625000e+01   1.2235294e+01   2.0000000e+00   8.0000000e+00   1.7000000e+01   1.1166667e+01
   1.1732938e+03   2.5000000e+01   3.8000000e+01   5.0400000e+02   5.8000000e+01   2.9000000e+01   3.9400000e+01   1.6111111e+01   2.0000000e+00   5.0000000e+00   1.8000000e+01   1.0086207e+01
   1.5300957e+03   3.3000000e+01   4.8000000e+01   6.1500000e+02   6.1000000e+01   3.0500000e+01   3.5571429e+01   1.5208333e+01   2.0000000e+00   7.0000000e+00   2.4000000e+01   9.9066667e+00
   1.6976579e+03   2.9000000e+01   4.8000000e+01   6.1200000e+02   6.0000000e+01   3.0000000e+01   4.3200000e+01   1.7909091e+01   2.0000000e+00   5.0000000e+00   2.2000000e+01   9.9178082e+00
   1.7142346e+03   2.4000000e+01   5.0000000e+01   6.1400000e+02   6.8000000e+01   3.4000000e+01   4.1000000e+01   2.3529412e+01   2.0000000e+00   5.0000000e+00   1.7000000e+01   1.0117647e+01
   1.4465320e+03   2.6000000e+01   4.5000000e+01   6.1100000e+02   7.1000000e+01   3.5500000e+01   3.9500000e+01   1.9444444e+01   2.0000000e+00   6.0000000e+00   1.8000000e+01   1.0522388e+01
   1.3011480e+03   2.3000000e+01   4.2000000e+01   5.4400000e+02   7.0000000e+01   3.5000000e+01   3.6400000e+01   2.1562500e+01   2.0000000e+00   5.0000000e+00   1.6000000e+01   1.0644068e+01
   4.6781677e+02   2.3000000e+01   2.5000000e+01   4.0500000e+02   4.6000000e+01   2.3000000e+01   3.6600000e+01   1.3000000e+01   2.0000000e+00   5.0000000e+00   1.6000000e+01   1.0130435e+01
   1.6088408e+03   2.5000000e+01   4.8000000e+01   5.8100000e+02   6.5000000e+01   3.2500000e+01   4.0600000e+01   2.0611111e+01   2.0000000e+00   5.0000000e+00   1.8000000e+01   1.0214286e+01
   1.4005340e+03   2.4000000e+01   3.9000000e+01   5.3500000e+02   6.7000000e+01   3.3500000e+01   4.1200000e+01   1.7823529e+01   2.0000000e+00   5.0000000e+00   1.7000000e+01   1.0295082e+01
   1.4825542e+03   2.6000000e+01   4.6000000e+01   6.0700000e+02   6.9000000e+01   3.4500000e+01   3.8500000e+01   1.9833333e+01   2.0000000e+00   6.0000000e+00   1.8000000e+01   1.0617647e+01
   1.5328540e+03   2.5000000e+01   5.1000000e+01   6.0600000e+02   6.5000000e+01   3.2500000e+01   4.3600000e+01   2.1333333e+01   2.0000000e+00   5.0000000e+00   1.8000000e+01   1.0178082e+01
   1.2116287e+03   2.3000000e+01   3.5000000e+01   4.6100000e+02   6.1000000e+01   3.0500000e+01   3.3000000e+01   1.7750000e+01   2.0000000e+00   5.0000000e+00   1.6000000e+01   9.9636364e+00
   3.7742868e+02   1.6000000e+01   2.4000000e+01   3.3000000e+02   6.2000000e+01   3.1000000e+01   2.9000000e+01   1.6555556e+01   2.0000000e+00   5.0000000e+00   9.0000000e+00   9.9736842e+00
   1.4229405e+03   2.3000000e+01   4.0000000e+01   4.8800000e+02   6.8000000e+01   3.4000000e+01   2.5500000e+01   2.0461538e+01   2.0000000e+00   8.0000000e+00   1.3000000e+01   1.0450000e+01
   1.3829195e+03   2.4000000e+01   4.4000000e+01   5.5500000e+02   6.6000000e+01   3.3000000e+01   3.7800000e+01   2.0411765e+01   2.0000000e+00   5.0000000e+00   1.7000000e+01   1.0343750e+01
   1.7054874e+03   2.5000000e+01   5.3000000e+01   6.1500000e+02   5.6000000e+01   2.8000000e+01   4.5200000e+01   2.1555556e+01   2.0000000e+00   5.0000000e+00   1.8000000e+01   1.0115942e+01
   1.0662685e+03   2.0000000e+01   3.9000000e+01   4.6200000e+02   4.9000000e+01   2.0500000e+01   3.8000000e+01   2.2071429e+01   2.0000000e+00   4.0000000e+00   1.4000000e+01   1.0185185e+01
   1.3349843e+03   3.1000000e+01   4.1000000e+01   5.9100000e+02   5.8000000e+01   2.9000000e+01   3.8142857e+01   1.4454545e+01   2.0000000e+00   7.0000000e+00   2.2000000e+01   1.0333333e+01
   5.9848085e+02   2.1000000e+01   3.1000000e+01   4.3300000e+02   6.0000000e+01   3.0000000e+01   3.4400000e+01   1.6785714e+01   2.0000000e+00   5.0000000e+00   1.4000000e+01   1.0440000e+01
   1.4967414e+03   2.5000000e+01   4.5000000e+01   5.7200000e+02   6.4000000e+01   3.2000000e+01   3.7333333e+01   1.9705882e+01   2.0000000e+00   6.0000000e+00   1.7000000e+01   1.0200000e+01
   1.2982102e+03   2.5000000e+01   4.2000000e+01   5.5000000e+02   6.6000000e+01   3.3000000e+01   4.0000000e+01   1.8611111e+01   2.0000000e+00   5.0000000e+00   1.8000000e+01   1.0590164e+01
   1.2125417e+03   2.5000000e+01   3.8000000e+01   4.7600000e+02   5.7000000e+01   2.8500000e+01   3.1333333e+01   1.5823529e+01   2.0000000e+00   6.0000000e+00   1.7000000e+01   9.4754098e+00
   1.2982235e+03   2.6000000e+01   3.6000000e+01   5.0300000e+02   6.2000000e+01   3.1000000e+01   3.2666667e+01   1.6388889e+01   2.0000000e+00   6.0000000e+00   1.8000000e+01   1.0016667e+01
   1.3004414e+03   2.6000000e+01   4.2000000e+01   5.5600000e+02   6.7000000e+01   3.3500000e+01   3.9600000e+01   1.7789474e+01   2.0000000e+00   5.0000000e+00   1.9000000e+01   1.0246154e+01
   1.1758789e+03   2.0000000e+01   3.5000000e+01   4.4800000e+02   6.1000000e+01   3.0500000e+01   2.9200000e+01   2.1615385e+01   2.0000000e+00   5.0000000e+00   1.3000000e+01   1.0132075e+01
   1.6968065e+03   3.2000000e+01   4.3000000e+01   6.1500000e+02   5.8000000e+01   2.9000000e+01   3.6571429e+01   1.5478261e+01   2.0000000e+00   7.0000000e+00   2.3000000e+01   1.0164384e+01
   5.3673819e+02   2.4000000e+01   3.1000000e+01   4.3700000e+02   6.1000000e+01   3.0500000e+01   3.1500000e+01   1.3625000e+01   2.0000000e+00   6.0000000e+00   1.6000000e+01   9.8867925e+00
   1.4521262e+03   2.4000000e+01   4.5000000e+01   6.0200000e+02   6.7000000e+01   3.3500000e+01   4.4200000e+01   2.1588235e+01   2.0000000e+00   5.0000000e+00   1.7000000e+01   1.0805970e+01
   1.2151730e+03   2.6000000e+01   4.2000000e+01   5.2700000e+02   6.6000000e+01   3.3000000e+01   3.1714286e+01   1.6882353e+01   2.0000000e+00   7.0000000e+00   1.7000000e+01   1.0269841e+01
   0.0000000e+00   0.0000000e+00   0.0000000e+00   0.0000000e+00   0.0000000e+00   0.0000000e+00   0.0000000e+00   0.0000000e+00   0.0000000e+00   0.0000000e+00   0.0000000e+00   0.0000000e+00
   0.0000000e+00   0.0000000e+00   0.0000000e+00   0.0000000e+00   0.0000000e+00   0.0000000e+00   0.0000000e+00   0.0000000e+00   0.0000000e+00   0.0000000e+00   0.0000000e+00   0.0000000e+00
   0.0000000e+00   0.0000000e+00   0.0000000e+00   0.0000000e+00   0.0000000e+00   0.0000000e+00   0.0000000e+00   0.0000000e+00   0.0000000e+00   0.0000000e+00   0.0000000e+00   0.0000000e+00
   0.0000000e+00   0.0000000e+00   0.0000000e+00   0.0000000e+00   0.0000000e+00   0.0000000e+00   0.0000000e+00   0.0000000e+00   0.0000000e+00   0.0000000e+00   0.0000000e+00   0.0000000e+00
   7.2817067e+02   2.9000000e+01   3.8000000e+01   5.0800000e+02   5.7000000e+01   2.8500000e+01   3.1428571e+01   1.3550000e+01   2.0000000e+00   7.0000000e+00   2.0000000e+01   9.5781250e+00
   1.2611381e+03   3.0000000e+01   4.4000000e+01   6.0400000e+02   6.0000000e+01   3.0000000e+01   3.8714286e+01   1.5285714e+01   2.0000000e+00   7.0000000e+00   2.1000000e+01   1.0666667e+01
   1.2660819e+03   2.5000000e+01   3.8000000e+01   5.2000000e+02   6.4000000e+01   3.2000000e+01   2.9428571e+01   1.8312500e+01   2.0000000e+00   7.0000000e+00   1.6000000e+01   1.0610169e+01
   5.1152396e+02   2.4000000e+01   2.8000000e+01   4.1600000e+02   5.7000000e+01   2.8500000e+01   3.0714286e+01   1.2133333e+01   2.0000000e+00   7.0000000e+00   1.5000000e+01   9.7291667e+00
   4.8500767e+02   2.1000000e+01   3.0000000e+01   4.3100000e+02   6.2000000e+01   3.1000000e+01   2.9333333e+01   1.7153846e+01   2.0000000e+00   6.0000000e+00   1.3000000e+01   1.0260870e+01
   1.3495255e+03   2.8000000e+01   4.0000000e+01   5.6700000e+02   5.9000000e+01   2.9500000e+01   3.7666667e+01   1.6650000e+01   2.0000000e+00   6.0000000e+00   2.0000000e+01   9.6969697e+00
   1.4418408e+03   2.9000000e+01   4.0000000e+01   5.1500000e+02   5.7000000e+01   2.8500000e+01   3.1000000e+01   1.4650000e+01   2.0000000e+00   7.0000000e+00   2.0000000e+01   9.7424242e+00
   1.4679695e+03   2.6000000e+01   4.6000000e+01   6.1400000e+02   6.8000000e+01   3.4000000e+01   4.3600000e+01   1.9894737e+01   2.0000000e+00   5.0000000e+00   1.9000000e+01   1.0782609e+01
   1.4678343e+03   2.7000000e+01   4.7000000e+01   6.0200000e+02   6.2000000e+01   3.1000000e+01   4.2600000e+01   1.9200000e+01   2.0000000e+00   5.0000000e+00   2.0000000e+01   1.0191176e+01
   1.3688966e+03   2.4000000e+01   3.8000000e+01   5.0200000e+02   6.4000000e+01   3.2000000e+01   3.3500000e+01   1.7750000e+01   2.0000000e+00   6.0000000e+00   1.6000000e+01   1.0133333e+01
   1.4989649e+03   3.0000000e+01   4.9000000e+01   6.3300000e+02   6.2000000e+01   3.1000000e+01   3.8428571e+01   1.6904762e+01   2.0000000e+00   7.0000000e+00   2.1000000e+01   1.0453333e+01
   1.2616392e+03   2.1000000e+01   3.7000000e+01   4.7500000e+02   6.2000000e+01   3.1000000e+01   3.4000000e+01   2.0714286e+01   2.0000000e+00   5.0000000e+00   1.4000000e+01   9.8363636e+00
   1.2942214e+03   2.4000000e+01   4.0000000e+01   5.3400000e+02   6.1000000e+01   3.0500000e+01   4.2200000e+01   1.8529412e+01   2.0000000e+00   5.0000000e+00   1.7000000e+01   1.0516667e+01
   1.6388396e+03   2.5000000e+01   4.7000000e+01   5.9400000e+02   6.8000000e+01   3.4000000e+01   3.8500000e+01   2.0117647e+01   2.0000000e+00   6.0000000e+00   1.7000000e+01   1.0318182e+01
   1.2103689e+03   2.5000000e+01   4.0000000e+01   5.0200000e+02   6.4000000e+01   3.2000000e+01   3.9400000e+01   1.5611111e+01   2.0000000e+00   5.0000000e+00   1.8000000e+01   1.0491525e+01
   1.3579508e+03   2.6000000e+01   4.0000000e+01   5.5800000e+02   6.3000000e+01   3.1500000e+01   3.8333333e+01   1.7166667e+01   2.0000000e+00   6.0000000e+00   1.8000000e+01   1.0426230e+01
   1.2589162e+03   2.6000000e+01   3.9000000e+01   4.7900000e+02   5.7000000e+01   2.8500000e+01   3.1571429e+01   1.4705882e+01   2.0000000e+00   7.0000000e+00   1.7000000e+01   9.6935484e+00
   1.2151931e+03   3.3000000e+01   4.0000000e+01   5.4500000e+02   5.9000000e+01   2.9500000e+01   3.4571429e+01   1.2125000e+01   2.0000000e+00   7.0000000e+00   2.4000000e+01   1.0029412e+01
   0.0000000e+00   0.0000000e+00   0.0000000e+00   0.0000000e+00   0.0000000e+00   0.0000000e+00   0.0000000e+00   0.0000000e+00   0.0000000e+00   0.0000000e+00   0.0000000e+00   0.0000000e+00
   0.0000000e+00   0.0000000e+00   0.0000000e+00   0.0000000e+00   0.0000000e+00   0.0000000e+00   0.0000000e+00   0.0000000e+00   0.0000000e+00   0.0000000e+00   0.0000000e+00   0.0000000e+00
   0.0000000e+00   0.0000000e+00   0.0000000e+00   0.0000000e+00   0.0000000e+00   0.0000000e+00   0.0000000e+00   0.0000000e+00   0.0000000e+00   0.0000000e+00   0.0000000e+00   0.0000000e+00
   0.0000000e+00   0.0000000e+00   0.0000000e+00   0.0000000e+00   0.0000000e+00   0.0000000e+00   0.0000000e+00   0.0000000e+00   0.0000000e+00   0.0000000e+00   0.0000000e+00   0.0000000e+00
   0.0000000e+00   0.0000000e+00   0.0000000e+00   0.0000000e+00   0.0000000e+00   0.0000000e+00   0.0000000e+00   0.0000000e+00   0.0000000e+00   0.0000000e+00   0.0000000e+00   0.0000000e+00
   0.0000000e+00   0.0000000e+00   0.0000000e+00   0.0000000e+00   0.0000000e+00   0.0000000e+00   0.0000000e+00   0.0000000e+00   0.0000000e+00   0.0000000e+00   0.0000000e+00   0.0000000e+00
   0.0000000e+00   0.0000000e+00   0.0000000e+00   0.0000000e+00   0.0000000e+00   0.0000000e+00   0.0000000e+00   0.0000000e+00   0.0000000e+00   0.0000000e+00   0.0000000e+00   0.0000000e+00
   0.0000000e+00   0.0000000e+00   0.0000000e+00   0.0000000e+00   0.0000000e+00   0.0000000e+00   0.0000000e+00   0.0000000e+00   0.0000000e+00   0.0000000e+00   0.0000000e+00   0.0000000e+00
   0.0000000e+00   0.0000000e+00   0.0000000e+00   0.0000000e+00   0.0000000e+00   0.0000000e+00   0.0000000e+00   0.0000000e+00   0.0000000e+00   0.0000000e+00   0.0000000e+00   0.0000000e+00
   0.0000000e+00   0.0000000e+00   0.0000000e+00   0.0000000e+00   0.0000000e+00   0.0000000e+00   0.0000000e+00   0.0000000e+00   0.0000000e+00   0.0000000e+00   0.0000000e+00   0.0000000e+00
   0.0000000e+00   0.0000000e+00   0.0000000e+00   0.0000000e+00   0.0000000e+00   0.0000000e+00   0.0000000e+00   0.0000000e+00   0.0000000e+00   0.0000000e+00   0.0000000e+00   0.0000000e+00
   0.0000000e+00   0.0000000e+00   0.0000000e+00   0.0000000e+00   0.0000000e+00   0.0000000e+00   0.0000000e+00   0.0000000e+00   0.0000000e+00   0.0000000e+00   0.0000000e+00   0.0000000e+00
   0.0000000e+00   0.0000000e+00   0.0000000e+00   0.0000000e+00   0.0000000e+00   0.0000000e+00   0.0000000e+00   0.0000000e+00   0.0000000e+00   0.0000000e+00   0.0000000e+00   0.0000000e+00
   0.0000000e+00   0.0000000e+00   0.0000000e+00   0.0000000e+00   0.0000000e+00   0.0000000e+00   0.0000000e+00   0.0000000e+00   0.0000000e+00   0.0000000e+00   0.0000000e+00   0.0000000e+00
   0.0000000e+00   0.0000000e+00   0.0000000e+00   0.0000000e+00   0.0000000e+00   0.0000000e+00   0.0000000e+00   0.0000000e+00   0.0000000e+00   0.0000000e+00   0.0000000e+00   0.0000000e+00
   0.0000000e+00   0.0000000e+00   0.0000000e+00   0.0000000e+00   0.0000000e+00   0.0000000e+00   0.0000000e+00   0.0000000e+00   0.0000000e+00   0.0000000e+00   0.0000000e+00   0.0000000e+00
   0.0000000e+00   0.0000000e+00   0.0000000e+00   0.0000000e+00   0.0000000e+00   0.0000000e+00   0.0000000e+00   0.0000000e+00   0.0000000e+00   0.0000000e+00   0.0000000e+00   0.0000000e+00
   0.0000000e+00   0.0000000e+00   0.0000000e+00   0.0000000e+00   0.0000000e+00   0.0000000e+00   0.0000000e+00   0.0000000e+00   0.0000000e+00   0.0000000e+00   0.0000000e+00   0.0000000e+00
   0.0000000e+00   0.0000000e+00   0.0000000e+00   0.0000000e+00   0.0000000e+00   0.0000000e+00   0.0000000e+00   0.0000000e+00   0.0000000e+00   0.0000000e+00   0.0000000e+00   0.0000000e+00
   0.0000000e+00   0.0000000e+00   0.0000000e+00   0.0000000e+00   0.0000000e+00   0.0000000e+00   0.0000000e+00   0.0000000e+00   0.0000000e+00   0.0000000e+00   0.0000000e+00   0.0000000e+00
   0.0000000e+00   0.0000000e+00   0.0000000e+00   0.0000000e+00   0.0000000e+00   0.0000000e+00   0.0000000e+00   0.0000000e+00   0.0000000e+00   0.0000000e+00   0.0000000e+00   0.0000000e+00
   0.0000000e+00   0.0000000e+00   0.0000000e+00   0.0000000e+00   0.0000000e+00   0.0000000e+00   0.0000000e+00   0.0000000e+00   0.0000000e+00   0.0000000e+00   0.0000000e+00   0.0000000e+00
   0.0000000e+00   0.0000000e+00   0.0000000e+00   0.0000000e+00   0.0000000e+00   0.0000000e+00   0.0000000e+00   0.0000000e+00   0.0000000e+00   0.0000000e+00   0.0000000e+00   0.0000000e+00
   0.0000000e+00   0.0000000e+00   0.0000000e+00   0.0000000e+00   0.0000000e+00   0.0000000e+00   0.0000000e+00   0.0000000e+00   0.0000000e+00   0.0000000e+00   0.0000000e+00   0.0000000e+00
   0.0000000e+00   0.0000000e+00   0.0000000e+00   0.0000000e+00   0.0000000e+00   0.0000000e+00   0.0000000e+00   0.0000000e+00   0.0000000e+00   0.0000000e+00   0.0000000e+00   0.0000000e+00
   0.0000000e+00   0.0000000e+00   0.0000000e+00   0.0000000e+00   0.0000000e+00   0.0000000e+00   0.0000000e+00   0.0000000e+00   0.0000000e+00   0.0000000e+00   0.0000000e+00   0.0000000e+00
   0.0000000e+00   0.0000000e+00   0.0000000e+00   0.0000000e+00   0.0000000e+00   0.0000000e+00   0.0000000e+00   0.0000000e+00   0.0000000e+00   0.0000000e+00   0.0000000e+00   0.0000000e+00
   3.6000000e+01   2.0000000e+00   1.0000000e+00   8.0000000e+00   8.0000000e+00   4.0000000e+00   0.0000000e+00   0.0000000e+00   2.0000000e+00   0.0000000e+00   0.0000000e+00   8.0000000e+00
   1.6100414e+03   3.3000000e+01   4.7000000e+01   6.0500000e+02   5.8000000e+01   2.9000000e+01   3.5714286e+01   1.4791667e+01   2.0000000e+00   7.0000000e+00   2.4000000e+01   1.0013333e+01
   1.1139601e+03   2.0000000e+01   3.5000000e+01   4.5500000e+02   6.4000000e+01   3.2000000e+01   2.7333333e+01   2.1833333e+01   2.0000000e+00   6.0000000e+00   1.2000000e+01   1.0339623e+01
   1.6323677e+03   2.6000000e+01   4.6000000e+01   5.8100000e+02   6.4000000e+01   3.2000000e+01   4.2400000e+01   1.8789474e+01   2.0000000e+00   5.0000000e+00   1.9000000e+01   9.9275362e+00
   1.3667617e+03   3.0000000e+01   4.4000000e+01   5.5000000e+02   6.2000000e+01   3.1000000e+01   3.3833333e+01   1.5136364e+01   2.0000000e+00   6.0000000e+00   2.2000000e+01   1.0098592e+01
   1.2539551e+03   2.8000000e+01   4.5000000e+01   5.4700000e+02   6.3000000e+01   3.1500000e+01   4.1200000e+01   1.5714286e+01   2.0000000e+00   5.0000000e+00   2.1000000e+01   1.0194030e+01
   1.4464286e+03   2.4000000e+01   4.6000000e+01   6.0900000e+02   6.9000000e+01   3.4500000e+01   4.4400000e+01   2.1352941e+01   2.0000000e+00   5.0000000e+00   1.7000000e+01   1.0462687e+01
   1.3017174e+03   2.5000000e+01   4.1000000e+01   5.5600000e+02   6.2000000e+01   3.1000000e+01   3.7166667e+01   1.8705882e+01   2.0000000e+00   6.0000000e+00   1.7000000e+01   1.0250000e+01
   1.5478948e+03   2.4000000e+01   4.6000000e+01   5.7900000e+02   6.8000000e+01   3.4000000e+01   3.8333333e+01   2.0812500e+01   2.0000000e+00   6.0000000e+00   1.6000000e+01   1.0516129e+01
   1.3828186e+03   2.5000000e+01   4.3000000e+01   5.7400000e+02   6.2000000e+01   3.1000000e+01   4.1666667e+01   1.8647059e+01   2.0000000e+00   6.0000000e+00   1.7000000e+01   1.0952381e+01
   1.6663684e+03   2.6000000e+01   5.3000000e+01   6.0900000e+02   6.2000000e+01   3.1000000e+01   4.3000000e+01   2.0789474e+01   2.0000000e+00   5.0000000e+00   1.9000000e+01   9.9054054e+00
   1.4104808e+03   2.8000000e+01   4.3000000e+01   5.6300000e+02   6.3000000e+01   3.1500000e+01   3.7666667e+01   1.6250000e+01   2.0000000e+00   6.0000000e+00   2.0000000e+01   1.0058824e+01
   1.2871477e+03   2.4000000e+01   3.8000000e+01   5.0600000e+02   6.3000000e+01   3.1500000e+01   3.0666667e+01   1.8937500e+01   2.0000000e+00   6.0000000e+00   1.6000000e+01   1.0068966e+01
   4.8755405e+02   1.7000000e+01   2.1000000e+01   2.8400000e+02   4.8000000e+01   2.4000000e+01   3.0000000e+01   1.2636364e+01   2.0000000e+00   4.0000000e+00   1.1000000e+01   8.8055556e+00
   1.2553022e+03   2.6000000e+01   4.3000000e+01   5.7200000e+02   6.3000000e+01   3.1500000e+01   3.8000000e+01   1.8111111e+01   2.0000000e+00   6.0000000e+00   1.8000000e+01   1.0590909e+01
   1.1710762e+03   2.8000000e+01   4.1000000e+01   5.6400000e+02   5.4000000e+01   2.7000000e+01   4.1200000e+01   1.6761905e+01   2.0000000e+00   5.0000000e+00   2.1000000e+01   1.0184615e+01
   1.0942841e+03   2.5000000e+01   3.6000000e+01   4.8500000e+02   6.5000000e+01   3.2500000e+01   3.1333333e+01   1.5882353e+01   2.0000000e+00   6.0000000e+00   1.7000000e+01   1.0192982e+01
   1.5034576e+03   2.9000000e+01   4.7000000e+01   5.9800000e+02   6.3000000e+01   3.1500000e+01   3.3571429e+01   1.7450000e+01   2.0000000e+00   7.0000000e+00   2.0000000e+01   1.0027778e+01
