   1.4961124e+03   3.3000000e+01   5.7000000e+01   4.4700000e+02   5.4000000e+01   2.7000000e+01   2.7000000e+01   1.1541667e+01   2.0000000e+00   7.0000000e+00   2.4000000e+01   6.5243902e+00
   1.6987945e+03   3.9000000e+01   6.3000000e+01   4.9600000e+02   5.3000000e+01   2.6500000e+01   2.6111111e+01   1.0000000e+01   2.0000000e+00   9.0000000e+00   2.8000000e+01   6.2000000e+00
   2.2146774e+03   3.9000000e+01   7.8000000e+01   5.6900000e+02   5.4000000e+01   2.7000000e+01   2.9857143e+01   1.3433333e+01   2.0000000e+00   7.0000000e+00   3.0000000e+01   6.1081081e+00
   1.3719963e+03   3.3000000e+01   5.4000000e+01   4.5100000e+02   5.2000000e+01   2.6000000e+01   2.4875000e+01   1.1173913e+01   2.0000000e+00   8.0000000e+00   2.3000000e+01   6.5121951e+00
   1.5245041e+03   3.5000000e+01   6.2000000e+01   4.9200000e+02   5.3000000e+01   2.6500000e+01   2.9000000e+01   1.1080000e+01   2.0000000e+00   8.0000000e+00   2.5000000e+01   6.3333333e+00
   1.7415223e+03   4.1000000e+01   6.4000000e+01   4.9700000e+02   5.2000000e+01   2.6000000e+01   2.9750000e+01   9.2258065e+00   2.0000000e+00   8.0000000e+00   3.1000000e+01   6.2857143e+00
   1.0231754e+03   3.4000000e+01   4.4000000e+01   4.0800000e+02   4.8000000e+01   2.4000000e+01   2.5500000e+01   8.8333333e+00   2.0000000e+00   8.0000000e+00   2.4000000e+01   6.6800000e+00
   1.9365235e+03   3.8000000e+01   7.1000000e+01   5.3500000e+02   5.6000000e+01   2.8000000e+01   3.3285714e+01   1.1551724e+01   2.0000000e+00   7.0000000e+00   2.9000000e+01   6.2692308e+00
   1.6662055e+03   4.1000000e+01   6.8000000e+01   5.2200000e+02   4.9000000e+01   2.4500000e+01   2.7125000e+01   1.0580645e+01   2.0000000e+00   8.0000000e+00   3.1000000e+01   6.1500000e+00
   1.4266427e+03   3.9000000e+01   6.0000000e+01   4.9500000e+02   5.1000000e+01   2.5500000e+01   2.7750000e+01   1.0000000e+01   2.0000000e+00   8.0000000e+00   2.9000000e+01   6.5714286e+00
   1.9121589e+03   4.0000000e+01   7.0000000e+01   5.4800000e+02   5.0000000e+01   2.5000000e+01   3.2571429e+01   1.1354839e+01   2.0000000e+00   7.0000000e+00   3.1000000e+01   6.2924528e+00
   1.9389346e+03   3.9000000e+01   7.5000000e+01   5.4200000e+02   5.1000000e+01   2.5500000e+01   3.0285714e+01   1.2166667e+01   2.0000000e+00   7.0000000e+00   3.0000000e+01   6.2037037e+00
   1.8528135e+03   3.6000000e+01   6.6000000e+01   4.9200000e+02   5.6000000e+01   2.8000000e+01   2.7750000e+01   1.1192308e+01   2.0000000e+00   8.0000000e+00   2.6000000e+01   6.1134021e+00
   1.7342956e+03   4.0000000e+01   6.2000000e+01   5.1000000e+02   5.4000000e+01   2.7000000e+01   3.0857143e+01   1.0096774e+01   2.0000000e+00   7.0000000e+00   3.1000000e+01   6.1855670e+00
   1.4369956e+03   3.4000000e+01   5.8000000e+01   4.6700000e+02   5.6000000e+01   2.8000000e+01   2.8142857e+01   1.1160000e+01   2.0000000e+00   7.0000000e+00   2.5000000e+01   6.3604651e+00
   1.8359933e+03   4.3000000e+01   6.6000000e+01   5.1800000e+02   5.1000000e+01   2.5500000e+01   2.7125000e+01   9.6969697e+00   2.0000000e+00   8.0000000e+00   3.3000000e+01   6.1747573e+00
   2.1521492e+03   4.3000000e+01   8.0000000e+01   5.8200000e+02   5.4000000e+01   2.7000000e+01   2.9750000e+01   1.1787879e+01   2.0000000e+00   8.0000000e+00   3.3000000e+01   5.9237288e+00
   1.6271805e+03   4.3000000e+01   6.7000000e+01   5.4000000e+02   5.1000000e+01   2.5500000e+01   3.0125000e+01   9.9696970e+00   2.0000000e+00   8.0000000e+00   3.3000000e+01   6.5588235e+00
   1.1179420e+03   1.0000000e+01   3.6000000e+01   2.5900000e+02   6.1000000e+01   6.0000000e+00   6.1000000e+01   3.1571429e+01   2.0000000e+00   1.0000000e+00   7.0000000e+00   6.2045455e+00
   1.3474218e+03   3.2000000e+01   5.1000000e+01   4.3100000e+02   5.2000000e+01   2.6000000e+01   2.4875000e+01   1.0818182e+01   2.0000000e+00   8.0000000e+00   2.2000000e+01   6.5256410e+00
   1.6998614e+03   3.2000000e+01   6.0000000e+01   4.6100000e+02   5.5000000e+01   2.7500000e+01   2.3125000e+01   1.3045455e+01   2.0000000e+00   8.0000000e+00   2.2000000e+01   6.1609195e+00
   1.9957217e+03   4.2000000e+01   6.5000000e+01   4.9900000e+02   5.3000000e+01   2.6500000e+01   2.7750000e+01   9.3125000e+00   2.0000000e+00   8.0000000e+00   3.2000000e+01   5.8585859e+00
   1.3615803e+03   3.5000000e+01   5.3000000e+01   4.5600000e+02   5.2000000e+01   2.6000000e+01   3.3500000e+01   9.9259259e+00   2.0000000e+00   6.0000000e+00   2.7000000e+01   6.3536585e+00
   1.8958921e+03   4.4000000e+01   6.7000000e+01   4.9300000e+02   5.3000000e+01   2.6500000e+01   2.2777778e+01   9.4545455e+00   2.0000000e+00   9.0000000e+00   3.3000000e+01   6.0192308e+00
   1.5801713e+03   3.9000000e+01   6.0000000e+01   4.7100000e+02   5.0000000e+01   2.5000000e+01   2.6000000e+01   9.6551724e+00   2.0000000e+00   8.0000000e+00   2.9000000e+01   6.1684211e+00
   1.3977892e+03   2.5000000e+01   5.2000000e+01   3.6800000e+02   3.8000000e+01   1.1500000e+01   3.3750000e+01   1.4052632e+01   2.0000000e+00   4.0000000e+00   1.9000000e+01   5.8630137e+00
   1.9862003e+03   3.6000000e+01   7.2000000e+01   5.3400000e+02   5.3000000e+01   2.6500000e+01   3.0428571e+01   1.2814815e+01   2.0000000e+00   7.0000000e+00   2.7000000e+01   6.1584158e+00
   1.4324286e+03   4.3000000e+01   5.2000000e+01   4.2400000e+02   5.5000000e+01   2.7500000e+01   2.0000000e+01   7.3548387e+00   2.0000000e+00   1.0000000e+01   3.1000000e+01   6.0117647e+00
   1.7717410e+03   4.5000000e+01   6.7000000e+01   5.2000000e+02   5.1000000e+01   2.5500000e+01   2.9000000e+01   8.9428571e+00   2.0000000e+00   8.0000000e+00   3.5000000e+01   6.1886792e+00
   1.8163142e+03   3.6000000e+01   6.8000000e+01   5.1200000e+02   5.6000000e+01   2.8000000e+01   2.9285714e+01   1.1925926e+01   2.0000000e+00   7.0000000e+00   2.7000000e+01   6.4375000e+00
   1.6830670e+03   3.4000000e+01   6.0000000e+01   5.0200000e+02   5.2000000e+01   2.6000000e+01   3.1833333e+01   1.2769231e+01   2.0000000e+00   6.0000000e+00   2.6000000e+01   6.3846154e+00
   1.6031020e+03   3.7000000e+01   6.6000000e+01   4.9200000e+02   5.5000000e+01   2.7500000e+01   2.7857143e+01   1.1392857e+01   2.0000000e+00   7.0000000e+00   2.8000000e+01   6.2446809e+00
   1.3323684e+03   3.2000000e+01   5.1000000e+01   4.3700000e+02   5.3000000e+01   2.6500000e+01   2.8571429e+01   1.0434783e+01   2.0000000e+00   7.0000000e+00   2.3000000e+01   6.6923077e+00
   1.9056715e+03   4.2000000e+01   7.3000000e+01   5.4500000e+02   5.6000000e+01   2.8000000e+01   2.8222222e+01   1.0451613e+01   2.0000000e+00   9.0000000e+00   3.1000000e+01   6.0727273e+00
   1.7899313e+03   4.1000000e+01   6.7000000e+01   5.4900000e+02   5.4000000e+01   2.7000000e+01   3.2142857e+01   1.0875000e+01   2.0000000e+00   7.0000000e+00   3.2000000e+01   6.2135922e+00
   1.7228634e+03   3.6000000e+01   6.7000000e+01   4.9700000e+02   4.7000000e+01   2.3500000e+01   3.3500000e+01   1.1892857e+01   2.0000000e+00   6.0000000e+00   2.8000000e+01   6.1562500e+00
   1.5728016e+03   4.4000000e+01   6.2000000e+01   5.0300000e+02   4.9000000e+01   2.4500000e+01   3.0125000e+01   8.3823529e+00   2.0000000e+00   8.0000000e+00   3.4000000e+01   6.2577320e+00
   1.9631635e+03   4.0000000e+01   7.1000000e+01   5.4800000e+02   5.6000000e+01   2.8000000e+01   3.0428571e+01   1.1612903e+01   2.0000000e+00   7.0000000e+00   3.1000000e+01   6.2403846e+00
   1.6500786e+03   3.5000000e+01   6.3000000e+01   4.9700000e+02   5.5000000e+01   2.7500000e+01   2.9571429e+01   1.1576923e+01   2.0000000e+00   7.0000000e+00   2.6000000e+01   6.4421053e+00
   1.4358019e+03   3.8000000e+01   5.2000000e+01   4.3000000e+02   5.6000000e+01   2.8000000e+01   2.1888889e+01   8.5555556e+00   2.0000000e+00   9.0000000e+00   2.7000000e+01   6.2941176e+00
   1.7390252e+03   3.5000000e+01   6.5000000e+01   5.1000000e+02   5.1000000e+01   2.5500000e+01   2.8000000e+01   1.2961538e+01   2.0000000e+00   7.0000000e+00   2.6000000e+01   6.4479167e+00
   1.8283235e+03   4.3000000e+01   6.7000000e+01   5.3700000e+02   5.0000000e+01   2.5000000e+01   2.6333333e+01   1.0281250e+01   2.0000000e+00   9.0000000e+00   3.2000000e+01   6.3300000e+00
   1.2980772e+03   2.9000000e+01   5.2000000e+01   4.3000000e+02   5.3000000e+01   2.6500000e+01   2.8166667e+01   1.2761905e+01   2.0000000e+00   6.0000000e+00   2.1000000e+01   6.6973684e+00
   1.6230309e+03   3.4000000e+01   6.1000000e+01   4.8700000e+02   5.6000000e+01   2.8000000e+01   2.6625000e+01   1.1875000e+01   2.0000000e+00   8.0000000e+00   2.4000000e+01   6.4157303e+00
   1.8536212e+03   3.6000000e+01   6.5000000e+01   4.8800000e+02   5.6000000e+01   2.8000000e+01   2.8714286e+01   1.1592593e+01   2.0000000e+00   7.0000000e+00   2.7000000e+01   6.2446809e+00
   1.5644688e+03   3.4000000e+01   6.4000000e+01   5.0300000e+02   5.6000000e+01   2.8000000e+01   3.1142857e+01   1.2120000e+01   2.0000000e+00   7.0000000e+00   2.5000000e+01   6.5222222e+00
   1.7292899e+03   4.4000000e+01   6.0000000e+01   5.0800000e+02   5.0000000e+01   2.5000000e+01   3.0375000e+01   8.4705882e+00   2.0000000e+00   8.0000000e+00   3.4000000e+01   6.3711340e+00
   1.9164061e+03   3.9000000e+01   6.7000000e+01   5.1700000e+02   5.2000000e+01   2.6000000e+01   2.8375000e+01   1.0862069e+01   2.0000000e+00   8.0000000e+00   2.9000000e+01   6.0990099e+00
   1.5329218e+03   3.8000000e+01   5.7000000e+01   4.6600000e+02   4.7000000e+01   2.3500000e+01   2.5222222e+01   9.7777778e+00   2.0000000e+00   9.0000000e+00   2.7000000e+01   6.4666667e+00
   1.7552791e+03   4.5000000e+01   6.6000000e+01   5.6000000e+02   5.1000000e+01   2.5500000e+01   2.9777778e+01   9.7352941e+00   2.0000000e+00   9.0000000e+00   3.4000000e+01   6.6250000e+00
   2.0243231e+03   4.5000000e+01   7.2000000e+01   5.4000000e+02   5.1000000e+01   2.5500000e+01   3.0555556e+01   9.0000000e+00   2.0000000e+00   9.0000000e+00   3.4000000e+01   6.0636364e+00
   1.5162811e+03   3.9000000e+01   6.0000000e+01   5.0900000e+02   5.4000000e+01   2.7000000e+01   2.8000000e+01   1.0241379e+01   2.0000000e+00   8.0000000e+00   2.9000000e+01   6.4945055e+00
   1.8507198e+03   3.5000000e+01   6.5000000e+01   5.0800000e+02   5.6000000e+01   2.8000000e+01   2.3444444e+01   1.3208333e+01   2.0000000e+00   9.0000000e+00   2.4000000e+01   6.1649485e+00
   1.7827872e+03   4.0000000e+01   6.4000000e+01   4.7700000e+02   5.2000000e+01   2.6000000e+01   2.6888889e+01   9.1034483e+00   2.0000000e+00   9.0000000e+00   2.9000000e+01   6.0729167e+00
   1.8244367e+03   3.8000000e+01   6.6000000e+01   5.1800000e+02   5.0000000e+01   2.5000000e+01   3.2285714e+01   1.1172414e+01   2.0000000e+00   7.0000000e+00   2.9000000e+01   6.3298969e+00
   1.7021890e+03   3.6000000e+01   6.8000000e+01   5.5200000e+02   5.6000000e+01   2.8000000e+01   3.1714286e+01   1.3074074e+01   2.0000000e+00   7.0000000e+00   2.7000000e+01   6.4387755e+00
   2.1016635e+03   4.2000000e+01   7.4000000e+01   5.5500000e+02   5.5000000e+01   2.7500000e+01   3.0625000e+01   1.0375000e+01   2.0000000e+00   8.0000000e+00   3.2000000e+01   5.9074074e+00
   2.0008888e+03   3.3000000e+01   6.5000000e+01   4.6900000e+02   5.5000000e+01   2.7500000e+01   3.0000000e+01   1.2080000e+01   2.0000000e+00   6.0000000e+00   2.5000000e+01   6.0217391e+00
   1.8617980e+03   4.1000000e+01   6.6000000e+01   5.1100000e+02   5.4000000e+01   2.7000000e+01   3.0125000e+01   9.6129032e+00   2.0000000e+00   8.0000000e+00   3.1000000e+01   6.1200000e+00
   1.3716118e+03   3.4000000e+01   5.7000000e+01   4.5200000e+02   5.5000000e+01   2.7500000e+01   2.7857143e+01   1.0840000e+01   2.0000000e+00   7.0000000e+00   2.5000000e+01   6.4698795e+00
   1.5081686e+03   3.3000000e+01   5.9000000e+01   4.6300000e+02   5.3000000e+01   2.6500000e+01   2.5857143e+01   1.2291667e+01   2.0000000e+00   7.0000000e+00   2.4000000e+01   6.1264368e+00
   1.9054145e+03   4.2000000e+01   7.5000000e+01   5.6200000e+02   5.1000000e+01   2.5500000e+01   3.1714286e+01   1.1272727e+01   2.0000000e+00   7.0000000e+00   3.3000000e+01   6.2018349e+00
   1.9629278e+03   4.2000000e+01   6.7000000e+01   4.9600000e+02   5.3000000e+01   2.6500000e+01   2.9000000e+01   9.0000000e+00   2.0000000e+00   8.0000000e+00   3.2000000e+01   5.9108911e+00
   1.7309753e+03   4.1000000e+01   6.8000000e+01   5.3100000e+02   4.6000000e+01   2.3000000e+01   3.1428571e+01   1.0906250e+01   2.0000000e+00   7.0000000e+00   3.2000000e+01   6.1153846e+00
   1.7177338e+03   3.6000000e+01   6.3000000e+01   4.5400000e+02   5.3000000e+01   2.6500000e+01   2.6857143e+01   1.0629630e+01   2.0000000e+00   7.0000000e+00   2.7000000e+01   6.1250000e+00
   1.3190531e+03   3.5000000e+01   5.6000000e+01   4.2100000e+02   5.3000000e+01   2.6500000e+01   2.5555556e+01   8.2500000e+00   2.0000000e+00   9.0000000e+00   2.4000000e+01   6.3414634e+00
   1.6340843e+03   4.1000000e+01   6.3000000e+01   5.1100000e+02   5.0000000e+01   2.5000000e+01   2.4777778e+01   1.0433333e+01   2.0000000e+00   9.0000000e+00   3.0000000e+01   6.4270833e+00
   1.7442161e+03   3.2000000e+01   6.3000000e+01   4.9300000e+02   5.5000000e+01   2.7500000e+01   3.0571429e+01   1.2826087e+01   2.0000000e+00   7.0000000e+00   2.3000000e+01   6.0659341e+00
   1.7706205e+03   3.4000000e+01   6.3000000e+01   4.9600000e+02   4.9000000e+01   2.4500000e+01   2.9000000e+01   1.2440000e+01   2.0000000e+00   7.0000000e+00   2.5000000e+01   6.2021277e+00
   1.8651506e+03   3.7000000e+01   6.8000000e+01   5.0200000e+02   5.5000000e+01   2.7500000e+01   3.2428571e+01   1.1071429e+01   2.0000000e+00   7.0000000e+00   2.8000000e+01   6.1632653e+00
   1.8122262e+03   3.0000000e+01   6.1000000e+01   4.2300000e+02   4.8000000e+01   2.4000000e+01   2.7166667e+01   1.2772727e+01   2.0000000e+00   6.0000000e+00   2.2000000e+01   5.7386364e+00
   1.7774325e+03   3.9000000e+01   6.2000000e+01   4.5700000e+02   5.2000000e+01   2.6000000e+01   2.6142857e+01   9.7000000e+00   2.0000000e+00   7.0000000e+00   3.0000000e+01   6.0103093e+00
   1.2948347e+03   3.8000000e+01   5.5000000e+01   4.5200000e+02   5.2000000e+01   2.6000000e+01   2.5111111e+01   8.8148148e+00   2.0000000e+00   9.0000000e+00   2.7000000e+01   6.1590909e+00
   1.8411251e+03   4.1000000e+01   6.6000000e+01   5.3000000e+02   5.4000000e+01   2.7000000e+01   3.2714286e+01   9.9375000e+00   2.0000000e+00   7.0000000e+00   3.2000000e+01   6.3203883e+00
   1.2392560e+03   3.3000000e+01   4.8000000e+01   4.2800000e+02   4.8000000e+01   2.4000000e+01   2.7000000e+01   1.0291667e+01   2.0000000e+00   7.0000000e+00   2.4000000e+01   6.6623377e+00
   9.0235730e+02   3.0000000e+01   3.6000000e+01   3.4800000e+02   5.3000000e+01   2.6500000e+01   2.3571429e+01   8.2857143e+00   2.0000000e+00   7.0000000e+00   2.1000000e+01   6.7777778e+00
   1.9485698e+03   4.2000000e+01   7.1000000e+01   5.6200000e+02   5.5000000e+01   2.7500000e+01   3.1000000e+01   1.0625000e+01   2.0000000e+00   8.0000000e+00   3.2000000e+01   6.3271028e+00
   1.5450360e+03   4.0000000e+01   6.1000000e+01   4.8500000e+02   4.7000000e+01   2.3500000e+01   2.7500000e+01   9.8000000e+00   2.0000000e+00   8.0000000e+00   3.0000000e+01   6.2747253e+00
   1.7667972e+03   4.0000000e+01   6.0000000e+01   4.6300000e+02   5.0000000e+01   2.5000000e+01   2.6375000e+01   8.9666667e+00   2.0000000e+00   8.0000000e+00   3.0000000e+01   5.8817204e+00
   2.0534914e+03   3.6000000e+01   7.3000000e+01   5.2000000e+02   5.4000000e+01   2.7000000e+01   3.4000000e+01   1.2428571e+01   2.0000000e+00   6.0000000e+00   2.8000000e+01   6.1584158e+00
   1.7814438e+03   4.4000000e+01   6.7000000e+01   5.3300000e+02   5.2000000e+01   2.6000000e+01   2.9500000e+01   9.6176471e+00   2.0000000e+00   8.0000000e+00   3.4000000e+01   6.2019231e+00
   1.7618689e+03   3.8000000e+01   5.8000000e+01   4.3900000e+02   5.0000000e+01   2.5000000e+01   2.6714286e+01   9.2413793e+00   2.0000000e+00   7.0000000e+00   2.9000000e+01   5.8681319e+00
   1.5831503e+03   4.1000000e+01   5.7000000e+01   4.5200000e+02   5.1000000e+01   2.5500000e+01   2.8125000e+01   7.8709677e+00   2.0000000e+00   8.0000000e+00   3.1000000e+01   5.9247312e+00
   2.1769389e+03   5.1000000e+01   7.7000000e+01   5.7700000e+02   5.2000000e+01   2.6000000e+01   2.7200000e+01   8.7179487e+00   2.0000000e+00   1.0000000e+01   3.9000000e+01   5.8083333e+00
   1.8531318e+03   3.8000000e+01   6.9000000e+01   5.6300000e+02   5.2000000e+01   2.6000000e+01   3.1571429e+01   1.2551724e+01   2.0000000e+00   7.0000000e+00   2.9000000e+01   6.5048544e+00
   1.8524403e+03   4.1000000e+01   6.9000000e+01   5.2800000e+02   5.2000000e+01   2.6000000e+01   2.8375000e+01   1.0709677e+01   2.0000000e+00   8.0000000e+00   3.1000000e+01   6.2427184e+00
   1.3371312e+03   3.7000000e+01   5.6000000e+01   4.3600000e+02   4.9000000e+01   2.4500000e+01   2.8142857e+01   9.0000000e+00   2.0000000e+00   7.0000000e+00   2.8000000e+01   6.4096386e+00
   1.6628208e+03   3.6000000e+01   5.9000000e+01   5.0100000e+02   5.5000000e+01   2.7500000e+01   2.8857143e+01   1.1629630e+01   2.0000000e+00   7.0000000e+00   2.7000000e+01   6.5000000e+00
   1.0773020e+03   1.6000000e+01   4.0000000e+01   2.7400000e+02   4.6000000e+01   6.0000000e+00   4.4500000e+01   1.7750000e+01   2.0000000e+00   2.0000000e+00   1.2000000e+01   5.9056604e+00
   1.4388728e+03   4.0000000e+01   5.2000000e+01   4.7400000e+02   4.8000000e+01   2.4000000e+01   2.8000000e+01   8.6000000e+00   2.0000000e+00   8.0000000e+00   3.0000000e+01   6.2068966e+00
   1.3680618e+03   3.5000000e+01   5.6000000e+01   4.7100000e+02   5.4000000e+01   2.7000000e+01   3.0285714e+01   1.0730769e+01   2.0000000e+00   7.0000000e+00   2.6000000e+01   6.6022727e+00
   1.6620130e+03   3.9000000e+01   6.1000000e+01   4.9500000e+02   5.2000000e+01   2.6000000e+01   2.7875000e+01   1.0034483e+01   2.0000000e+00   8.0000000e+00   2.9000000e+01   6.2234043e+00
   1.6986324e+03   4.4000000e+01   6.4000000e+01   5.2200000e+02   5.3000000e+01   2.6500000e+01   2.3454545e+01   9.2580645e+00   2.0000000e+00   1.1000000e+01   3.1000000e+01   6.3800000e+00
   1.4854115e+03   3.6000000e+01   5.7000000e+01   4.6600000e+02   5.3000000e+01   2.6500000e+01   2.6857143e+01   1.1000000e+01   2.0000000e+00   7.0000000e+00   2.7000000e+01   6.0786517e+00
   1.1095302e+03   2.4000000e+01   4.3000000e+01   3.4600000e+02   5.4000000e+01   2.7000000e+01   2.4166667e+01   1.2250000e+01   2.0000000e+00   6.0000000e+00   1.6000000e+01   6.3606557e+00
   1.4131648e+03   3.1000000e+01   5.3000000e+01   4.2200000e+02   5.4000000e+01   2.7000000e+01   2.6000000e+01   1.0954545e+01   2.0000000e+00   7.0000000e+00   2.2000000e+01   6.3456790e+00
   1.3662419e+03   3.6000000e+01   5.9000000e+01   4.7000000e+02   5.7000000e+01   2.8500000e+01   2.4500000e+01   1.0961538e+01   2.0000000e+00   8.0000000e+00   2.6000000e+01   6.5340909e+00
   1.6874658e+03   3.9000000e+01   7.0000000e+01   5.0500000e+02   5.5000000e+01   2.7500000e+01   2.9857143e+01   1.1033333e+01   2.0000000e+00   7.0000000e+00   3.0000000e+01   6.1313131e+00
   1.6208908e+03   3.9000000e+01   6.6000000e+01   5.2700000e+02   5.4000000e+01   2.7000000e+01   3.1000000e+01   1.1166667e+01   2.0000000e+00   7.0000000e+00   3.0000000e+01   6.3636364e+00
   1.7087171e+03   4.5000000e+01   6.7000000e+01   5.6400000e+02   5.0000000e+01   2.5000000e+01   2.9666667e+01   9.6470588e+00   2.0000000e+00   9.0000000e+00   3.4000000e+01   6.3888889e+00
