   2.0108480e+03   3.7000000e+01   6.0000000e+01   5.3800000e+02   5.6000000e+01   2.8000000e+01   3.3000000e+01   1.1571429e+01   2.0000000e+00   7.0000000e+00   2.8000000e+01   6.8709677e+00
   1.7237827e+03   3.9000000e+01   6.9000000e+01   6.2200000e+02   5.9000000e+01   2.9500000e+01   3.1500000e+01   1.3551724e+01   2.0000000e+00   8.0000000e+00   2.9000000e+01   7.2912621e+00
   2.0721988e+03   3.8000000e+01   6.5000000e+01   5.4400000e+02   5.3000000e+01   2.6500000e+01   3.1285714e+01   1.2068966e+01   2.0000000e+00   7.0000000e+00   2.9000000e+01   6.7272727e+00
   1.6478835e+03   3.2000000e+01   5.7000000e+01   4.6000000e+02   5.5000000e+01   2.7500000e+01   2.8285714e+01   1.1652174e+01   2.0000000e+00   7.0000000e+00   2.3000000e+01   7.0875000e+00
   1.9570662e+03   3.6000000e+01   6.5000000e+01   5.2900000e+02   5.7000000e+01   2.8500000e+01   3.3285714e+01   1.1851852e+01   2.0000000e+00   7.0000000e+00   2.7000000e+01   6.8421053e+00
   1.5021141e+03   3.5000000e+01   6.0000000e+01   4.9900000e+02   5.6000000e+01   2.8000000e+01   2.8428571e+01   1.1923077e+01   2.0000000e+00   7.0000000e+00   2.6000000e+01   7.0888889e+00
   1.6426201e+03   3.7000000e+01   5.5000000e+01   4.6800000e+02   5.3000000e+01   2.6500000e+01   2.5750000e+01   1.0185185e+01   2.0000000e+00   8.0000000e+00   2.7000000e+01   6.7469880e+00
   1.8109723e+03   3.4000000e+01   6.4000000e+01   5.2800000e+02   5.7000000e+01   2.8500000e+01   3.4000000e+01   1.3269231e+01   2.0000000e+00   6.0000000e+00   2.6000000e+01   6.8369565e+00
   1.8540910e+03   3.3000000e+01   6.6000000e+01   5.7300000e+02   5.5000000e+01   2.7500000e+01   3.2428571e+01   1.5125000e+01   2.0000000e+00   7.0000000e+00   2.4000000e+01   6.9892473e+00
   1.7759911e+03   4.1000000e+01   6.4000000e+01   5.5500000e+02   5.6000000e+01   2.8000000e+01   2.7750000e+01   1.1548387e+01   2.0000000e+00   8.0000000e+00   3.1000000e+01   7.1052632e+00
   1.6493957e+03   4.0000000e+01   6.1000000e+01   5.5400000e+02   5.1000000e+01   2.5500000e+01   3.3428571e+01   1.1225806e+01   2.0000000e+00   7.0000000e+00   3.1000000e+01   7.1836735e+00
   1.5706486e+03   4.1000000e+01   5.6000000e+01   5.4400000e+02   5.2000000e+01   2.6000000e+01   3.2714286e+01   1.0281250e+01   2.0000000e+00   7.0000000e+00   3.2000000e+01   7.1063830e+00
   2.0626791e+03   3.6000000e+01   6.7000000e+01   5.3900000e+02   5.8000000e+01   2.9000000e+01   3.4333333e+01   1.3250000e+01   2.0000000e+00   6.0000000e+00   2.8000000e+01   6.8404255e+00
   1.5820932e+03   4.3000000e+01   6.1000000e+01   5.7100000e+02   5.4000000e+01   2.7000000e+01   2.7222222e+01   1.1093750e+01   2.0000000e+00   9.0000000e+00   3.2000000e+01   7.2244898e+00
   1.5911145e+03   3.6000000e+01   5.2000000e+01   4.7100000e+02   5.3000000e+01   2.6500000e+01   2.5375000e+01   1.0576923e+01   2.0000000e+00   8.0000000e+00   2.6000000e+01   6.7469880e+00
   2.0183509e+03   3.7000000e+01   7.0000000e+01   5.6800000e+02   5.4000000e+01   2.7000000e+01   3.0571429e+01   1.3642857e+01   2.0000000e+00   7.0000000e+00   2.8000000e+01   6.7319588e+00
   1.8369729e+03   3.4000000e+01   6.5000000e+01   5.3100000e+02   5.9000000e+01   2.9500000e+01   2.9428571e+01   1.3600000e+01   2.0000000e+00   7.0000000e+00   2.5000000e+01   6.9157895e+00
   1.6749756e+03   4.4000000e+01   5.5000000e+01   5.2500000e+02   5.1000000e+01   2.5500000e+01   2.7700000e+01   8.5000000e+00   2.0000000e+00   1.0000000e+01   3.2000000e+01   6.8043478e+00
   1.4289943e+03   2.8000000e+01   4.9000000e+01   4.3500000e+02   5.4000000e+01   2.7000000e+01   2.5142857e+01   1.3684211e+01   2.0000000e+00   7.0000000e+00   1.9000000e+01   6.8194444e+00
   2.0313724e+03   3.7000000e+01   6.5000000e+01   5.5900000e+02   5.4000000e+01   2.7000000e+01   2.9222222e+01   1.2000000e+01   2.0000000e+00   9.0000000e+00   2.6000000e+01   6.9255319e+00
   1.8421539e+03   4.2000000e+01   6.6000000e+01   5.6200000e+02   5.5000000e+01   2.7500000e+01   2.6000000e+01   1.1225806e+01   2.0000000e+00   9.0000000e+00   3.1000000e+01   6.8823529e+00
   1.8013555e+03   3.8000000e+01   6.6000000e+01   5.7600000e+02   5.4000000e+01   2.7000000e+01   3.1428571e+01   1.2931034e+01   2.0000000e+00   7.0000000e+00   2.9000000e+01   6.8787879e+00
   1.7858474e+03   3.8000000e+01   5.9000000e+01   5.4900000e+02   5.8000000e+01   2.9000000e+01   3.0125000e+01   1.1357143e+01   2.0000000e+00   8.0000000e+00   2.8000000e+01   7.0107527e+00
   1.3863190e+03   3.4000000e+01   4.8000000e+01   4.5300000e+02   5.1000000e+01   2.5500000e+01   2.5375000e+01   1.0375000e+01   2.0000000e+00   8.0000000e+00   2.4000000e+01   6.8333333e+00
   1.7239847e+03   3.8000000e+01   5.5000000e+01   5.4800000e+02   5.6000000e+01   2.8000000e+01   3.1375000e+01   1.1000000e+01   2.0000000e+00   8.0000000e+00   2.8000000e+01   7.0666667e+00
   2.3765353e+03   4.4000000e+01   7.6000000e+01   6.2300000e+02   5.4000000e+01   2.7000000e+01   3.1125000e+01   1.1911765e+01   2.0000000e+00   8.0000000e+00   3.4000000e+01   6.7982456e+00
   1.9786087e+03   3.8000000e+01   6.2000000e+01   5.6700000e+02   5.9000000e+01   2.9500000e+01   3.2714286e+01   1.2241379e+01   2.0000000e+00   7.0000000e+00   2.9000000e+01   7.0210526e+00
   1.9224437e+03   3.0000000e+01   5.9000000e+01   5.1600000e+02   5.7000000e+01   2.8500000e+01   3.2000000e+01   1.5318182e+01   2.0000000e+00   6.0000000e+00   2.2000000e+01   6.9285714e+00
   2.1965476e+03   4.3000000e+01   7.6000000e+01   6.2300000e+02   5.5000000e+01   2.7500000e+01   3.1625000e+01   1.2303030e+01   2.0000000e+00   8.0000000e+00   3.3000000e+01   6.9380531e+00
   1.8321925e+03   3.9000000e+01   6.5000000e+01   5.6300000e+02   5.2000000e+01   2.6000000e+01   3.3571429e+01   1.1633333e+01   2.0000000e+00   7.0000000e+00   3.0000000e+01   6.8144330e+00
   2.1120940e+03   3.7000000e+01   7.2000000e+01   5.7500000e+02   5.8000000e+01   2.9000000e+01   3.0875000e+01   1.3148148e+01   2.0000000e+00   8.0000000e+00   2.7000000e+01   6.8627451e+00
   1.6016624e+03   4.0000000e+01   6.0000000e+01   5.3500000e+02   5.7000000e+01   2.8500000e+01   3.2428571e+01   1.0387097e+01   2.0000000e+00   7.0000000e+00   3.1000000e+01   6.8947368e+00
   1.7448758e+03   3.3000000e+01   6.0000000e+01   5.0300000e+02   5.3000000e+01   2.6500000e+01   3.1142857e+01   1.2500000e+01   2.0000000e+00   7.0000000e+00   2.4000000e+01   6.9195402e+00
   1.4857788e+03   3.9000000e+01   6.2000000e+01   5.4700000e+02   5.5000000e+01   2.7500000e+01   3.1428571e+01   1.1633333e+01   2.0000000e+00   7.0000000e+00   3.0000000e+01   7.3440860e+00
   1.8811906e+03   4.0000000e+01   6.9000000e+01   6.0000000e+02   5.5000000e+01   2.7500000e+01   3.0750000e+01   1.2500000e+01   2.0000000e+00   8.0000000e+00   3.0000000e+01   6.9326923e+00
   1.7810657e+03   4.0000000e+01   6.0000000e+01   5.5500000e+02   5.5000000e+01   2.7500000e+01   2.9111111e+01   1.1000000e+01   2.0000000e+00   9.0000000e+00   2.9000000e+01   7.0210526e+00
   1.6735364e+03   3.4000000e+01   6.2000000e+01   5.7000000e+02   5.6000000e+01   2.8000000e+01   3.5666667e+01   1.4384615e+01   2.0000000e+00   6.0000000e+00   2.6000000e+01   7.2087912e+00
   1.6833334e+03   4.0000000e+01   6.1000000e+01   5.2400000e+02   5.0000000e+01   2.5000000e+01   2.5888889e+01   1.0793103e+01   2.0000000e+00   9.0000000e+00   2.9000000e+01   6.9468085e+00
   1.5380307e+03   3.0000000e+01   5.6000000e+01   4.9900000e+02   6.3000000e+01   3.1500000e+01   2.6714286e+01   1.4619048e+01   2.0000000e+00   7.0000000e+00   2.1000000e+01   6.9756098e+00
   1.7770724e+03   4.3000000e+01   6.3000000e+01   5.5200000e+02   5.1000000e+01   2.5500000e+01   2.9875000e+01   1.0363636e+01   2.0000000e+00   8.0000000e+00   3.3000000e+01   6.8514851e+00
   1.5406309e+03   4.1000000e+01   5.8000000e+01   5.4700000e+02   5.4000000e+01   2.7000000e+01   3.1000000e+01   1.0290323e+01   2.0000000e+00   8.0000000e+00   3.1000000e+01   7.0319149e+00
   1.6756371e+03   4.3000000e+01   6.0000000e+01   5.5600000e+02   5.2000000e+01   2.6000000e+01   3.2500000e+01   9.5757576e+00   2.0000000e+00   8.0000000e+00   3.3000000e+01   6.8865979e+00
   0.0000000e+00   0.0000000e+00   0.0000000e+00   0.0000000e+00   0.0000000e+00   0.0000000e+00   0.0000000e+00   0.0000000e+00   0.0000000e+00   0.0000000e+00   0.0000000e+00   0.0000000e+00
   0.0000000e+00   0.0000000e+00   0.0000000e+00   0.0000000e+00   0.0000000e+00   0.0000000e+00   0.0000000e+00   0.0000000e+00   0.0000000e+00   0.0000000e+00   0.0000000e+00   0.0000000e+00
   0.0000000e+00   0.0000000e+00   0.0000000e+00   0.0000000e+00   0.0000000e+00   0.0000000e+00   0.0000000e+00   0.0000000e+00   0.0000000e+00   0.0000000e+00   0.0000000e+00   0.0000000e+00
   0.0000000e+00   0.0000000e+00   0.0000000e+00   0.0000000e+00   0.0000000e+00   0.0000000e+00   0.0000000e+00   0.0000000e+00   0.0000000e+00   0.0000000e+00   0.0000000e+00   0.0000000e+00
   0.0000000e+00   0.0000000e+00   0.0000000e+00   0.0000000e+00   0.0000000e+00   0.0000000e+00   0.0000000e+00   0.0000000e+00   0.0000000e+00   0.0000000e+00   0.0000000e+00   0.0000000e+00
   0.0000000e+00   0.0000000e+00   0.0000000e+00   0.0000000e+00   0.0000000e+00   0.0000000e+00   0.0000000e+00   0.0000000e+00   0.0000000e+00   0.0000000e+00   0.0000000e+00   0.0000000e+00
   0.0000000e+00   0.0000000e+00   0.0000000e+00   0.0000000e+00   0.0000000e+00   0.0000000e+00   0.0000000e+00   0.0000000e+00   0.0000000e+00   0.0000000e+00   0.0000000e+00   0.0000000e+00
   1.8126092e+03   3.9000000e+01   6.0000000e+01   5.3500000e+02   5.5000000e+01   2.7500000e+01   2.9625000e+01   1.1310345e+01   2.0000000e+00   8.0000000e+00   2.9000000e+01   7.2282609e+00
   1.6053280e+03   3.2000000e+01   5.1000000e+01   4.4700000e+02   5.7000000e+01   2.8500000e+01   2.4000000e+01   1.1590909e+01   2.0000000e+00   8.0000000e+00   2.2000000e+01   6.6875000e+00
   1.9526213e+03   4.4000000e+01   6.8000000e+01   6.0400000e+02   5.7000000e+01   2.8500000e+01   3.0000000e+01   1.0757576e+01   2.0000000e+00   9.0000000e+00   3.3000000e+01   6.9611650e+00
   1.8258766e+03   3.3000000e+01   5.3000000e+01   4.7600000e+02   5.5000000e+01   2.7500000e+01   2.7375000e+01   1.1565217e+01   2.0000000e+00   8.0000000e+00   2.3000000e+01   6.9268293e+00
   1.7737733e+03   3.5000000e+01   6.3000000e+01   5.5700000e+02   5.4000000e+01   2.7000000e+01   3.5833333e+01   1.3259259e+01   2.0000000e+00   6.0000000e+00   2.7000000e+01   7.0531915e+00
   1.2404228e+03   2.7000000e+01   5.1000000e+01   4.5900000e+02   5.7000000e+01   2.8500000e+01   2.6571429e+01   1.5388889e+01   2.0000000e+00   7.0000000e+00   1.8000000e+01   7.3561644e+00
   2.1131307e+03   4.8000000e+01   6.8000000e+01   6.3100000e+02   5.4000000e+01   2.7000000e+01   3.0500000e+01   9.8611111e+00   2.0000000e+00   1.0000000e+01   3.6000000e+01   7.1009174e+00
   1.8210557e+03   3.7000000e+01   6.2000000e+01   5.7100000e+02   5.5000000e+01   2.7500000e+01   3.2375000e+01   1.2148148e+01   2.0000000e+00   8.0000000e+00   2.7000000e+01   7.3369565e+00
   1.9957472e+03   3.4000000e+01   6.7000000e+01   5.5800000e+02   5.5000000e+01   2.7500000e+01   3.0857143e+01   1.4600000e+01   2.0000000e+00   7.0000000e+00   2.5000000e+01   6.9468085e+00
   1.6883722e+03   3.5000000e+01   5.8000000e+01   5.3000000e+02   5.6000000e+01   2.8000000e+01   3.0125000e+01   1.2160000e+01   2.0000000e+00   8.0000000e+00   2.5000000e+01   7.1011236e+00
   1.5355674e+03   3.6000000e+01   5.4000000e+01   5.0100000e+02   5.7000000e+01   2.8500000e+01   2.6500000e+01   1.1192308e+01   2.0000000e+00   8.0000000e+00   2.6000000e+01   7.0235294e+00
   1.7909363e+03   3.9000000e+01   6.7000000e+01   5.7400000e+02   5.7000000e+01   2.8500000e+01   3.3250000e+01   1.1241379e+01   2.0000000e+00   8.0000000e+00   2.9000000e+01   6.9600000e+00
   2.1618157e+03   3.3000000e+01   7.2000000e+01   5.7700000e+02   5.8000000e+01   2.9000000e+01   3.3285714e+01   1.5333333e+01   2.0000000e+00   7.0000000e+00   2.4000000e+01   6.9191919e+00
   2.2161598e+03   3.7000000e+01   7.6000000e+01   5.8700000e+02   5.5000000e+01   2.7500000e+01   3.4000000e+01   1.3607143e+01   2.0000000e+00   7.0000000e+00   2.8000000e+01   6.7745098e+00
   2.4188064e+03   3.9000000e+01   8.1000000e+01   6.4100000e+02   5.4000000e+01   2.7000000e+01   3.5000000e+01   1.4433333e+01   2.0000000e+00   7.0000000e+00   3.0000000e+01   6.8839286e+00
   2.0567074e+03   4.1000000e+01   6.2000000e+01   5.9400000e+02   5.3000000e+01   2.6500000e+01   3.2500000e+01   1.1225806e+01   2.0000000e+00   8.0000000e+00   3.1000000e+01   6.8144330e+00
   1.7916367e+03   3.3000000e+01   6.6000000e+01   5.5100000e+02   5.8000000e+01   2.9000000e+01   2.9285714e+01   1.5416667e+01   2.0000000e+00   7.0000000e+00   2.4000000e+01   7.0434783e+00
   1.5804357e+03   4.0000000e+01   6.4000000e+01   5.5400000e+02   5.2000000e+01   2.6000000e+01   3.4142857e+01   1.1096774e+01   2.0000000e+00   7.0000000e+00   3.1000000e+01   6.9000000e+00
   1.9912688e+03   3.9000000e+01   7.7000000e+01   6.2200000e+02   5.9000000e+01   2.9500000e+01   3.6333333e+01   1.4290323e+01   2.0000000e+00   6.0000000e+00   3.1000000e+01   6.8584071e+00
   1.5968649e+03   3.8000000e+01   6.2000000e+01   5.4200000e+02   5.8000000e+01   2.9000000e+01   3.1142857e+01   1.1827586e+01   2.0000000e+00   7.0000000e+00   2.9000000e+01   7.0000000e+00
   1.5128056e+03   3.0000000e+01   5.5000000e+01   4.7600000e+02   5.7000000e+01   2.8500000e+01   3.0500000e+01   1.3181818e+01   2.0000000e+00   6.0000000e+00   2.2000000e+01   7.0384615e+00
   1.9747130e+03   3.4000000e+01   7.0000000e+01   5.4200000e+02   5.6000000e+01   2.8000000e+01   3.6333333e+01   1.3692308e+01   2.0000000e+00   6.0000000e+00   2.6000000e+01   6.8631579e+00
   1.8431178e+03   3.7000000e+01   6.6000000e+01   5.8300000e+02   6.0000000e+01   3.0000000e+01   3.2285714e+01   1.3250000e+01   2.0000000e+00   7.0000000e+00   2.8000000e+01   7.0309278e+00
   1.5587355e+03   4.1000000e+01   6.0000000e+01   5.7700000e+02   5.6000000e+01   2.8000000e+01   2.8555556e+01   1.0833333e+01   2.0000000e+00   9.0000000e+00   3.0000000e+01   7.3478261e+00
   1.7576032e+03   3.7000000e+01   6.3000000e+01   5.1000000e+02   5.1000000e+01   2.5500000e+01   2.8875000e+01   1.1925926e+01   2.0000000e+00   8.0000000e+00   2.7000000e+01   7.0537634e+00
   2.0743703e+03   3.8000000e+01   7.6000000e+01   6.0700000e+02   5.5000000e+01   2.7500000e+01   3.4428571e+01   1.3482759e+01   2.0000000e+00   7.0000000e+00   2.9000000e+01   6.6605505e+00
   1.4010842e+03   3.9000000e+01   5.7000000e+01   5.1000000e+02   5.1000000e+01   2.5500000e+01   2.7000000e+01   1.0793103e+01   2.0000000e+00   8.0000000e+00   2.9000000e+01   7.1521739e+00
   1.5671255e+03   3.3000000e+01   5.2000000e+01   4.5600000e+02   5.6000000e+01   2.8000000e+01   2.2000000e+01   1.2086957e+01   2.0000000e+00   8.0000000e+00   2.3000000e+01   6.7901235e+00
   1.5342344e+03   2.9000000e+01   5.0000000e+01   4.6000000e+02   5.8000000e+01   2.9000000e+01   3.2833333e+01   1.2285714e+01   2.0000000e+00   6.0000000e+00   2.1000000e+01   7.0945946e+00
   1.6356878e+03   3.0000000e+01   6.5000000e+01   5.0400000e+02   5.8000000e+01   2.9000000e+01   2.9666667e+01   1.5363636e+01   2.0000000e+00   6.0000000e+00   2.2000000e+01   6.4772727e+00
   1.9536960e+03   4.0000000e+01   6.6000000e+01   5.3800000e+02   5.5000000e+01   2.7500000e+01   3.1625000e+01   1.0933333e+01   2.0000000e+00   8.0000000e+00   3.0000000e+01   6.7722772e+00
   2.0106937e+03   3.9000000e+01   6.8000000e+01   5.9400000e+02   5.3000000e+01   2.6500000e+01   3.4142857e+01   1.2933333e+01   2.0000000e+00   7.0000000e+00   3.0000000e+01   6.9803922e+00
   1.7237968e+03   3.6000000e+01   5.9000000e+01   4.9500000e+02   5.4000000e+01   2.7000000e+01   2.5375000e+01   1.2000000e+01   2.0000000e+00   8.0000000e+00   2.6000000e+01   6.7011494e+00
   1.5397980e+03   3.9000000e+01   5.4000000e+01   5.2600000e+02   5.5000000e+01   2.7500000e+01   2.8375000e+01   1.0586207e+01   2.0000000e+00   8.0000000e+00   2.9000000e+01   7.2470588e+00
   2.2255151e+03   4.2000000e+01   6.7000000e+01   5.5100000e+02   5.4000000e+01   2.7000000e+01   3.1625000e+01   9.9687500e+00   2.0000000e+00   8.0000000e+00   3.2000000e+01   6.5196078e+00
   2.0878254e+03   5.1000000e+01   7.1000000e+01   6.0600000e+02   5.4000000e+01   2.7000000e+01   2.6727273e+01   9.2368421e+00   2.0000000e+00   1.1000000e+01   3.8000000e+01   6.7454545e+00
   1.5799829e+03   3.2000000e+01   5.8000000e+01   5.0500000e+02   5.7000000e+01   2.8500000e+01   2.6142857e+01   1.4173913e+01   2.0000000e+00   7.0000000e+00   2.3000000e+01   7.1686747e+00
   1.7665758e+03   4.1000000e+01   5.9000000e+01   5.3500000e+02   5.3000000e+01   2.6500000e+01   2.9375000e+01   1.0032258e+01   2.0000000e+00   8.0000000e+00   3.1000000e+01   6.8085106e+00
   1.9214075e+03   3.9000000e+01   6.3000000e+01   5.6100000e+02   5.3000000e+01   2.6500000e+01   3.0625000e+01   1.1724138e+01   2.0000000e+00   8.0000000e+00   2.9000000e+01   6.8571429e+00
   2.0065657e+03   3.7000000e+01   5.8000000e+01   4.8900000e+02   5.3000000e+01   2.6500000e+01   2.7125000e+01   1.0629630e+01   2.0000000e+00   8.0000000e+00   2.7000000e+01   6.6555556e+00
   1.4713873e+03   3.3000000e+01   5.2000000e+01   4.6100000e+02   5.2000000e+01   2.6000000e+01   2.7571429e+01   1.1541667e+01   2.0000000e+00   7.0000000e+00   2.4000000e+01   6.8354430e+00
   1.5647402e+03   3.3000000e+01   5.9000000e+01   5.0300000e+02   5.6000000e+01   2.8000000e+01   3.0142857e+01   1.2833333e+01   2.0000000e+00   7.0000000e+00   2.4000000e+01   6.8588235e+00
   1.6828813e+03   3.9000000e+01   6.6000000e+01   5.8400000e+02   5.7000000e+01   2.8500000e+01   3.4714286e+01   1.1800000e+01   2.0000000e+00   7.0000000e+00   3.0000000e+01   7.1010101e+00
   1.4423352e+03   3.4000000e+01   5.3000000e+01   4.6400000e+02   5.3000000e+01   2.6500000e+01   2.7375000e+01   1.0958333e+01   2.0000000e+00   8.0000000e+00   2.4000000e+01   6.8395062e+00
   1.8163402e+03   3.2000000e+01   6.3000000e+01   5.5400000e+02   5.5000000e+01   2.7500000e+01   3.5166667e+01   1.4958333e+01   2.0000000e+00   6.0000000e+00   2.4000000e+01   7.1704545e+00
   1.7309651e+03   3.2000000e+01   6.0000000e+01   5.5200000e+02   4.5000000e+01   2.2500000e+01   3.8000000e+01   1.4375000e+01   2.0000000e+00   6.0000000e+00   2.4000000e+01   7.2183908e+00
   1.5561465e+03   4.1000000e+01   6.1000000e+01   5.3400000e+02   5.5000000e+01   2.7500000e+01   2.3800000e+01   1.1137931e+01   2.0000000e+00   1.0000000e+01   2.9000000e+01   7.0947368e+00
   1.7499958e+03   3.8000000e+01   5.6000000e+01   5.2500000e+02   5.3000000e+01   2.6500000e+01   3.0285714e+01   1.1344828e+01   2.0000000e+00   7.0000000e+00   2.9000000e+01   7.0000000e+00
   1.8339096e+03   4.2000000e+01   7.0000000e+01   5.9100000e+02   5.2000000e+01   2.6000000e+01   3.3714286e+01   1.1787879e+01   2.0000000e+00   7.0000000e+00   3.3000000e+01   6.9528302e+00
   1.5226955e+03   3.5000000e+01   6.0000000e+01   5.4900000e+02   5.8000000e+01   2.9000000e+01   3.0428571e+01   1.3346154e+01   2.0000000e+00   7.0000000e+00   2.6000000e+01   7.2500000e+00
   1.9884370e+03   3.6000000e+01   6.5000000e+01   5.3200000e+02   5.7000000e+01   2.8500000e+01   3.4833333e+01   1.2571429e+01   2.0000000e+00   6.0000000e+00   2.8000000e+01   6.6161616e+00
