   0.0000000e+00   0.0000000e+00   0.0000000e+00   0.0000000e+00   0.0000000e+00   0.0000000e+00   0.0000000e+00   0.0000000e+00   0.0000000e+00   0.0000000e+00   0.0000000e+00   0.0000000e+00
   0.0000000e+00   0.0000000e+00   0.0000000e+00   0.0000000e+00   0.0000000e+00   0.0000000e+00   0.0000000e+00   0.0000000e+00   0.0000000e+00   0.0000000e+00   0.0000000e+00   0.0000000e+00
   0.0000000e+00   0.0000000e+00   0.0000000e+00   0.0000000e+00   0.0000000e+00   0.0000000e+00   0.0000000e+00   0.0000000e+00   0.0000000e+00   0.0000000e+00   0.0000000e+00   0.0000000e+00
   0.0000000e+00   0.0000000e+00   0.0000000e+00   0.0000000e+00   0.0000000e+00   0.0000000e+00   0.0000000e+00   0.0000000e+00   0.0000000e+00   0.0000000e+00   0.0000000e+00   0.0000000e+00
   0.0000000e+00   0.0000000e+00   0.0000000e+00   0.0000000e+00   0.0000000e+00   0.0000000e+00   0.0000000e+00   0.0000000e+00   0.0000000e+00   0.0000000e+00   0.0000000e+00   0.0000000e+00
   0.0000000e+00   0.0000000e+00   0.0000000e+00   0.0000000e+00   0.0000000e+00   0.0000000e+00   0.0000000e+00   0.0000000e+00   0.0000000e+00   0.0000000e+00   0.0000000e+00   0.0000000e+00
   0.0000000e+00   0.0000000e+00   0.0000000e+00   0.0000000e+00   0.0000000e+00   0.0000000e+00   0.0000000e+00   0.0000000e+00   0.0000000e+00   0.0000000e+00   0.0000000e+00   0.0000000e+00
   0.0000000e+00   0.0000000e+00   0.0000000e+00   0.0000000e+00   0.0000000e+00   0.0000000e+00   0.0000000e+00   0.0000000e+00   0.0000000e+00   0.0000000e+00   0.0000000e+00   0.0000000e+00
   0.0000000e+00   0.0000000e+00   0.0000000e+00   0.0000000e+00   0.0000000e+00   0.0000000e+00   0.0000000e+00   0.0000000e+00   0.0000000e+00   0.0000000e+00   0.0000000e+00   0.0000000e+00
   0.0000000e+00   0.0000000e+00   0.0000000e+00   0.0000000e+00   0.0000000e+00   0.0000000e+00   0.0000000e+00   0.0000000e+00   0.0000000e+00   0.0000000e+00   0.0000000e+00   0.0000000e+00
   0.0000000e+00   0.0000000e+00   0.0000000e+00   0.0000000e+00   0.0000000e+00   0.0000000e+00   0.0000000e+00   0.0000000e+00   0.0000000e+00   0.0000000e+00   0.0000000e+00   0.0000000e+00
   0.0000000e+00   0.0000000e+00   0.0000000e+00   0.0000000e+00   0.0000000e+00   0.0000000e+00   0.0000000e+00   0.0000000e+00   0.0000000e+00   0.0000000e+00   0.0000000e+00   0.0000000e+00
   0.0000000e+00   0.0000000e+00   0.0000000e+00   0.0000000e+00   0.0000000e+00   0.0000000e+00   0.0000000e+00   0.0000000e+00   0.0000000e+00   0.0000000e+00   0.0000000e+00   0.0000000e+00
   0.0000000e+00   0.0000000e+00   0.0000000e+00   0.0000000e+00   0.0000000e+00   0.0000000e+00   0.0000000e+00   0.0000000e+00   0.0000000e+00   0.0000000e+00   0.0000000e+00   0.0000000e+00
   0.0000000e+00   0.0000000e+00   0.0000000e+00   0.0000000e+00   0.0000000e+00   0.0000000e+00   0.0000000e+00   0.0000000e+00   0.0000000e+00   0.0000000e+00   0.0000000e+00   0.0000000e+00
   0.0000000e+00   0.0000000e+00   0.0000000e+00   0.0000000e+00   0.0000000e+00   0.0000000e+00   0.0000000e+00   0.0000000e+00   0.0000000e+00   0.0000000e+00   0.0000000e+00   0.0000000e+00
   0.0000000e+00   0.0000000e+00   0.0000000e+00   0.0000000e+00   0.0000000e+00   0.0000000e+00   0.0000000e+00   0.0000000e+00   0.0000000e+00   0.0000000e+00   0.0000000e+00   0.0000000e+00
   0.0000000e+00   0.0000000e+00   0.0000000e+00   0.0000000e+00   0.0000000e+00   0.0000000e+00   0.0000000e+00   0.0000000e+00   0.0000000e+00   0.0000000e+00   0.0000000e+00   0.0000000e+00
   0.0000000e+00   0.0000000e+00   0.0000000e+00   0.0000000e+00   0.0000000e+00   0.0000000e+00   0.0000000e+00   0.0000000e+00   0.0000000e+00   0.0000000e+00   0.0000000e+00   0.0000000e+00
   1.2347080e+03   3.5000000e+01   6.2000000e+01   6.3400000e+02   5.5000000e+01   2.7500000e+01   3.7857143e+01   1.4846154e+01   2.0000000e+00   7.0000000e+00   2.6000000e+01   8.1318681e+00
   1.3702665e+03   3.3000000e+01   6.0000000e+01   5.6000000e+02   5.9000000e+01   2.9500000e+01   3.0142857e+01   1.4791667e+01   2.0000000e+00   7.0000000e+00   2.4000000e+01   7.8953488e+00
   1.0184359e+03   2.9000000e+01   5.0000000e+01   5.0800000e+02   5.9000000e+01   2.9500000e+01   3.1000000e+01   1.5190476e+01   2.0000000e+00   6.0000000e+00   2.1000000e+01   8.1643836e+00
   7.6183608e+02   3.0000000e+01   4.3000000e+01   4.2800000e+02   4.8000000e+01   2.4000000e+01   3.0428571e+01   1.0619048e+01   2.0000000e+00   7.0000000e+00   2.1000000e+01   7.9104478e+00
   1.3767694e+03   3.3000000e+01   5.6000000e+01   5.5800000e+02   5.7000000e+01   2.8500000e+01   3.6833333e+01   1.3680000e+01   2.0000000e+00   6.0000000e+00   2.5000000e+01   7.9285714e+00
   1.6543247e+02   1.1000000e+01   1.4000000e+01   1.3600000e+02   3.6000000e+01   1.8000000e+01   1.8000000e+01   8.4000000e+00   2.0000000e+00   4.0000000e+00   5.0000000e+00   8.0000000e+00
   1.0886814e+02   6.0000000e+00   6.0000000e+00   8.8000000e+01   3.7000000e+01   1.8500000e+01   1.2000000e+01   2.0000000e+01   2.0000000e+00   3.0000000e+00   1.0000000e+00   8.8000000e+00
   8.4309747e+02   2.8000000e+01   3.8000000e+01   4.3800000e+02   5.3000000e+01   2.6500000e+01   3.3166667e+01   1.1400000e+01   2.0000000e+00   6.0000000e+00   2.0000000e+01   8.5156250e+00
   1.1715836e+03   3.5000000e+01   5.3000000e+01   5.6500000e+02   5.8000000e+01   2.9000000e+01   3.4166667e+01   1.3407407e+01   2.0000000e+00   6.0000000e+00   2.7000000e+01   7.8928571e+00
   1.2386508e+03   3.1000000e+01   4.9000000e+01   5.0800000e+02   5.4000000e+01   2.7000000e+01   3.5500000e+01   1.2782609e+01   2.0000000e+00   6.0000000e+00   2.3000000e+01   7.7402597e+00
   1.2268359e+03   3.1000000e+01   5.2000000e+01   4.9600000e+02   5.9000000e+01   2.9500000e+01   2.8714286e+01   1.3590909e+01   2.0000000e+00   7.0000000e+00   2.2000000e+01   7.9487179e+00
   1.2230849e+03   3.2000000e+01   5.6000000e+01   5.5600000e+02   5.7000000e+01   2.8500000e+01   3.0714286e+01   1.4913043e+01   2.0000000e+00   7.0000000e+00   2.3000000e+01   7.9382716e+00
   9.9195463e+02   2.8000000e+01   4.6000000e+01   4.9800000e+02   6.1000000e+01   3.0500000e+01   3.0833333e+01   1.5500000e+01   2.0000000e+00   6.0000000e+00   2.0000000e+01   8.1014493e+00
   1.0046308e+03   3.4000000e+01   4.9000000e+01   5.1800000e+02   5.6000000e+01   2.8000000e+01   2.8500000e+01   1.2125000e+01   2.0000000e+00   8.0000000e+00   2.4000000e+01   8.2179487e+00
   1.1194743e+03   3.8000000e+01   5.2000000e+01   5.6700000e+02   5.4000000e+01   2.7000000e+01   3.3857143e+01   1.1551724e+01   2.0000000e+00   7.0000000e+00   2.9000000e+01   8.4285714e+00
   8.1444749e+02   2.4000000e+01   4.4000000e+01   4.4100000e+02   6.2000000e+01   3.1000000e+01   3.4000000e+01   1.5117647e+01   2.0000000e+00   5.0000000e+00   1.7000000e+01   8.3606557e+00
   1.1586760e+03   3.3000000e+01   6.0000000e+01   5.9100000e+02   6.0000000e+01   3.0000000e+01   3.7333333e+01   1.4960000e+01   2.0000000e+00   6.0000000e+00   2.5000000e+01   8.1860465e+00
   1.3659794e+03   3.1000000e+01   5.4000000e+01   5.2100000e+02   6.0000000e+01   3.0000000e+01   3.4500000e+01   1.4130435e+01   2.0000000e+00   6.0000000e+00   2.3000000e+01   7.7160494e+00
   1.4035175e+03   3.4000000e+01   5.4000000e+01   5.0200000e+02   5.9000000e+01   2.9500000e+01   2.3875000e+01   1.3333333e+01   2.0000000e+00   8.0000000e+00   2.4000000e+01   7.5897436e+00
   9.6611903e+02   3.4000000e+01   4.1000000e+01   4.6600000e+02   5.4000000e+01   2.7000000e+01   2.3800000e+01   1.0227273e+01   2.0000000e+00   1.0000000e+01   2.2000000e+01   8.0140845e+00
   1.2073806e+03   3.0000000e+01   5.6000000e+01   5.5900000e+02   6.0000000e+01   3.0000000e+01   3.6833333e+01   1.5772727e+01   2.0000000e+00   6.0000000e+00   2.2000000e+01   7.9759036e+00
   1.1226084e+03   3.1000000e+01   5.1000000e+01   5.1600000e+02   5.7000000e+01   2.8500000e+01   2.9142857e+01   1.4000000e+01   2.0000000e+00   7.0000000e+00   2.2000000e+01   8.0131579e+00
   1.3010274e+03   2.6000000e+01   5.3000000e+01   5.1400000e+02   4.6000000e+01   2.3000000e+01   3.8400000e+01   1.7736842e+01   2.0000000e+00   5.0000000e+00   1.9000000e+01   7.7763158e+00
   1.1807430e+03   2.8000000e+01   5.6000000e+01   5.6600000e+02   6.2000000e+01   3.1000000e+01   3.5500000e+01   1.7600000e+01   2.0000000e+00   6.0000000e+00   2.0000000e+01   8.3125000e+00
   8.8297344e+02   3.0000000e+01   4.5000000e+01   4.9100000e+02   5.5000000e+01   2.7500000e+01   2.9571429e+01   1.3428571e+01   2.0000000e+00   7.0000000e+00   2.1000000e+01   8.4000000e+00
   1.1693324e+03   3.9000000e+01   4.8000000e+01   5.2900000e+02   5.4000000e+01   2.7000000e+01   2.8000000e+01   9.9285714e+00   2.0000000e+00   9.0000000e+00   2.8000000e+01   8.0238095e+00
   1.1151294e+03   3.4000000e+01   4.8000000e+01   4.9700000e+02   5.5000000e+01   2.7500000e+01   2.8750000e+01   1.1166667e+01   2.0000000e+00   8.0000000e+00   2.4000000e+01   7.9333333e+00
   8.6733387e+02   2.9000000e+01   4.4000000e+01   4.8600000e+02   5.6000000e+01   2.8000000e+01   3.0428571e+01   1.3400000e+01   2.0000000e+00   7.0000000e+00   2.0000000e+01   8.4153846e+00
   1.0532987e+03   2.5000000e+01   4.6000000e+01   4.7300000e+02   6.0000000e+01   3.0000000e+01   3.1666667e+01   1.6000000e+01   2.0000000e+00   6.0000000e+00   1.7000000e+01   8.0746269e+00
   1.0944064e+03   3.2000000e+01   5.1000000e+01   4.9500000e+02   5.7000000e+01   2.8500000e+01   2.8714286e+01   1.2826087e+01   2.0000000e+00   7.0000000e+00   2.3000000e+01   7.8461538e+00
   1.1270881e+03   3.2000000e+01   4.9000000e+01   5.0900000e+02   5.9000000e+01   2.9500000e+01   2.9142857e+01   1.3217391e+01   2.0000000e+00   7.0000000e+00   2.3000000e+01   8.0270270e+00
   9.1078242e+02   2.9000000e+01   4.2000000e+01   4.5000000e+02   5.1000000e+01   2.5500000e+01   2.5625000e+01   1.2684211e+01   2.0000000e+00   8.0000000e+00   1.9000000e+01   8.0307692e+00
   4.1795903e+02   2.1000000e+01   2.1000000e+01   2.6200000e+02   5.4000000e+01   2.7000000e+01   2.4000000e+01   8.0714286e+00   2.0000000e+00   5.0000000e+00   1.4000000e+01   8.6410256e+00
   1.2070315e+03   2.7000000e+01   5.4000000e+01   5.3600000e+02   5.4000000e+01   2.7000000e+01   4.0000000e+01   1.7050000e+01   2.0000000e+00   5.0000000e+00   2.0000000e+01   8.3513514e+00
   1.0519815e+03   2.8000000e+01   4.1000000e+01   4.8100000e+02   6.1000000e+01   3.0500000e+01   2.9571429e+01   1.3473684e+01   2.0000000e+00   7.0000000e+00   1.9000000e+01   8.2461538e+00
   1.1806914e+02   7.0000000e+00   7.0000000e+00   1.0600000e+02   3.0000000e+01   9.0000000e+00   2.5000000e+01   1.4666667e+01   2.0000000e+00   2.0000000e+00   3.0000000e+00   8.8333333e+00
   9.5786167e+02   3.1000000e+01   4.6000000e+01   5.1600000e+02   5.8000000e+01   2.9000000e+01   3.4500000e+01   1.3130435e+01   2.0000000e+00   6.0000000e+00   2.3000000e+01   7.9589041e+00
   6.8369996e+02   2.4000000e+01   3.2000000e+01   3.2500000e+02   5.2000000e+01   2.6000000e+01   2.3500000e+01   1.0562500e+01   2.0000000e+00   6.0000000e+00   1.6000000e+01   7.8076923e+00
   1.2421658e+03   3.4000000e+01   5.4000000e+01   5.7300000e+02   6.0000000e+01   3.0000000e+01   3.2857143e+01   1.3880000e+01   2.0000000e+00   7.0000000e+00   2.5000000e+01   8.1358025e+00
   0.0000000e+00   0.0000000e+00   0.0000000e+00   0.0000000e+00   0.0000000e+00   0.0000000e+00   0.0000000e+00   0.0000000e+00   0.0000000e+00   0.0000000e+00   0.0000000e+00   0.0000000e+00
   0.0000000e+00   0.0000000e+00   0.0000000e+00   0.0000000e+00   0.0000000e+00   0.0000000e+00   0.0000000e+00   0.0000000e+00   0.0000000e+00   0.0000000e+00   0.0000000e+00   0.0000000e+00
   0.0000000e+00   0.0000000e+00   0.0000000e+00   0.0000000e+00   0.0000000e+00   0.0000000e+00   0.0000000e+00   0.0000000e+00   0.0000000e+00   0.0000000e+00   0.0000000e+00   0.0000000e+00
   0.0000000e+00   0.0000000e+00   0.0000000e+00   0.0000000e+00   0.0000000e+00   0.0000000e+00   0.0000000e+00   0.0000000e+00   0.0000000e+00   0.0000000e+00   0.0000000e+00   0.0000000e+00
   0.0000000e+00   0.0000000e+00   0.0000000e+00   0.0000000e+00   0.0000000e+00   0.0000000e+00   0.0000000e+00   0.0000000e+00   0.0000000e+00   0.0000000e+00   0.0000000e+00   0.0000000e+00
   0.0000000e+00   0.0000000e+00   0.0000000e+00   0.0000000e+00   0.0000000e+00   0.0000000e+00   0.0000000e+00   0.0000000e+00   0.0000000e+00   0.0000000e+00   0.0000000e+00   0.0000000e+00
   0.0000000e+00   0.0000000e+00   0.0000000e+00   0.0000000e+00   0.0000000e+00   0.0000000e+00   0.0000000e+00   0.0000000e+00   0.0000000e+00   0.0000000e+00   0.0000000e+00   0.0000000e+00
   0.0000000e+00   0.0000000e+00   0.0000000e+00   0.0000000e+00   0.0000000e+00   0.0000000e+00   0.0000000e+00   0.0000000e+00   0.0000000e+00   0.0000000e+00   0.0000000e+00   0.0000000e+00
   0.0000000e+00   0.0000000e+00   0.0000000e+00   0.0000000e+00   0.0000000e+00   0.0000000e+00   0.0000000e+00   0.0000000e+00   0.0000000e+00   0.0000000e+00   0.0000000e+00   0.0000000e+00
   0.0000000e+00   0.0000000e+00   0.0000000e+00   0.0000000e+00   0.0000000e+00   0.0000000e+00   0.0000000e+00   0.0000000e+00   0.0000000e+00   0.0000000e+00   0.0000000e+00   0.0000000e+00
   0.0000000e+00   0.0000000e+00   0.0000000e+00   0.0000000e+00   0.0000000e+00   0.0000000e+00   0.0000000e+00   0.0000000e+00   0.0000000e+00   0.0000000e+00   0.0000000e+00   0.0000000e+00
   0.0000000e+00   0.0000000e+00   0.0000000e+00   0.0000000e+00   0.0000000e+00   0.0000000e+00   0.0000000e+00   0.0000000e+00   0.0000000e+00   0.0000000e+00   0.0000000e+00   0.0000000e+00
   0.0000000e+00   0.0000000e+00   0.0000000e+00   0.0000000e+00   0.0000000e+00   0.0000000e+00   0.0000000e+00   0.0000000e+00   0.0000000e+00   0.0000000e+00   0.0000000e+00   0.0000000e+00
   0.0000000e+00   0.0000000e+00   0.0000000e+00   0.0000000e+00   0.0000000e+00   0.0000000e+00   0.0000000e+00   0.0000000e+00   0.0000000e+00   0.0000000e+00   0.0000000e+00   0.0000000e+00
   1.0932503e+03   3.3000000e+01   4.0000000e+01   4.7200000e+02   5.3000000e+01   2.6500000e+01   2.9000000e+01   1.1333333e+01   2.0000000e+00   7.0000000e+00   2.4000000e+01   8.3043478e+00
   8.6908022e+02   3.5000000e+01   4.5000000e+01   4.5500000e+02   5.1000000e+01   2.5500000e+01   3.0714286e+01   9.5384615e+00   2.0000000e+00   7.0000000e+00   2.6000000e+01   7.9600000e+00
   1.3608542e+02   8.0000000e+00   6.0000000e+00   1.0400000e+02   3.8000000e+01   1.9000000e+01   1.5333333e+01   8.3333333e+00   2.0000000e+00   3.0000000e+00   3.0000000e+00   8.6666667e+00
   1.2132218e+03   3.4000000e+01   5.7000000e+01   5.6500000e+02   5.5000000e+01   2.7500000e+01   3.4428571e+01   1.3520000e+01   2.0000000e+00   7.0000000e+00   2.5000000e+01   7.9651163e+00
   1.0599569e+03   3.1000000e+01   4.4000000e+01   4.8600000e+02   5.7000000e+01   2.8500000e+01   3.4833333e+01   1.1956522e+01   2.0000000e+00   6.0000000e+00   2.3000000e+01   8.3142857e+00
   1.0388530e+03   3.0000000e+01   4.7000000e+01   4.9800000e+02   5.6000000e+01   2.8000000e+01   3.0714286e+01   1.3333333e+01   2.0000000e+00   7.0000000e+00   2.1000000e+01   8.1971831e+00
   8.7227595e+02   2.9000000e+01   4.2000000e+01   4.1000000e+02   5.4000000e+01   2.7000000e+01   2.3125000e+01   1.1578947e+01   2.0000000e+00   8.0000000e+00   1.9000000e+01   7.8484848e+00
   5.7471120e+02   2.4000000e+01   3.0000000e+01   3.3300000e+02   5.0000000e+01   2.5000000e+01   2.4857143e+01   9.4000000e+00   2.0000000e+00   7.0000000e+00   1.5000000e+01   7.8823529e+00
   1.3765103e+03   3.1000000e+01   5.8000000e+01   5.7400000e+02   5.8000000e+01   2.9000000e+01   3.6166667e+01   1.5869565e+01   2.0000000e+00   6.0000000e+00   2.3000000e+01   8.0952381e+00
   1.3940677e+03   3.5000000e+01   6.0000000e+01   6.0100000e+02   5.4000000e+01   2.7000000e+01   3.7500000e+01   1.5074074e+01   2.0000000e+00   6.0000000e+00   2.7000000e+01   8.0000000e+00
   6.0747986e+02   2.4000000e+01   3.6000000e+01   3.4600000e+02   5.1000000e+01   2.5500000e+01   2.8333333e+01   1.0375000e+01   2.0000000e+00   6.0000000e+00   1.6000000e+01   8.1250000e+00
   1.1685049e+03   3.8000000e+01   4.5000000e+01   4.9300000e+02   5.4000000e+01   2.7000000e+01   2.7375000e+01   1.0071429e+01   2.0000000e+00   8.0000000e+00   2.8000000e+01   7.7435897e+00
   1.2224630e+03   2.9000000e+01   5.3000000e+01   5.2100000e+02   6.2000000e+01   3.1000000e+01   3.8666667e+01   1.4047619e+01   2.0000000e+00   6.0000000e+00   2.1000000e+01   8.0909091e+00
   8.4118543e+02   2.5000000e+01   4.1000000e+01   4.3700000e+02   5.6000000e+01   2.8000000e+01   3.5000000e+01   1.3944444e+01   2.0000000e+00   5.0000000e+00   1.8000000e+01   8.0158730e+00
   1.2159026e+03   3.0000000e+01   5.1000000e+01   5.3600000e+02   5.9000000e+01   2.9500000e+01   3.8666667e+01   1.3772727e+01   2.0000000e+00   6.0000000e+00   2.2000000e+01   8.2692308e+00
   9.9749392e+02   3.1000000e+01   5.2000000e+01   5.6000000e+02   5.9000000e+01   2.9500000e+01   3.3833333e+01   1.5347826e+01   2.0000000e+00   6.0000000e+00   2.3000000e+01   8.1645570e+00
   1.3061861e+03   3.6000000e+01   5.9000000e+01   5.8800000e+02   5.8000000e+01   2.9000000e+01   3.5285714e+01   1.2925926e+01   2.0000000e+00   7.0000000e+00   2.7000000e+01   7.6923077e+00
   1.1132652e+03   3.7000000e+01   5.2000000e+01   5.7000000e+02   5.7000000e+01   2.8500000e+01   2.8333333e+01   1.2153846e+01   2.0000000e+00   9.0000000e+00   2.6000000e+01   8.2380952e+00
   1.3794206e+03   3.3000000e+01   5.8000000e+01   5.5600000e+02   5.9000000e+01   2.9500000e+01   3.4666667e+01   1.4320000e+01   2.0000000e+00   6.0000000e+00   2.5000000e+01   8.0000000e+00
   1.2921972e+03   3.2000000e+01   5.5000000e+01   5.4600000e+02   5.7000000e+01   2.8500000e+01   3.4833333e+01   1.4291667e+01   2.0000000e+00   6.0000000e+00   2.4000000e+01   7.7037037e+00
   5.0740304e+02   2.6000000e+01   3.0000000e+01   3.3400000e+02   5.3000000e+01   2.6500000e+01   2.1571429e+01   9.4705882e+00   2.0000000e+00   7.0000000e+00   1.7000000e+01   7.7843137e+00
   1.3471353e+03   4.1000000e+01   5.4000000e+01   5.9400000e+02   5.2000000e+01   2.6000000e+01   3.1625000e+01   1.1580645e+01   2.0000000e+00   8.0000000e+00   3.1000000e+01   7.8351648e+00
   1.0684486e+03   3.1000000e+01   5.0000000e+01   4.9700000e+02   5.3000000e+01   2.6500000e+01   3.0428571e+01   1.3181818e+01   2.0000000e+00   7.0000000e+00   2.2000000e+01   7.9726027e+00
   1.3236634e+03   3.7000000e+01   5.4000000e+01   6.1000000e+02   5.6000000e+01   2.8000000e+01   3.4714286e+01   1.3357143e+01   2.0000000e+00   7.0000000e+00   2.8000000e+01   8.6744186e+00
   1.2639723e+03   2.9000000e+01   5.4000000e+01   5.2000000e+02   6.0000000e+01   3.0000000e+01   3.2166667e+01   1.5571429e+01   2.0000000e+00   6.0000000e+00   2.1000000e+01   7.7721519e+00
   1.1528258e+03   3.5000000e+01   5.6000000e+01   5.8400000e+02   5.6000000e+01   2.8000000e+01   3.3714286e+01   1.3923077e+01   2.0000000e+00   7.0000000e+00   2.6000000e+01   8.1204819e+00
   1.3089810e+02   8.0000000e+00   6.0000000e+00   8.1000000e+01   2.2000000e+01   1.1000000e+01   1.4333333e+01   7.0000000e+00   2.0000000e+00   3.0000000e+00   3.0000000e+00   6.7500000e+00
   1.1727673e+03   3.2000000e+01   6.0000000e+01   6.0900000e+02   6.2000000e+01   3.1000000e+01   3.3000000e+01   1.6565217e+01   2.0000000e+00   7.0000000e+00   2.3000000e+01   8.1250000e+00
