   8.5306146e+02   2.3000000e+01   4.1000000e+01   3.4500000e+02   5.2000000e+01   2.6000000e+01   2.4166667e+01   1.3266667e+01   2.0000000e+00   6.0000000e+00   1.5000000e+01   6.7049180e+00
   1.3346576e+03   4.2000000e+01   6.9000000e+01   5.5800000e+02   5.4000000e+01   2.7000000e+01   3.0555556e+01   9.9677419e+00   2.0000000e+00   9.0000000e+00   3.1000000e+01   6.4952381e+00
   5.1486571e+02   2.7000000e+01   3.6000000e+01   3.1300000e+02   4.7000000e+01   2.3500000e+01   2.3333333e+01   8.6315789e+00   2.0000000e+00   6.0000000e+00   1.9000000e+01   6.8644068e+00
   1.2949642e+03   3.8000000e+01   6.2000000e+01   4.6300000e+02   5.2000000e+01   2.6000000e+01   2.4750000e+01   1.0178571e+01   2.0000000e+00   8.0000000e+00   2.8000000e+01   6.2444444e+00
   1.6104630e+03   3.6000000e+01   7.3000000e+01   5.5000000e+02   5.5000000e+01   2.7500000e+01   3.0571429e+01   1.3666667e+01   2.0000000e+00   7.0000000e+00   2.7000000e+01   6.3627451e+00
   1.1235659e+03   3.8000000e+01   5.2000000e+01   4.5700000e+02   5.0000000e+01   2.5000000e+01   2.8428571e+01   9.4137931e+00   2.0000000e+00   7.0000000e+00   2.9000000e+01   6.4367816e+00
   1.1427609e+03   3.3000000e+01   5.7000000e+01   4.8200000e+02   5.0000000e+01   2.5000000e+01   2.9833333e+01   1.2800000e+01   2.0000000e+00   6.0000000e+00   2.5000000e+01   6.7407407e+00
   1.2351656e+02   1.0000000e+01   8.0000000e+00   1.2700000e+02   3.9000000e+01   1.9500000e+01   1.1800000e+01   1.2333333e+01   2.0000000e+00   5.0000000e+00   3.0000000e+00   8.0000000e+00
   1.3517813e+03   3.7000000e+01   6.6000000e+01   5.2900000e+02   5.5000000e+01   2.7500000e+01   3.0142857e+01   1.2107143e+01   2.0000000e+00   7.0000000e+00   2.8000000e+01   6.4526316e+00
   1.4593680e+03   3.4000000e+01   6.1000000e+01   4.9100000e+02   5.6000000e+01   2.8000000e+01   2.9857143e+01   1.1920000e+01   2.0000000e+00   7.0000000e+00   2.5000000e+01   6.5116279e+00
   2.5671115e+02   1.6000000e+01   1.9000000e+01   1.9200000e+02   3.9000000e+01   1.9500000e+01   2.1000000e+01   7.4444444e+00   2.0000000e+00   5.0000000e+00   9.0000000e+00   6.8181818e+00
   5.5632507e+02   3.2000000e+01   3.3000000e+01   3.1300000e+02   4.5000000e+01   2.2500000e+01   2.3285714e+01   6.0434783e+00   2.0000000e+00   7.0000000e+00   2.3000000e+01   6.2542373e+00
   1.0960476e+03   3.8000000e+01   5.6000000e+01   4.6700000e+02   4.8000000e+01   2.4000000e+01   2.9250000e+01   8.9285714e+00   2.0000000e+00   8.0000000e+00   2.8000000e+01   6.4431818e+00
   1.2324234e+03   4.7000000e+01   6.1000000e+01   4.9600000e+02   4.8000000e+01   2.4000000e+01   2.6000000e+01   7.5428571e+00   2.0000000e+00   1.0000000e+01   3.5000000e+01   6.2352941e+00
   9.4509369e+02   3.6000000e+01   4.9000000e+01   3.8900000e+02   5.2000000e+01   2.6000000e+01   2.4250000e+01   7.6538462e+00   2.0000000e+00   8.0000000e+00   2.6000000e+01   6.3500000e+00
   1.3373479e+03   4.0000000e+01   6.1000000e+01   4.9700000e+02   5.6000000e+01   2.8000000e+01   2.8000000e+01   9.3000000e+00   2.0000000e+00   8.0000000e+00   3.0000000e+01   6.3297872e+00
   1.3517464e+03   3.8000000e+01   6.1000000e+01   5.0000000e+02   4.9000000e+01   2.4500000e+01   2.5375000e+01   1.1464286e+01   2.0000000e+00   8.0000000e+00   2.8000000e+01   6.5111111e+00
   1.4256807e+03   4.2000000e+01   6.1000000e+01   5.0200000e+02   5.1000000e+01   2.5500000e+01   3.0875000e+01   8.5625000e+00   2.0000000e+00   8.0000000e+00   3.2000000e+01   6.4062500e+00
   1.6295584e+02   9.0000000e+00   7.0000000e+00   1.0000000e+02   3.1000000e+01   1.5500000e+01   1.3000000e+01   7.6666667e+00   2.0000000e+00   4.0000000e+00   3.0000000e+00   7.2857143e+00
   1.2178948e+03   3.6000000e+01   6.0000000e+01   4.7300000e+02   5.5000000e+01   2.7500000e+01   2.9571429e+01   1.1000000e+01   2.0000000e+00   7.0000000e+00   2.7000000e+01   6.4444444e+00
   1.3065590e+03   4.2000000e+01   6.2000000e+01   5.4400000e+02   5.4000000e+01   2.7000000e+01   3.1625000e+01   9.7812500e+00   2.0000000e+00   8.0000000e+00   3.2000000e+01   6.7142857e+00
   1.3775344e+03   3.7000000e+01   6.5000000e+01   5.4100000e+02   5.6000000e+01   2.8000000e+01   3.1000000e+01   1.2321429e+01   2.0000000e+00   7.0000000e+00   2.8000000e+01   6.5473684e+00
   1.1566823e+02   8.0000000e+00   7.0000000e+00   8.6000000e+01   2.7000000e+01   1.3500000e+01   1.1000000e+01   1.0500000e+01   2.0000000e+00   4.0000000e+00   2.0000000e+00   6.6923077e+00
   1.3057860e+03   3.6000000e+01   5.8000000e+01   4.5900000e+02   5.3000000e+01   2.6500000e+01   2.8571429e+01   1.0444444e+01   2.0000000e+00   7.0000000e+00   2.7000000e+01   6.5057471e+00
   8.7568881e+02   3.1000000e+01   4.4000000e+01   3.9500000e+02   5.2000000e+01   2.6000000e+01   3.1000000e+01   8.9565217e+00   2.0000000e+00   6.0000000e+00   2.3000000e+01   6.6197183e+00
   1.5935900e+03   4.3000000e+01   6.9000000e+01   5.7000000e+02   5.2000000e+01   2.6000000e+01   3.2125000e+01   1.0424242e+01   2.0000000e+00   8.0000000e+00   3.3000000e+01   6.4095238e+00
   7.5420929e+02   3.1000000e+01   4.2000000e+01   3.3900000e+02   4.7000000e+01   2.3500000e+01   2.3000000e+01   8.0454545e+00   2.0000000e+00   7.0000000e+00   2.2000000e+01   6.0434783e+00
   1.3769958e+03   3.8000000e+01   6.3000000e+01   5.0900000e+02   5.6000000e+01   2.8000000e+01   3.1714286e+01   1.0379310e+01   2.0000000e+00   7.0000000e+00   2.9000000e+01   6.3626374e+00
   1.3020842e+03   3.8000000e+01   5.9000000e+01   5.2200000e+02   5.7000000e+01   2.8500000e+01   3.2142857e+01   1.1000000e+01   2.0000000e+00   7.0000000e+00   2.9000000e+01   6.6555556e+00
   1.0653455e+03   3.7000000e+01   5.6000000e+01   5.0700000e+02   5.3000000e+01   2.6500000e+01   3.1428571e+01   1.0642857e+01   2.0000000e+00   7.0000000e+00   2.8000000e+01   6.7500000e+00
   1.1625840e+02   9.0000000e+00   8.0000000e+00   9.4000000e+01   3.8000000e+01   1.9000000e+01   1.2500000e+01   4.3333333e+00   2.0000000e+00   4.0000000e+00   3.0000000e+00   6.6000000e+00
   1.6408444e+03   4.3000000e+01   7.2000000e+01   5.4500000e+02   5.4000000e+01   2.7000000e+01   3.1875000e+01   9.8484848e+00   2.0000000e+00   8.0000000e+00   3.3000000e+01   6.2242991e+00
   1.2953201e+03   3.7000000e+01   6.1000000e+01   4.9800000e+02   5.1000000e+01   2.5500000e+01   2.9857143e+01   1.0714286e+01   2.0000000e+00   7.0000000e+00   2.8000000e+01   6.3736264e+00
   1.2182696e+03   3.7000000e+01   5.1000000e+01   4.2100000e+02   5.3000000e+01   2.6500000e+01   2.9285714e+01   8.5000000e+00   2.0000000e+00   7.0000000e+00   2.8000000e+01   6.3975904e+00
   1.4261448e+03   3.6000000e+01   5.9000000e+01   4.7000000e+02   5.4000000e+01   2.7000000e+01   2.2250000e+01   1.1615385e+01   2.0000000e+00   8.0000000e+00   2.6000000e+01   6.3222222e+00
   1.1355284e+02   1.0000000e+01   8.0000000e+00   1.0200000e+02   3.9000000e+01   1.9500000e+01   1.1000000e+01   5.0000000e+00   2.0000000e+00   5.0000000e+00   3.0000000e+00   6.7500000e+00
   8.4162401e+02   3.1000000e+01   5.1000000e+01   4.4700000e+02   5.4000000e+01   2.7000000e+01   3.3166667e+01   1.1086957e+01   2.0000000e+00   6.0000000e+00   2.3000000e+01   6.9733333e+00
   1.5020884e+03   4.4000000e+01   6.9000000e+01   5.7100000e+02   5.1000000e+01   2.5500000e+01   3.1375000e+01   1.0205882e+01   2.0000000e+00   8.0000000e+00   3.4000000e+01   6.4854369e+00
   1.3638988e+03   3.5000000e+01   6.0000000e+01   5.1400000e+02   5.6000000e+01   2.8000000e+01   3.1142857e+01   1.1692308e+01   2.0000000e+00   7.0000000e+00   2.6000000e+01   6.7640449e+00
   8.5975714e+02   3.2000000e+01   4.6000000e+01   3.9900000e+02   4.7000000e+01   2.3500000e+01   2.7571429e+01   9.0869565e+00   2.0000000e+00   7.0000000e+00   2.3000000e+01   6.7671233e+00
   1.0531314e+03   3.4000000e+01   5.1000000e+01   4.3200000e+02   5.3000000e+01   2.6500000e+01   2.5500000e+01   9.5833333e+00   2.0000000e+00   8.0000000e+00   2.4000000e+01   6.5256410e+00
   1.0908936e+02   7.0000000e+00   6.0000000e+00   8.1000000e+01   4.1000000e+01   2.0500000e+01   9.5000000e+00   7.0000000e+00   2.0000000e+00   4.0000000e+00   1.0000000e+00   7.3636364e+00
   1.4125663e+03   3.4000000e+01   6.0000000e+01   4.8800000e+02   5.1000000e+01   2.5500000e+01   3.0000000e+01   1.2400000e+01   2.0000000e+00   7.0000000e+00   2.5000000e+01   6.5888889e+00
   1.4250576e+03   3.5000000e+01   6.1000000e+01   5.2900000e+02   5.9000000e+01   2.9500000e+01   3.3000000e+01   1.1884615e+01   2.0000000e+00   7.0000000e+00   2.6000000e+01   6.6630435e+00
   1.3089922e+03   4.7000000e+01   5.8000000e+01   4.8200000e+02   4.9000000e+01   2.4500000e+01   2.1583333e+01   7.4242424e+00   2.0000000e+00   1.2000000e+01   3.3000000e+01   6.4948454e+00
   9.2404977e+02   3.3000000e+01   5.2000000e+01   4.3400000e+02   5.1000000e+01   2.5500000e+01   2.8000000e+01   1.0083333e+01   2.0000000e+00   7.0000000e+00   2.4000000e+01   6.4871795e+00
   1.0307399e+03   3.1000000e+01   5.2000000e+01   4.1900000e+02   5.1000000e+01   2.5500000e+01   2.8666667e+01   1.1086957e+01   2.0000000e+00   6.0000000e+00   2.3000000e+01   6.3766234e+00
   9.5000913e+02   3.2000000e+01   5.3000000e+01   4.6200000e+02   5.1000000e+01   2.5500000e+01   2.7857143e+01   1.1782609e+01   2.0000000e+00   7.0000000e+00   2.3000000e+01   6.9753086e+00
   1.5291354e+03   3.5000000e+01   6.5000000e+01   5.1600000e+02   5.4000000e+01   2.7000000e+01   3.0428571e+01   1.2692308e+01   2.0000000e+00   7.0000000e+00   2.6000000e+01   6.3473684e+00
   1.1383666e+03   4.2000000e+01   6.1000000e+01   5.1900000e+02   5.0000000e+01   2.5000000e+01   2.8444444e+01   9.0967742e+00   2.0000000e+00   9.0000000e+00   3.1000000e+01   6.5744681e+00
   9.7496968e+02   3.3000000e+01   5.4000000e+01   4.1900000e+02   5.1000000e+01   2.5500000e+01   2.8000000e+01   9.7083333e+00   2.0000000e+00   7.0000000e+00   2.4000000e+01   6.5696203e+00
   1.4615091e+03   4.1000000e+01   6.5000000e+01   5.2300000e+02   5.1000000e+01   2.5500000e+01   2.5444444e+01   1.0566667e+01   2.0000000e+00   9.0000000e+00   3.0000000e+01   6.4081633e+00
   1.2537613e+03   3.5000000e+01   6.8000000e+01   5.3200000e+02   5.6000000e+01   2.8000000e+01   3.1714286e+01   1.3115385e+01   2.0000000e+00   7.0000000e+00   2.6000000e+01   6.6170213e+00
   9.3796381e+01   8.0000000e+00   7.0000000e+00   9.5000000e+01   2.0000000e+01   1.0000000e+01   1.5666667e+01   1.1333333e+01   2.0000000e+00   3.0000000e+00   3.0000000e+00   7.3076923e+00
   6.7076472e+02   2.4000000e+01   3.6000000e+01   3.1000000e+02   5.6000000e+01   2.8000000e+01   1.9714286e+01   1.0266667e+01   2.0000000e+00   7.0000000e+00   1.5000000e+01   6.4642857e+00
   1.2259246e+03   3.8000000e+01   5.6000000e+01   4.6700000e+02   5.5000000e+01   2.7500000e+01   2.9142857e+01   9.4827586e+00   2.0000000e+00   7.0000000e+00   2.9000000e+01   6.3908046e+00
   1.5266134e+03   3.6000000e+01   6.5000000e+01   5.2500000e+02   5.4000000e+01   2.7000000e+01   3.0714286e+01   1.2296296e+01   2.0000000e+00   7.0000000e+00   2.7000000e+01   6.4375000e+00
   1.4035058e+03   3.4000000e+01   6.6000000e+01   5.4700000e+02   5.3000000e+01   2.6500000e+01   3.4166667e+01   1.4692308e+01   2.0000000e+00   6.0000000e+00   2.6000000e+01   6.8191489e+00
   1.2909424e+03   3.3000000e+01   5.8000000e+01   4.5700000e+02   5.7000000e+01   2.8500000e+01   2.9857143e+01   1.1000000e+01   2.0000000e+00   7.0000000e+00   2.4000000e+01   6.2068966e+00
   1.4068681e+02   1.0000000e+01   7.0000000e+00   1.0100000e+02   3.0000000e+01   1.0500000e+01   2.2500000e+01   6.8333333e+00   2.0000000e+00   2.0000000e+00   6.0000000e+00   6.8000000e+00
   1.4054539e+03   3.9000000e+01   6.7000000e+01   5.1300000e+02   5.5000000e+01   2.7500000e+01   2.6000000e+01   1.1448276e+01   2.0000000e+00   8.0000000e+00   2.9000000e+01   6.3469388e+00
   1.0584261e+03   3.2000000e+01   5.1000000e+01   4.4300000e+02   5.5000000e+01   2.7500000e+01   2.6142857e+01   1.1434783e+01   2.0000000e+00   7.0000000e+00   2.3000000e+01   6.5500000e+00
   9.2315667e+02   3.6000000e+01   5.8000000e+01   5.0400000e+02   5.6000000e+01   2.8000000e+01   3.2142857e+01   1.0555556e+01   2.0000000e+00   7.0000000e+00   2.7000000e+01   6.8505747e+00
   1.5637410e+03   4.4000000e+01   7.3000000e+01   5.5800000e+02   5.3000000e+01   2.6500000e+01   3.2125000e+01   9.7941176e+00   2.0000000e+00   8.0000000e+00   3.4000000e+01   6.2000000e+00
   4.7447735e+02   2.2000000e+01   2.8000000e+01   2.2200000e+02   4.2000000e+01   2.1000000e+01   1.9166667e+01   6.6428571e+00   2.0000000e+00   6.0000000e+00   1.4000000e+01   6.4090909e+00
   1.2022797e+03   3.6000000e+01   5.7000000e+01   4.5900000e+02   5.2000000e+01   2.6000000e+01   2.7875000e+01   9.6153846e+00   2.0000000e+00   8.0000000e+00   2.6000000e+01   6.5476190e+00
   9.1569159e+02   3.0000000e+01   5.5000000e+01   4.5000000e+02   5.5000000e+01   2.7500000e+01   2.6428571e+01   1.2904762e+01   2.0000000e+00   7.0000000e+00   2.1000000e+01   6.8571429e+00
   1.2529786e+03   3.5000000e+01   5.5000000e+01   4.7500000e+02   5.6000000e+01   2.8000000e+01   2.5625000e+01   1.0840000e+01   2.0000000e+00   8.0000000e+00   2.5000000e+01   6.7142857e+00
   1.5506547e+03   3.9000000e+01   6.7000000e+01   5.3300000e+02   5.6000000e+01   2.8000000e+01   2.7500000e+01   1.1793103e+01   2.0000000e+00   8.0000000e+00   2.9000000e+01   6.5959596e+00
   9.9381012e+02   2.5000000e+01   4.3000000e+01   3.6800000e+02   5.0000000e+01   2.5000000e+01   2.1142857e+01   1.3687500e+01   2.0000000e+00   7.0000000e+00   1.6000000e+01   6.7076923e+00
   1.1955323e+03   3.2000000e+01   5.1000000e+01   4.2000000e+02   5.5000000e+01   2.7500000e+01   2.8000000e+01   1.0000000e+01   2.0000000e+00   7.0000000e+00   2.3000000e+01   6.3670886e+00
   9.1333302e+02   2.8000000e+01   4.6000000e+01   3.3800000e+02   5.1000000e+01   2.5500000e+01   2.1333333e+01   1.1100000e+01   2.0000000e+00   6.0000000e+00   2.0000000e+01   6.3970588e+00
   1.7443287e+03   3.5000000e+01   6.9000000e+01   5.2100000e+02   5.3000000e+01   2.6500000e+01   2.8571429e+01   1.3461538e+01   2.0000000e+00   7.0000000e+00   2.6000000e+01   6.2900000e+00
   1.4162082e+03   3.6000000e+01   6.3000000e+01   5.4800000e+02   5.4000000e+01   2.7000000e+01   3.2714286e+01   1.2444444e+01   2.0000000e+00   7.0000000e+00   2.7000000e+01   6.5744681e+00
   1.0977372e+03   3.8000000e+01   5.7000000e+01   5.1200000e+02   5.4000000e+01   2.7000000e+01   2.8285714e+01   1.1137931e+01   2.0000000e+00   7.0000000e+00   2.9000000e+01   6.5617978e+00
   1.0206230e+03   3.3000000e+01   5.2000000e+01   4.6300000e+02   5.6000000e+01   2.8000000e+01   3.1571429e+01   1.0875000e+01   2.0000000e+00   7.0000000e+00   2.4000000e+01   6.7777778e+00
   1.5262824e+03   4.2000000e+01   7.1000000e+01   5.8900000e+02   5.6000000e+01   2.8000000e+01   3.0111111e+01   1.1129032e+01   2.0000000e+00   9.0000000e+00   3.1000000e+01   6.4909091e+00
   1.3587359e+03   4.4000000e+01   6.3000000e+01   5.4200000e+02   5.1000000e+01   2.5500000e+01   2.7555556e+01   9.4848485e+00   2.0000000e+00   9.0000000e+00   3.3000000e+01   6.3366337e+00
   5.9911070e+02   2.5000000e+01   3.4000000e+01   2.6800000e+02   4.2000000e+01   2.1000000e+01   1.8375000e+01   7.9333333e+00   2.0000000e+00   8.0000000e+00   1.5000000e+01   6.0178571e+00
   1.2024893e+03   3.6000000e+01   5.3000000e+01   4.5100000e+02   5.2000000e+01   2.6000000e+01   2.9714286e+01   9.3703704e+00   2.0000000e+00   7.0000000e+00   2.7000000e+01   6.5060241e+00
   1.4301085e+03   4.0000000e+01   5.9000000e+01   4.8500000e+02   5.3000000e+01   2.6500000e+01   2.7250000e+01   9.2666667e+00   2.0000000e+00   8.0000000e+00   3.0000000e+01   6.2473118e+00
   1.3115293e+03   4.0000000e+01   5.7000000e+01   4.9100000e+02   5.2000000e+01   2.6000000e+01   2.7571429e+01   9.9354839e+00   2.0000000e+00   7.0000000e+00   3.1000000e+01   6.3820225e+00
   1.4942875e+03   4.1000000e+01   7.2000000e+01   5.6800000e+02   5.3000000e+01   2.6500000e+01   2.9250000e+01   1.1903226e+01   2.0000000e+00   8.0000000e+00   3.1000000e+01   6.5436893e+00
   1.4565857e+03   3.7000000e+01   7.0000000e+01   5.5100000e+02   5.6000000e+01   2.8000000e+01   2.9625000e+01   1.2740741e+01   2.0000000e+00   8.0000000e+00   2.7000000e+01   6.5252525e+00
   3.7360329e+02   2.2000000e+01   2.5000000e+01   2.1700000e+02   4.1000000e+01   2.0500000e+01   1.7000000e+01   6.3076923e+00   2.0000000e+00   7.0000000e+00   1.3000000e+01   6.3095238e+00
   6.3772304e+02   3.6000000e+01   3.6000000e+01   3.4400000e+02   4.7000000e+01   2.3500000e+01   1.8454545e+01   5.9130435e+00   2.0000000e+00   1.1000000e+01   2.3000000e+01   6.3676471e+00
   9.9899696e+02   3.3000000e+01   5.4000000e+01   4.3100000e+02   5.1000000e+01   2.5500000e+01   3.0333333e+01   1.0320000e+01   2.0000000e+00   6.0000000e+00   2.5000000e+01   6.7375000e+00
   5.9580082e+02   2.1000000e+01   3.0000000e+01   2.8000000e+02   5.3000000e+01   2.6500000e+01   2.0000000e+01   1.0692308e+01   2.0000000e+00   6.0000000e+00   1.3000000e+01   7.0416667e+00
   8.3870404e+02   3.4000000e+01   4.5000000e+01   3.8200000e+02   5.3000000e+01   2.6500000e+01   2.6000000e+01   7.9600000e+00   2.0000000e+00   7.0000000e+00   2.5000000e+01   6.5616438e+00
   1.3637270e+03   3.8000000e+01   6.5000000e+01   5.0200000e+02   5.3000000e+01   2.6500000e+01   2.8625000e+01   1.0642857e+01   2.0000000e+00   8.0000000e+00   2.8000000e+01   6.3085106e+00
   1.4112935e+03   3.7000000e+01   5.9000000e+01   5.1800000e+02   4.6000000e+01   2.3000000e+01   3.3500000e+01   1.1344828e+01   2.0000000e+00   6.0000000e+00   2.9000000e+01   6.6153846e+00
   2.6049628e+02   1.8000000e+01   2.1000000e+01   1.8400000e+02   3.5000000e+01   1.7500000e+01   1.9200000e+01   6.9090909e+00   2.0000000e+00   5.0000000e+00   1.1000000e+01   6.5555556e+00
   1.3702296e+03   3.8000000e+01   5.9000000e+01   4.7300000e+02   5.2000000e+01   2.6000000e+01   2.4750000e+01   1.0392857e+01   2.0000000e+00   8.0000000e+00   2.8000000e+01   6.2333333e+00
   1.3378617e+03   3.9000000e+01   6.3000000e+01   5.2400000e+02   5.4000000e+01   2.7000000e+01   2.8000000e+01   1.0896552e+01   2.0000000e+00   8.0000000e+00   2.9000000e+01   6.5204082e+00
   9.6320325e+02   2.7000000e+01   4.5000000e+01   3.9500000e+02   5.3000000e+01   2.6500000e+01   2.8000000e+01   1.1578947e+01   2.0000000e+00   6.0000000e+00   1.9000000e+01   6.5522388e+00
   9.6969606e+02   3.5000000e+01   5.3000000e+01   4.5800000e+02   5.4000000e+01   2.7000000e+01   2.3555556e+01   1.0583333e+01   2.0000000e+00   9.0000000e+00   2.4000000e+01   6.6750000e+00
   7.6081419e+02   3.0000000e+01   4.7000000e+01   3.9800000e+02   5.0000000e+01   2.5000000e+01   2.8714286e+01   9.4285714e+00   2.0000000e+00   7.0000000e+00   2.1000000e+01   6.6285714e+00
   1.1619755e+03   3.2000000e+01   6.0000000e+01   4.7800000e+02   5.6000000e+01   2.8000000e+01   2.8857143e+01   1.2521739e+01   2.0000000e+00   7.0000000e+00   2.3000000e+01   6.6000000e+00
   4.9696263e+02   2.8000000e+01   3.1000000e+01   2.7100000e+02   4.6000000e+01   2.3000000e+01   1.8625000e+01   5.9444444e+00   2.0000000e+00   8.0000000e+00   1.8000000e+01   5.9821429e+00
   1.3665893e+03   3.7000000e+01   6.3000000e+01   5.2200000e+02   5.5000000e+01   2.7500000e+01   3.2428571e+01   1.1035714e+01   2.0000000e+00   7.0000000e+00   2.8000000e+01   6.5483871e+00
