   1.1372132e+03   3.5000000e+01   5.0000000e+01   5.3500000e+02   5.6000000e+01   2.8000000e+01   3.0750000e+01   1.1480000e+01   2.0000000e+00   8.0000000e+00   2.5000000e+01   8.2658228e+00
   7.7649706e+02   3.1000000e+01   3.6000000e+01   3.3400000e+02   4.5000000e+01   2.2500000e+01   2.4000000e+01   6.5238095e+00   2.0000000e+00   8.0000000e+00   2.1000000e+01   7.6406250e+00
   9.6835235e+02   3.4000000e+01   4.5000000e+01   4.6400000e+02   5.3000000e+01   2.6500000e+01   2.4222222e+01   1.0826087e+01   2.0000000e+00   9.0000000e+00   2.3000000e+01   7.9054054e+00
   1.0373358e+03   3.4000000e+01   4.9000000e+01   4.9400000e+02   5.1000000e+01   2.5500000e+01   2.9250000e+01   1.1041667e+01   2.0000000e+00   8.0000000e+00   2.4000000e+01   8.4285714e+00
   1.3537226e+03   3.5000000e+01   6.0000000e+01   4.9700000e+02   5.0000000e+01   2.5000000e+01   2.8625000e+01   1.1600000e+01   2.0000000e+00   8.0000000e+00   2.5000000e+01   7.1011236e+00
   1.2710255e+03   3.9000000e+01   5.5000000e+01   5.2800000e+02   5.4000000e+01   2.7000000e+01   2.9444444e+01   9.7857143e+00   2.0000000e+00   9.0000000e+00   2.8000000e+01   7.5222222e+00
   1.2456503e+03   3.6000000e+01   5.8000000e+01   5.3200000e+02   5.2000000e+01   2.6000000e+01   3.2857143e+01   1.2148148e+01   2.0000000e+00   7.0000000e+00   2.7000000e+01   7.7126437e+00
   7.7779988e+02   2.7000000e+01   3.9000000e+01   3.6400000e+02   5.2000000e+01   2.6000000e+01   2.4142857e+01   1.0444444e+01   2.0000000e+00   7.0000000e+00   1.8000000e+01   7.9672131e+00
   1.3359334e+03   3.2000000e+01   5.7000000e+01   5.0600000e+02   5.5000000e+01   2.7500000e+01   3.0000000e+01   1.3347826e+01   2.0000000e+00   7.0000000e+00   2.3000000e+01   7.4390244e+00
   8.6434658e+02   2.8000000e+01   4.2000000e+01   3.9100000e+02   5.5000000e+01   2.7500000e+01   2.3000000e+01   1.1631579e+01   2.0000000e+00   7.0000000e+00   1.9000000e+01   7.5079365e+00
   1.4224243e+03   4.1000000e+01   6.7000000e+01   5.7200000e+02   5.2000000e+01   2.6000000e+01   3.0444444e+01   1.0933333e+01   2.0000000e+00   9.0000000e+00   3.0000000e+01   7.4747475e+00
   1.0894195e+03   2.9000000e+01   4.7000000e+01   4.6600000e+02   6.1000000e+01   3.0500000e+01   3.1833333e+01   1.2857143e+01   2.0000000e+00   6.0000000e+00   2.1000000e+01   7.9565217e+00
   1.4387407e+03   3.8000000e+01   5.9000000e+01   5.4000000e+02   5.4000000e+01   2.7000000e+01   3.0875000e+01   1.0928571e+01   2.0000000e+00   8.0000000e+00   2.8000000e+01   7.5425532e+00
   6.9161093e+02   3.6000000e+01   3.8000000e+01   4.3300000e+02   4.2000000e+01   2.1000000e+01   2.7333333e+01   7.6400000e+00   2.0000000e+00   9.0000000e+00   2.5000000e+01   8.5774648e+00
   8.5742108e+02   3.3000000e+01   4.5000000e+01   4.8600000e+02   5.4000000e+01   2.7000000e+01   3.1285714e+01   1.0833333e+01   2.0000000e+00   7.0000000e+00   2.4000000e+01   8.5945946e+00
   1.0098519e+03   3.8000000e+01   4.8000000e+01   5.5100000e+02   5.1000000e+01   2.5500000e+01   2.9333333e+01   1.0703704e+01   2.0000000e+00   9.0000000e+00   2.7000000e+01   8.5555556e+00
   9.6704430e+02   3.2000000e+01   4.3000000e+01   4.7400000e+02   5.4000000e+01   2.7000000e+01   2.9857143e+01   1.1260870e+01   2.0000000e+00   7.0000000e+00   2.3000000e+01   8.4857143e+00
   1.1339066e+03   3.2000000e+01   5.9000000e+01   5.5900000e+02   6.0000000e+01   3.0000000e+01   3.4857143e+01   1.4304348e+01   2.0000000e+00   7.0000000e+00   2.3000000e+01   8.1807229e+00
   1.2471169e+03   3.4000000e+01   5.7000000e+01   5.2800000e+02   5.4000000e+01   2.7000000e+01   2.7333333e+01   1.2826087e+01   2.0000000e+00   9.0000000e+00   2.3000000e+01   8.2068966e+00
   1.3364857e+03   3.6000000e+01   5.9000000e+01   5.9400000e+02   5.4000000e+01   2.7000000e+01   3.5571429e+01   1.3148148e+01   2.0000000e+00   7.0000000e+00   2.7000000e+01   8.0449438e+00
   1.4388160e+03   4.0000000e+01   6.8000000e+01   5.3400000e+02   5.4000000e+01   2.7000000e+01   2.9375000e+01   1.1700000e+01   2.0000000e+00   8.0000000e+00   3.0000000e+01   7.7900000e+00
   8.9259221e+02   2.8000000e+01   4.4000000e+01   3.7900000e+02   5.1000000e+01   2.5500000e+01   2.4750000e+01   9.9444444e+00   2.0000000e+00   8.0000000e+00   1.8000000e+01   7.8484848e+00
   1.0274086e+03   3.4000000e+01   5.2000000e+01   4.5800000e+02   5.4000000e+01   2.7000000e+01   2.4125000e+01   1.1458333e+01   2.0000000e+00   8.0000000e+00   2.4000000e+01   7.4935065e+00
   1.2224910e+03   3.1000000e+01   5.3000000e+01   5.3200000e+02   5.8000000e+01   2.9000000e+01   3.6166667e+01   1.3826087e+01   2.0000000e+00   6.0000000e+00   2.3000000e+01   7.8860759e+00
   1.0594110e+03   3.4000000e+01   5.5000000e+01   5.5800000e+02   5.7000000e+01   2.8500000e+01   3.4142857e+01   1.2720000e+01   2.0000000e+00   7.0000000e+00   2.5000000e+01   8.6867470e+00
   1.3290725e+03   3.1000000e+01   6.2000000e+01   5.6700000e+02   6.1000000e+01   3.0500000e+01   3.6833333e+01   1.5347826e+01   2.0000000e+00   6.0000000e+00   2.3000000e+01   7.7160494e+00
   1.3482052e+03   3.3000000e+01   5.5000000e+01   5.6600000e+02   5.7000000e+01   2.8500000e+01   3.2285714e+01   1.4750000e+01   2.0000000e+00   7.0000000e+00   2.4000000e+01   7.9518072e+00
   1.1025590e+03   3.1000000e+01   4.7000000e+01   4.3100000e+02   5.3000000e+01   2.6500000e+01   2.2571429e+01   1.2272727e+01   2.0000000e+00   7.0000000e+00   2.2000000e+01   7.1891892e+00
   1.6483933e+03   4.1000000e+01   6.8000000e+01   5.6600000e+02   5.3000000e+01   2.6500000e+01   3.1375000e+01   1.1129032e+01   2.0000000e+00   8.0000000e+00   3.1000000e+01   6.9708738e+00
   9.9416618e+02   2.8000000e+01   4.9000000e+01   4.4600000e+02   5.5000000e+01   2.7500000e+01   2.9571429e+01   1.2947368e+01   2.0000000e+00   7.0000000e+00   1.9000000e+01   7.8714286e+00
   1.2109934e+03   3.6000000e+01   5.4000000e+01   4.6800000e+02   5.3000000e+01   2.6500000e+01   2.9714286e+01   1.0111111e+01   2.0000000e+00   7.0000000e+00   2.7000000e+01   7.5348837e+00
   9.6431473e+02   3.1000000e+01   4.9000000e+01   4.8900000e+02   5.6000000e+01   2.8000000e+01   2.9000000e+01   1.2818182e+01   2.0000000e+00   7.0000000e+00   2.2000000e+01   8.5921053e+00
   1.2234480e+03   3.2000000e+01   4.9000000e+01   3.9600000e+02   5.3000000e+01   2.6500000e+01   2.0000000e+01   1.0714286e+01   2.0000000e+00   9.0000000e+00   2.1000000e+01   6.9594595e+00
   1.3707030e+03   3.4000000e+01   6.0000000e+01   5.5200000e+02   5.7000000e+01   2.8500000e+01   3.3142857e+01   1.3160000e+01   2.0000000e+00   7.0000000e+00   2.5000000e+01   7.9666667e+00
   8.5517797e+02   2.9000000e+01   4.2000000e+01   4.5800000e+02   5.3000000e+01   2.6500000e+01   2.8625000e+01   1.1684211e+01   2.0000000e+00   8.0000000e+00   1.9000000e+01   8.8636364e+00
   8.3612043e+02   2.5000000e+01   4.0000000e+01   4.4500000e+02   5.8000000e+01   2.9000000e+01   3.0666667e+01   1.4588235e+01   2.0000000e+00   6.0000000e+00   1.7000000e+01   8.9344262e+00
   9.9202656e+02   3.1000000e+01   5.0000000e+01   4.9100000e+02   5.7000000e+01   2.8500000e+01   3.4000000e+01   1.2695652e+01   2.0000000e+00   6.0000000e+00   2.3000000e+01   8.1428571e+00
   1.4196612e+03   3.6000000e+01   5.6000000e+01   4.8400000e+02   5.9000000e+01   2.9500000e+01   2.8142857e+01   1.0592593e+01   2.0000000e+00   7.0000000e+00   2.7000000e+01   7.0000000e+00
   6.4276007e+02   2.7000000e+01   3.4000000e+01   3.8600000e+02   4.9000000e+01   2.4500000e+01   3.0000000e+01   9.6111111e+00   2.0000000e+00   7.0000000e+00   1.8000000e+01   8.7272727e+00
   1.2137838e+03   3.4000000e+01   5.1000000e+01   4.5700000e+02   5.2000000e+01   2.6000000e+01   2.6250000e+01   1.0541667e+01   2.0000000e+00   8.0000000e+00   2.4000000e+01   7.3292683e+00
   1.1555498e+03   4.0000000e+01   5.3000000e+01   5.1600000e+02   5.3000000e+01   2.6500000e+01   2.7777778e+01   9.7931034e+00   2.0000000e+00   9.0000000e+00   2.9000000e+01   8.3488372e+00
   1.4820041e+03   3.8000000e+01   6.5000000e+01   5.8900000e+02   5.8000000e+01   2.9000000e+01   3.4571429e+01   1.2310345e+01   2.0000000e+00   7.0000000e+00   2.9000000e+01   8.1578947e+00
   9.2691668e+02   3.4000000e+01   4.7000000e+01   4.4300000e+02   5.1000000e+01   2.5500000e+01   2.8250000e+01   9.5000000e+00   2.0000000e+00   8.0000000e+00   2.4000000e+01   7.9729730e+00
   1.1557072e+03   3.5000000e+01   4.9000000e+01   4.2400000e+02   5.1000000e+01   2.5500000e+01   2.3777778e+01   9.1666667e+00   2.0000000e+00   9.0000000e+00   2.4000000e+01   6.8875000e+00
   1.1744607e+03   3.5000000e+01   5.7000000e+01   5.2400000e+02   5.7000000e+01   2.8500000e+01   3.4666667e+01   1.1888889e+01   2.0000000e+00   6.0000000e+00   2.7000000e+01   7.6896552e+00
   8.0325230e+02   3.0000000e+01   3.4000000e+01   3.8500000e+02   5.2000000e+01   2.6000000e+01   2.0444444e+01   1.0105263e+01   2.0000000e+00   9.0000000e+00   1.9000000e+01   8.2096774e+00
   7.4948121e+02   2.9000000e+01   3.8000000e+01   3.6300000e+02   4.8000000e+01   2.4000000e+01   2.5666667e+01   9.6666667e+00   2.0000000e+00   6.0000000e+00   2.1000000e+01   7.6666667e+00
   1.1434304e+03   3.4000000e+01   5.8000000e+01   5.8900000e+02   5.5000000e+01   2.7500000e+01   3.4000000e+01   1.3708333e+01   2.0000000e+00   8.0000000e+00   2.4000000e+01   8.7093023e+00
   1.4711036e+03   3.1000000e+01   5.8000000e+01   5.0200000e+02   5.5000000e+01   2.7500000e+01   3.3166667e+01   1.3652174e+01   2.0000000e+00   6.0000000e+00   2.3000000e+01   7.6588235e+00
   1.3883692e+03   4.0000000e+01   5.6000000e+01   5.2800000e+02   5.1000000e+01   2.5500000e+01   3.0500000e+01   1.0266667e+01   2.0000000e+00   8.0000000e+00   3.0000000e+01   7.2173913e+00
   1.5152833e+03   3.4000000e+01   6.1000000e+01   5.5600000e+02   5.4000000e+01   2.7000000e+01   3.5000000e+01   1.3769231e+01   2.0000000e+00   6.0000000e+00   2.6000000e+01   7.1978022e+00
   1.0976849e+03   2.9000000e+01   5.4000000e+01   5.3900000e+02   5.9000000e+01   2.9500000e+01   3.3285714e+01   1.5500000e+01   2.0000000e+00   7.0000000e+00   2.0000000e+01   8.1012658e+00
   8.9369783e+02   2.9000000e+01   3.8000000e+01   4.0600000e+02   5.2000000e+01   2.6000000e+01   3.0571429e+01   9.8500000e+00   2.0000000e+00   7.0000000e+00   2.0000000e+01   7.7142857e+00
   1.3588585e+03   3.5000000e+01   5.9000000e+01   5.3600000e+02   5.5000000e+01   2.7500000e+01   3.3714286e+01   1.2038462e+01   2.0000000e+00   7.0000000e+00   2.6000000e+01   7.4719101e+00
   7.5431508e+02   3.5000000e+01   3.7000000e+01   4.1400000e+02   5.1000000e+01   2.5500000e+01   2.7571429e+01   8.1538462e+00   2.0000000e+00   7.0000000e+00   2.6000000e+01   8.3939394e+00
   1.0341277e+03   3.8000000e+01   4.9000000e+01   5.5400000e+02   5.1000000e+01   2.5500000e+01   3.1250000e+01   1.1142857e+01   2.0000000e+00   8.0000000e+00   2.8000000e+01   8.6941176e+00
   9.6742374e+02   3.3000000e+01   4.5000000e+01   4.4300000e+02   5.1000000e+01   2.5500000e+01   2.9857143e+01   9.8333333e+00   2.0000000e+00   7.0000000e+00   2.4000000e+01   7.9305556e+00
   9.5696591e+02   2.8000000e+01   4.1000000e+01   4.4400000e+02   5.3000000e+01   2.6500000e+01   2.9500000e+01   1.2800000e+01   2.0000000e+00   6.0000000e+00   2.0000000e+01   8.0303030e+00
   1.1551989e+03   3.5000000e+01   5.2000000e+01   5.1800000e+02   5.4000000e+01   2.7000000e+01   2.8375000e+01   1.1800000e+01   2.0000000e+00   8.0000000e+00   2.5000000e+01   7.8072289e+00
   8.6814279e+02   3.3000000e+01   3.9000000e+01   4.0200000e+02   5.2000000e+01   2.6000000e+01   2.5375000e+01   8.5652174e+00   2.0000000e+00   8.0000000e+00   2.3000000e+01   7.7971014e+00
   1.3571751e+03   3.8000000e+01   6.3000000e+01   5.9500000e+02   5.8000000e+01   2.9000000e+01   2.8375000e+01   1.3642857e+01   2.0000000e+00   8.0000000e+00   2.8000000e+01   7.9278351e+00
   1.2091557e+03   3.6000000e+01   5.2000000e+01   5.3300000e+02   5.6000000e+01   2.8000000e+01   2.9875000e+01   1.1500000e+01   2.0000000e+00   8.0000000e+00   2.6000000e+01   7.9534884e+00
   1.2613512e+03   3.9000000e+01   5.8000000e+01   5.4500000e+02   5.5000000e+01   2.7500000e+01   3.0000000e+01   1.0862069e+01   2.0000000e+00   8.0000000e+00   2.9000000e+01   7.4347826e+00
   9.7177693e+02   3.7000000e+01   4.6000000e+01   4.7300000e+02   4.9000000e+01   2.4500000e+01   2.6625000e+01   9.8888889e+00   2.0000000e+00   8.0000000e+00   2.7000000e+01   8.0129870e+00
   9.7809540e+02   3.4000000e+01   4.5000000e+01   4.6600000e+02   5.1000000e+01   2.5500000e+01   2.3000000e+01   1.1217391e+01   2.0000000e+00   9.0000000e+00   2.3000000e+01   8.3600000e+00
   8.4638762e+02   3.1000000e+01   3.9000000e+01   4.0400000e+02   4.9000000e+01   2.4500000e+01   2.1888889e+01   1.0000000e+01   2.0000000e+00   9.0000000e+00   2.0000000e+01   7.7538462e+00
   1.1457131e+03   3.1000000e+01   4.8000000e+01   4.3900000e+02   4.4000000e+01   2.2000000e+01   2.8000000e+01   1.2347826e+01   2.0000000e+00   6.0000000e+00   2.3000000e+01   7.2533333e+00
   1.0992023e+03   3.2000000e+01   5.1000000e+01   4.8400000e+02   5.4000000e+01   2.7000000e+01   2.5777778e+01   1.2190476e+01   2.0000000e+00   9.0000000e+00   2.1000000e+01   7.8026316e+00
   8.8040275e+02   3.1000000e+01   4.3000000e+01   4.9400000e+02   5.6000000e+01   2.8000000e+01   2.8750000e+01   1.2285714e+01   2.0000000e+00   8.0000000e+00   2.1000000e+01   8.6056338e+00
   1.5238034e+03   4.5000000e+01   6.2000000e+01   5.2700000e+02   4.9000000e+01   2.4500000e+01   3.0222222e+01   7.9705882e+00   2.0000000e+00   9.0000000e+00   3.4000000e+01   7.1500000e+00
   9.5237502e+02   3.4000000e+01   4.2000000e+01   4.6200000e+02   5.0000000e+01   2.5000000e+01   3.1714286e+01   9.6800000e+00   2.0000000e+00   7.0000000e+00   2.5000000e+01   8.0281690e+00
   1.2155053e+03   3.7000000e+01   5.4000000e+01   5.3500000e+02   5.8000000e+01   2.9000000e+01   3.3571429e+01   1.0928571e+01   2.0000000e+00   7.0000000e+00   2.8000000e+01   8.0227273e+00
   1.1458755e+03   3.2000000e+01   5.3000000e+01   4.7000000e+02   5.4000000e+01   2.7000000e+01   2.7857143e+01   1.2739130e+01   2.0000000e+00   7.0000000e+00   2.3000000e+01   8.1265823e+00
   1.1777026e+03   3.2000000e+01   5.3000000e+01   4.3600000e+02   5.3000000e+01   2.6500000e+01   2.7571429e+01   1.1347826e+01   2.0000000e+00   7.0000000e+00   2.3000000e+01   7.2784810e+00
   1.2460084e+03   3.8000000e+01   6.0000000e+01   5.9000000e+02   5.8000000e+01   2.9000000e+01   3.4571429e+01   1.2413793e+01   2.0000000e+00   7.0000000e+00   2.9000000e+01   8.2234043e+00
   1.4628638e+03   3.8000000e+01   6.3000000e+01   5.3600000e+02   5.4000000e+01   2.7000000e+01   3.1000000e+01   1.1724138e+01   2.0000000e+00   7.0000000e+00   2.9000000e+01   7.2105263e+00
   1.1394048e+03   3.3000000e+01   5.4000000e+01   5.2500000e+02   5.5000000e+01   2.7500000e+01   3.2714286e+01   1.2500000e+01   2.0000000e+00   7.0000000e+00   2.4000000e+01   7.8313253e+00
   9.5847162e+02   3.0000000e+01   5.3000000e+01   4.7800000e+02   5.6000000e+01   2.8000000e+01   2.8857143e+01   1.3333333e+01   2.0000000e+00   7.0000000e+00   2.1000000e+01   7.7307692e+00
   1.1016624e+03   3.5000000e+01   5.1000000e+01   5.0900000e+02   5.5000000e+01   2.7500000e+01   2.8285714e+01   1.2269231e+01   2.0000000e+00   7.0000000e+00   2.6000000e+01   8.1772152e+00
   9.7119930e+02   2.7000000e+01   4.7000000e+01   4.8800000e+02   5.8000000e+01   2.9000000e+01   3.2500000e+01   1.5157895e+01   2.0000000e+00   6.0000000e+00   1.9000000e+01   8.2285714e+00
   1.0923077e+03   2.9000000e+01   4.5000000e+01   3.7200000e+02   5.2000000e+01   2.6000000e+01   3.1200000e+01   9.7272727e+00   2.0000000e+00   5.0000000e+00   2.2000000e+01   7.3000000e+00
   1.2873295e+03   3.9000000e+01   6.1000000e+01   6.0000000e+02   5.4000000e+01   2.7000000e+01   3.1875000e+01   1.2379310e+01   2.0000000e+00   8.0000000e+00   2.9000000e+01   8.5604396e+00
   1.5314763e+03   3.6000000e+01   6.3000000e+01   5.5500000e+02   5.4000000e+01   2.7000000e+01   3.3428571e+01   1.2518519e+01   2.0000000e+00   7.0000000e+00   2.7000000e+01   7.0744681e+00
   1.1216445e+03   3.6000000e+01   4.9000000e+01   5.0400000e+02   5.4000000e+01   2.7000000e+01   2.7625000e+01   1.0884615e+01   2.0000000e+00   8.0000000e+00   2.6000000e+01   7.8311688e+00
   8.3557543e+02   2.5000000e+01   4.0000000e+01   4.0200000e+02   5.5000000e+01   2.7500000e+01   2.3571429e+01   1.3937500e+01   2.0000000e+00   7.0000000e+00   1.6000000e+01   8.3000000e+00
   7.9688577e+02   3.4000000e+01   4.6000000e+01   5.6200000e+02   5.8000000e+01   2.9000000e+01   3.3250000e+01   1.2458333e+01   2.0000000e+00   8.0000000e+00   2.4000000e+01   8.9868421e+00
   8.6826582e+02   3.0000000e+01   4.3000000e+01   4.1100000e+02   5.3000000e+01   2.6500000e+01   2.6875000e+01   9.7000000e+00   2.0000000e+00   8.0000000e+00   2.0000000e+01   8.2153846e+00
   9.8006363e+02   3.4000000e+01   4.6000000e+01   5.1600000e+02   5.1000000e+01   2.5500000e+01   2.9375000e+01   1.1750000e+01   2.0000000e+00   8.0000000e+00   2.4000000e+01   8.5714286e+00
   1.2023233e+03   3.2000000e+01   5.8000000e+01   5.1700000e+02   5.5000000e+01   2.7500000e+01   2.9285714e+01   1.4000000e+01   2.0000000e+00   7.0000000e+00   2.3000000e+01   8.2261905e+00
   1.0185589e+03   2.6000000e+01   4.9000000e+01   3.9900000e+02   5.4000000e+01   2.7000000e+01   2.6666667e+01   1.3111111e+01   2.0000000e+00   6.0000000e+00   1.8000000e+01   7.3188406e+00
   6.3011926e+02   2.4000000e+01   3.1000000e+01   3.3300000e+02   4.9000000e+01   2.4500000e+01   2.2571429e+01   1.0600000e+01   2.0000000e+00   7.0000000e+00   1.5000000e+01   8.6538462e+00
   1.1701204e+03   4.0000000e+01   5.6000000e+01   5.3500000e+02   5.5000000e+01   2.7500000e+01   3.0125000e+01   1.0166667e+01   2.0000000e+00   8.0000000e+00   3.0000000e+01   7.7045455e+00
   1.2949412e+03   3.9000000e+01   5.5000000e+01   5.2500000e+02   5.4000000e+01   2.7000000e+01   2.8444444e+01   1.0107143e+01   2.0000000e+00   9.0000000e+00   2.8000000e+01   7.7209302e+00
   1.1874973e+03   2.7000000e+01   5.2000000e+01   4.7400000e+02   5.9000000e+01   2.9500000e+01   3.2833333e+01   1.4526316e+01   2.0000000e+00   6.0000000e+00   1.9000000e+01   7.7894737e+00
   1.4487907e+03   3.8000000e+01   6.2000000e+01   5.3400000e+02   5.4000000e+01   2.7000000e+01   3.1714286e+01   1.1413793e+01   2.0000000e+00   7.0000000e+00   2.9000000e+01   7.4574468e+00
   1.0934258e+03   3.3000000e+01   4.8000000e+01   4.5000000e+02   5.4000000e+01   2.7000000e+01   2.7857143e+01   1.0625000e+01   2.0000000e+00   7.0000000e+00   2.4000000e+01   7.4133333e+00
   1.0792834e+03   3.4000000e+01   5.2000000e+01   5.0800000e+02   5.0000000e+01   2.5000000e+01   2.8750000e+01   1.1916667e+01   2.0000000e+00   8.0000000e+00   2.4000000e+01   8.0000000e+00
   7.5501648e+02   2.2000000e+01   3.9000000e+01   4.5900000e+02   6.7000000e+01   3.3500000e+01   3.8600000e+01   1.6466667e+01   2.0000000e+00   5.0000000e+00   1.5000000e+01   9.2711864e+00
   1.0427267e+03   2.6000000e+01   4.6000000e+01   4.2100000e+02   5.3000000e+01   2.6500000e+01   2.5714286e+01   1.4117647e+01   2.0000000e+00   7.0000000e+00   1.7000000e+01   7.5000000e+00
   9.3423938e+02   2.7000000e+01   4.0000000e+01   3.9400000e+02   5.6000000e+01   2.8000000e+01   2.1875000e+01   1.1882353e+01   2.0000000e+00   8.0000000e+00   1.7000000e+01   7.9682540e+00
