   9.1891500e+01   4.0000000e+00   3.0000000e+00   2.1000000e+01   1.5000000e+01   7.5000000e+00   4.0000000e+00   0.0000000e+00   2.0000000e+00   2.0000000e+00   0.0000000e+00   4.2000000e+00
   6.5891502e+01   3.0000000e+00   2.0000000e+00   1.5000000e+01   1.1000000e+01   5.5000000e+00   5.0000000e+00   0.0000000e+00   2.0000000e+00   1.0000000e+00   0.0000000e+00   5.0000000e+00
   6.5853033e+01   3.0000000e+00   2.0000000e+00   1.3000000e+01   1.0000000e+01   5.0000000e+00   4.0000000e+00   0.0000000e+00   2.0000000e+00   1.0000000e+00   0.0000000e+00   4.3333333e+00
   6.5895917e+01   3.0000000e+00   2.0000000e+00   1.3000000e+01   9.0000000e+00   4.5000000e+00   5.0000000e+00   0.0000000e+00   2.0000000e+00   1.0000000e+00   0.0000000e+00   4.3333333e+00
   6.5891502e+01   3.0000000e+00   2.0000000e+00   1.5000000e+01   1.1000000e+01   5.5000000e+00   5.0000000e+00   0.0000000e+00   2.0000000e+00   1.0000000e+00   0.0000000e+00   5.0000000e+00
   1.5436221e+03   4.5000000e+01   8.4000000e+01   4.7200000e+02   5.3000000e+01   2.6500000e+01   2.2888889e+01   8.7647059e+00   2.0000000e+00   9.0000000e+00   3.4000000e+01   4.6016949e+00
   6.5874588e+01   4.0000000e+00   2.0000000e+00   2.0000000e+01   1.1000000e+01   5.5000000e+00   5.0000000e+00   0.0000000e+00   2.0000000e+00   2.0000000e+00   0.0000000e+00   5.0000000e+00
   6.5918119e+01   3.0000000e+00   2.0000000e+00   1.1000000e+01   8.0000000e+00   4.0000000e+00   4.0000000e+00   0.0000000e+00   2.0000000e+00   1.0000000e+00   0.0000000e+00   3.6666667e+00
   6.5914122e+01   3.0000000e+00   2.0000000e+00   1.5000000e+01   1.1000000e+01   5.5000000e+00   5.0000000e+00   0.0000000e+00   2.0000000e+00   1.0000000e+00   0.0000000e+00   5.0000000e+00
   1.6396598e+03   5.0000000e+01   8.5000000e+01   4.9500000e+02   4.7000000e+01   2.3500000e+01   2.5666667e+01   8.0000000e+00   2.0000000e+00   9.0000000e+00   3.9000000e+01   4.7250000e+00
   6.5910051e+01   3.0000000e+00   2.0000000e+00   1.3000000e+01   1.0000000e+01   5.0000000e+00   4.0000000e+00   0.0000000e+00   2.0000000e+00   1.0000000e+00   0.0000000e+00   4.3333333e+00
   6.5908677e+01   3.0000000e+00   2.0000000e+00   1.5000000e+01   1.1000000e+01   5.5000000e+00   5.0000000e+00   0.0000000e+00   2.0000000e+00   1.0000000e+00   0.0000000e+00   5.0000000e+00
   1.0471239e+03   3.9000000e+01   5.9000000e+01   4.1900000e+02   5.0000000e+01   2.5000000e+01   2.0777778e+01   8.7500000e+00   2.0000000e+00   9.0000000e+00   2.8000000e+01   5.2234043e+00
   6.5895917e+01   3.0000000e+00   2.0000000e+00   1.1000000e+01   9.0000000e+00   4.5000000e+00   3.0000000e+00   0.0000000e+00   2.0000000e+00   1.0000000e+00   0.0000000e+00   3.6666667e+00
   6.5898815e+01   3.0000000e+00   2.0000000e+00   1.3000000e+01   1.0000000e+01   5.0000000e+00   4.0000000e+00   0.0000000e+00   2.0000000e+00   1.0000000e+00   0.0000000e+00   4.3333333e+00
   6.5910051e+01   3.0000000e+00   2.0000000e+00   1.5000000e+01   1.1000000e+01   5.5000000e+00   5.0000000e+00   0.0000000e+00   2.0000000e+00   1.0000000e+00   0.0000000e+00   5.0000000e+00
   1.7704416e+03   5.7000000e+01   9.5000000e+01   5.9100000e+02   4.9000000e+01   2.4500000e+01   2.6545455e+01   8.2045455e+00   2.0000000e+00   1.1000000e+01   4.4000000e+01   4.7552448e+00
   6.5923334e+01   3.0000000e+00   2.0000000e+00   1.3000000e+01   9.0000000e+00   4.5000000e+00   5.0000000e+00   0.0000000e+00   2.0000000e+00   1.0000000e+00   0.0000000e+00   4.3333333e+00
   6.5883958e+01   4.0000000e+00   2.0000000e+00   1.5000000e+01   8.0000000e+00   4.0000000e+00   4.0000000e+00   0.0000000e+00   2.0000000e+00   2.0000000e+00   0.0000000e+00   3.7500000e+00
   6.5907294e+01   3.0000000e+00   2.0000000e+00   1.3000000e+01   1.0000000e+01   5.0000000e+00   4.0000000e+00   0.0000000e+00   2.0000000e+00   1.0000000e+00   0.0000000e+00   4.3333333e+00
   6.5905902e+01   4.0000000e+00   2.0000000e+00   2.0000000e+01   1.1000000e+01   5.5000000e+00   5.0000000e+00   0.0000000e+00   2.0000000e+00   2.0000000e+00   0.0000000e+00   5.0000000e+00
   6.5907294e+01   3.0000000e+00   2.0000000e+00   1.5000000e+01   1.1000000e+01   5.5000000e+00   5.0000000e+00   0.0000000e+00   2.0000000e+00   1.0000000e+00   0.0000000e+00   5.0000000e+00
   1.6462773e+03   5.6000000e+01   9.1000000e+01   5.5400000e+02   4.9000000e+01   2.4500000e+01   2.7200000e+01   7.5681818e+00   2.0000000e+00   1.0000000e+01   4.4000000e+01   4.6985294e+00
   6.5863201e+01   4.0000000e+00   2.0000000e+00   1.7000000e+01   1.0000000e+01   5.0000000e+00   4.0000000e+00   0.0000000e+00   2.0000000e+00   2.0000000e+00   0.0000000e+00   4.2500000e+00
   1.5261948e+03   4.7000000e+01   8.4000000e+01   4.8800000e+02   5.0000000e+01   2.5000000e+01   2.4111111e+01   8.7222222e+00   2.0000000e+00   9.0000000e+00   3.6000000e+01   4.7213115e+00
   1.5362321e+03   4.6000000e+01   7.5000000e+01   4.4900000e+02   4.8000000e+01   2.4000000e+01   2.5125000e+01   7.9444444e+00   2.0000000e+00   8.0000000e+00   3.6000000e+01   4.7391304e+00
   6.5900250e+01   3.0000000e+00   2.0000000e+00   1.5000000e+01   1.1000000e+01   5.5000000e+00   5.0000000e+00   0.0000000e+00   2.0000000e+00   1.0000000e+00   0.0000000e+00   5.0000000e+00
   6.5908677e+01   3.0000000e+00   2.0000000e+00   1.3000000e+01   1.0000000e+01   5.0000000e+00   4.0000000e+00   0.0000000e+00   2.0000000e+00   1.0000000e+00   0.0000000e+00   4.3333333e+00
   1.8832792e+03   4.9000000e+01   1.0500000e+02   5.7300000e+02   5.3000000e+01   2.6500000e+01   2.8444444e+01   9.9736842e+00   2.0000000e+00   9.0000000e+00   3.8000000e+01   4.7500000e+00
   6.5894455e+01   3.0000000e+00   2.0000000e+00   1.1000000e+01   9.0000000e+00   4.5000000e+00   3.0000000e+00   0.0000000e+00   2.0000000e+00   1.0000000e+00   0.0000000e+00   3.6666667e+00
   1.6382913e+03   5.6000000e+01   8.5000000e+01   5.5500000e+02   5.2000000e+01   2.6000000e+01   2.8200000e+01   7.2045455e+00   2.0000000e+00   1.0000000e+01   4.4000000e+01   4.9007634e+00
   1.2155361e+03   5.3000000e+01   6.9000000e+01   4.7300000e+02   4.9000000e+01   2.4500000e+01   2.5000000e+01   6.5714286e+00   2.0000000e+00   9.0000000e+00   4.2000000e+01   4.8849558e+00
   6.5901676e+01   4.0000000e+00   2.0000000e+00   1.5000000e+01   8.0000000e+00   4.0000000e+00   4.0000000e+00   0.0000000e+00   2.0000000e+00   2.0000000e+00   0.0000000e+00   3.7500000e+00
   6.5923334e+01   3.0000000e+00   2.0000000e+00   1.3000000e+01   1.0000000e+01   5.0000000e+00   4.0000000e+00   0.0000000e+00   2.0000000e+00   1.0000000e+00   0.0000000e+00   4.3333333e+00
   6.5890012e+01   3.0000000e+00   2.0000000e+00   1.3000000e+01   1.0000000e+01   5.0000000e+00   4.0000000e+00   0.0000000e+00   2.0000000e+00   1.0000000e+00   0.0000000e+00   4.3333333e+00
   1.5805743e+03   5.2000000e+01   8.1000000e+01   4.7200000e+02   4.8000000e+01   2.4000000e+01   2.5333333e+01   7.0487805e+00   2.0000000e+00   9.0000000e+00   4.1000000e+01   4.5702479e+00
   6.5910051e+01   4.0000000e+00   2.0000000e+00   1.7000000e+01   1.0000000e+01   5.0000000e+00   4.0000000e+00   0.0000000e+00   2.0000000e+00   2.0000000e+00   0.0000000e+00   4.2500000e+00
   6.5903094e+01   3.0000000e+00   2.0000000e+00   1.3000000e+01   1.0000000e+01   5.0000000e+00   4.0000000e+00   0.0000000e+00   2.0000000e+00   1.0000000e+00   0.0000000e+00   4.3333333e+00
   1.5994488e+03   5.6000000e+01   8.9000000e+01   5.2400000e+02   4.8000000e+01   2.4000000e+01   2.8111111e+01   7.1777778e+00   2.0000000e+00   9.0000000e+00   4.5000000e+01   4.8153846e+00
   1.4186534e+03   5.8000000e+01   8.2000000e+01   4.8200000e+02   4.5000000e+01   2.2500000e+01   2.0250000e+01   6.3636364e+00   2.0000000e+00   1.2000000e+01   4.4000000e+01   4.3643411e+00
   0.0000000e+00   0.0000000e+00   0.0000000e+00   0.0000000e+00   0.0000000e+00   0.0000000e+00   0.0000000e+00   0.0000000e+00   0.0000000e+00   0.0000000e+00   0.0000000e+00   0.0000000e+00
   0.0000000e+00   0.0000000e+00   0.0000000e+00   0.0000000e+00   0.0000000e+00   0.0000000e+00   0.0000000e+00   0.0000000e+00   0.0000000e+00   0.0000000e+00   0.0000000e+00   0.0000000e+00
   0.0000000e+00   0.0000000e+00   0.0000000e+00   0.0000000e+00   0.0000000e+00   0.0000000e+00   0.0000000e+00   0.0000000e+00   0.0000000e+00   0.0000000e+00   0.0000000e+00   0.0000000e+00
   0.0000000e+00   0.0000000e+00   0.0000000e+00   0.0000000e+00   0.0000000e+00   0.0000000e+00   0.0000000e+00   0.0000000e+00   0.0000000e+00   0.0000000e+00   0.0000000e+00   0.0000000e+00
   0.0000000e+00   0.0000000e+00   0.0000000e+00   0.0000000e+00   0.0000000e+00   0.0000000e+00   0.0000000e+00   0.0000000e+00   0.0000000e+00   0.0000000e+00   0.0000000e+00   0.0000000e+00
   0.0000000e+00   0.0000000e+00   0.0000000e+00   0.0000000e+00   0.0000000e+00   0.0000000e+00   0.0000000e+00   0.0000000e+00   0.0000000e+00   0.0000000e+00   0.0000000e+00   0.0000000e+00
   0.0000000e+00   0.0000000e+00   0.0000000e+00   0.0000000e+00   0.0000000e+00   0.0000000e+00   0.0000000e+00   0.0000000e+00   0.0000000e+00   0.0000000e+00   0.0000000e+00   0.0000000e+00
   0.0000000e+00   0.0000000e+00   0.0000000e+00   0.0000000e+00   0.0000000e+00   0.0000000e+00   0.0000000e+00   0.0000000e+00   0.0000000e+00   0.0000000e+00   0.0000000e+00   0.0000000e+00
   0.0000000e+00   0.0000000e+00   0.0000000e+00   0.0000000e+00   0.0000000e+00   0.0000000e+00   0.0000000e+00   0.0000000e+00   0.0000000e+00   0.0000000e+00   0.0000000e+00   0.0000000e+00
   0.0000000e+00   0.0000000e+00   0.0000000e+00   0.0000000e+00   0.0000000e+00   0.0000000e+00   0.0000000e+00   0.0000000e+00   0.0000000e+00   0.0000000e+00   0.0000000e+00   0.0000000e+00
   0.0000000e+00   0.0000000e+00   0.0000000e+00   0.0000000e+00   0.0000000e+00   0.0000000e+00   0.0000000e+00   0.0000000e+00   0.0000000e+00   0.0000000e+00   0.0000000e+00   0.0000000e+00
   0.0000000e+00   0.0000000e+00   0.0000000e+00   0.0000000e+00   0.0000000e+00   0.0000000e+00   0.0000000e+00   0.0000000e+00   0.0000000e+00   0.0000000e+00   0.0000000e+00   0.0000000e+00
   0.0000000e+00   0.0000000e+00   0.0000000e+00   0.0000000e+00   0.0000000e+00   0.0000000e+00   0.0000000e+00   0.0000000e+00   0.0000000e+00   0.0000000e+00   0.0000000e+00   0.0000000e+00
   0.0000000e+00   0.0000000e+00   0.0000000e+00   0.0000000e+00   0.0000000e+00   0.0000000e+00   0.0000000e+00   0.0000000e+00   0.0000000e+00   0.0000000e+00   0.0000000e+00   0.0000000e+00
   0.0000000e+00   0.0000000e+00   0.0000000e+00   0.0000000e+00   0.0000000e+00   0.0000000e+00   0.0000000e+00   0.0000000e+00   0.0000000e+00   0.0000000e+00   0.0000000e+00   0.0000000e+00
   0.0000000e+00   0.0000000e+00   0.0000000e+00   0.0000000e+00   0.0000000e+00   0.0000000e+00   0.0000000e+00   0.0000000e+00   0.0000000e+00   0.0000000e+00   0.0000000e+00   0.0000000e+00
   0.0000000e+00   0.0000000e+00   0.0000000e+00   0.0000000e+00   0.0000000e+00   0.0000000e+00   0.0000000e+00   0.0000000e+00   0.0000000e+00   0.0000000e+00   0.0000000e+00   0.0000000e+00
   0.0000000e+00   0.0000000e+00   0.0000000e+00   0.0000000e+00   0.0000000e+00   0.0000000e+00   0.0000000e+00   0.0000000e+00   0.0000000e+00   0.0000000e+00   0.0000000e+00   0.0000000e+00
   0.0000000e+00   0.0000000e+00   0.0000000e+00   0.0000000e+00   0.0000000e+00   0.0000000e+00   0.0000000e+00   0.0000000e+00   0.0000000e+00   0.0000000e+00   0.0000000e+00   0.0000000e+00
   0.0000000e+00   0.0000000e+00   0.0000000e+00   0.0000000e+00   0.0000000e+00   0.0000000e+00   0.0000000e+00   0.0000000e+00   0.0000000e+00   0.0000000e+00   0.0000000e+00   0.0000000e+00
   9.0092965e+01   4.0000000e+00   3.0000000e+00   2.5000000e+01   1.7000000e+01   8.5000000e+00   5.0000000e+00   0.0000000e+00   2.0000000e+00   2.0000000e+00   0.0000000e+00   5.0000000e+00
   6.5891502e+01   4.0000000e+00   2.0000000e+00   2.0000000e+01   1.1000000e+01   5.5000000e+00   5.0000000e+00   0.0000000e+00   2.0000000e+00   2.0000000e+00   0.0000000e+00   5.0000000e+00
   6.5907294e+01   3.0000000e+00   2.0000000e+00   1.1000000e+01   9.0000000e+00   4.5000000e+00   3.0000000e+00   0.0000000e+00   2.0000000e+00   1.0000000e+00   0.0000000e+00   3.6666667e+00
   1.0846751e+03   4.5000000e+01   6.4000000e+01   4.2900000e+02   5.0000000e+01   2.5000000e+01   2.0900000e+01   7.6969697e+00   2.0000000e+00   1.0000000e+01   3.3000000e+01   5.2000000e+00
   6.5894455e+01   4.0000000e+00   2.0000000e+00   1.7000000e+01   1.0000000e+01   5.0000000e+00   4.0000000e+00   0.0000000e+00   2.0000000e+00   2.0000000e+00   0.0000000e+00   4.2500000e+00
   6.5901676e+01   3.0000000e+00   2.0000000e+00   1.1000000e+01   8.0000000e+00   4.0000000e+00   4.0000000e+00   0.0000000e+00   2.0000000e+00   1.0000000e+00   0.0000000e+00   3.6666667e+00
   1.4831916e+03   4.6000000e+01   8.1000000e+01   4.7600000e+02   5.0000000e+01   2.5000000e+01   2.4222222e+01   8.6285714e+00   2.0000000e+00   9.0000000e+00   3.5000000e+01   4.7213115e+00
   6.5897370e+01   4.0000000e+00   2.0000000e+00   2.0000000e+01   1.1000000e+01   5.5000000e+00   5.0000000e+00   0.0000000e+00   2.0000000e+00   2.0000000e+00   0.0000000e+00   5.0000000e+00
   6.5908677e+01   4.0000000e+00   2.0000000e+00   1.7000000e+01   1.0000000e+01   5.0000000e+00   4.0000000e+00   0.0000000e+00   2.0000000e+00   2.0000000e+00   0.0000000e+00   4.2500000e+00
   6.5908677e+01   3.0000000e+00   2.0000000e+00   1.1000000e+01   8.0000000e+00   4.0000000e+00   4.0000000e+00   0.0000000e+00   2.0000000e+00   1.0000000e+00   0.0000000e+00   3.6666667e+00
   6.5858165e+01   3.0000000e+00   2.0000000e+00   1.5000000e+01   1.1000000e+01   5.5000000e+00   5.0000000e+00   0.0000000e+00   2.0000000e+00   1.0000000e+00   0.0000000e+00   5.0000000e+00
   6.5907294e+01   3.0000000e+00   2.0000000e+00   1.5000000e+01   1.1000000e+01   5.5000000e+00   5.0000000e+00   0.0000000e+00   2.0000000e+00   1.0000000e+00   0.0000000e+00   5.0000000e+00
   1.4730423e+03   4.9000000e+01   7.7000000e+01   5.1600000e+02   4.9000000e+01   2.4500000e+01   2.8000000e+01   8.1052632e+00   2.0000000e+00   9.0000000e+00   3.8000000e+01   5.0833333e+00
   6.5891502e+01   3.0000000e+00   2.0000000e+00   1.3000000e+01   1.0000000e+01   5.0000000e+00   4.0000000e+00   0.0000000e+00   2.0000000e+00   1.0000000e+00   0.0000000e+00   4.3333333e+00
   1.3504398e+03   5.0000000e+01   7.5000000e+01   4.8200000e+02   4.6000000e+01   2.3000000e+01   2.5444444e+01   7.6666667e+00   2.0000000e+00   9.0000000e+00   3.9000000e+01   4.7606838e+00
   1.5085190e+03   5.3000000e+01   8.1000000e+01   4.9300000e+02   5.0000000e+01   2.5000000e+01   2.4600000e+01   7.0243902e+00   2.0000000e+00   1.0000000e+01   4.1000000e+01   4.5887097e+00
   1.5660663e+03   5.6000000e+01   8.7000000e+01   5.5200000e+02   5.0000000e+01   2.5000000e+01   2.7700000e+01   7.5000000e+00   2.0000000e+00   1.0000000e+01   4.4000000e+01   4.7205882e+00
   1.7128207e+03   5.0000000e+01   9.8000000e+01   5.4400000e+02   4.9000000e+01   2.4500000e+01   2.6888889e+01   9.3076923e+00   2.0000000e+00   9.0000000e+00   3.9000000e+01   4.6594203e+00
   6.5923334e+01   3.0000000e+00   2.0000000e+00   1.3000000e+01   9.0000000e+00   4.5000000e+00   5.0000000e+00   0.0000000e+00   2.0000000e+00   1.0000000e+00   0.0000000e+00   4.3333333e+00
   6.5905902e+01   4.0000000e+00   2.0000000e+00   1.4000000e+01   9.0000000e+00   4.5000000e+00   3.0000000e+00   0.0000000e+00   2.0000000e+00   2.0000000e+00   0.0000000e+00   3.5000000e+00
   1.8447191e+03   5.5000000e+01   1.0000000e+02   5.5700000e+02   4.9000000e+01   2.4500000e+01   2.9444444e+01   8.1818182e+00   2.0000000e+00   9.0000000e+00   4.4000000e+01   4.6530612e+00
   6.5887004e+01   4.0000000e+00   2.0000000e+00   1.7000000e+01   1.0000000e+01   5.0000000e+00   4.0000000e+00   0.0000000e+00   2.0000000e+00   2.0000000e+00   0.0000000e+00   4.2500000e+00
   6.5907294e+01   3.0000000e+00   2.0000000e+00   1.3000000e+01   1.0000000e+01   5.0000000e+00   4.0000000e+00   0.0000000e+00   2.0000000e+00   1.0000000e+00   0.0000000e+00   4.3333333e+00
   6.5892983e+01   3.0000000e+00   2.0000000e+00   1.1000000e+01   8.0000000e+00   4.0000000e+00   4.0000000e+00   0.0000000e+00   2.0000000e+00   1.0000000e+00   0.0000000e+00   3.6666667e+00
   6.5901676e+01   3.0000000e+00   2.0000000e+00   1.3000000e+01   1.0000000e+01   5.0000000e+00   4.0000000e+00   0.0000000e+00   2.0000000e+00   1.0000000e+00   0.0000000e+00   4.3333333e+00
   6.5915463e+01   3.0000000e+00   2.0000000e+00   1.3000000e+01   9.0000000e+00   4.5000000e+00   5.0000000e+00   0.0000000e+00   2.0000000e+00   1.0000000e+00   0.0000000e+00   4.3333333e+00
   6.5918119e+01   3.0000000e+00   2.0000000e+00   1.3000000e+01   9.0000000e+00   4.5000000e+00   5.0000000e+00   0.0000000e+00   2.0000000e+00   1.0000000e+00   0.0000000e+00   4.3333333e+00
   6.5891502e+01   3.0000000e+00   2.0000000e+00   1.5000000e+01   1.1000000e+01   5.5000000e+00   5.0000000e+00   0.0000000e+00   2.0000000e+00   1.0000000e+00   0.0000000e+00   5.0000000e+00
   6.5903094e+01   3.0000000e+00   2.0000000e+00   1.1000000e+01   8.0000000e+00   4.0000000e+00   4.0000000e+00   0.0000000e+00   2.0000000e+00   1.0000000e+00   0.0000000e+00   3.6666667e+00
   1.5063173e+03   5.1000000e+01   7.5000000e+01   5.0400000e+02   5.0000000e+01   2.5000000e+01   2.2800000e+01   8.0769231e+00   2.0000000e+00   1.0000000e+01   3.9000000e+01   4.8487395e+00
   6.5911416e+01   3.0000000e+00   2.0000000e+00   1.3000000e+01   1.0000000e+01   5.0000000e+00   4.0000000e+00   0.0000000e+00   2.0000000e+00   1.0000000e+00   0.0000000e+00   4.3333333e+00
   2.0330920e+03   5.8000000e+01   1.0100000e+02   5.2400000e+02   5.1000000e+01   2.5500000e+01   2.7400000e+01   7.1739130e+00   2.0000000e+00   1.0000000e+01   4.6000000e+01   4.4383562e+00
   1.4551974e+03   5.0000000e+01   7.3000000e+01   4.7200000e+02   4.6000000e+01   2.3000000e+01   2.4700000e+01   6.9736842e+00   2.0000000e+00   1.0000000e+01   3.8000000e+01   4.6440678e+00
   1.2942036e+03   4.6000000e+01   6.9000000e+01   4.5400000e+02   5.2000000e+01   2.6000000e+01   2.3222222e+01   7.8285714e+00   2.0000000e+00   9.0000000e+00   3.5000000e+01   4.8909091e+00
   6.5883958e+01   4.0000000e+00   2.0000000e+00   2.0000000e+01   1.1000000e+01   5.5000000e+00   5.0000000e+00   0.0000000e+00   2.0000000e+00   2.0000000e+00   0.0000000e+00   5.0000000e+00
   1.6853030e+03   5.3000000e+01   8.2000000e+01   5.0000000e+02   4.8000000e+01   2.4000000e+01   2.7888889e+01   7.0238095e+00   2.0000000e+00   9.0000000e+00   4.2000000e+01   4.6746032e+00
   1.2449398e+03   4.7000000e+01   7.1000000e+01   4.8200000e+02   5.0000000e+01   2.5000000e+01   2.4800000e+01   7.5142857e+00   2.0000000e+00   1.0000000e+01   3.5000000e+01   4.9727273e+00
   6.5904502e+01   3.0000000e+00   2.0000000e+00   1.3000000e+01   9.0000000e+00   4.5000000e+00   5.0000000e+00   0.0000000e+00   2.0000000e+00   1.0000000e+00   0.0000000e+00   4.3333333e+00
   6.5879317e+01   4.0000000e+00   2.0000000e+00   1.7000000e+01   1.0000000e+01   5.0000000e+00   4.0000000e+00   0.0000000e+00   2.0000000e+00   2.0000000e+00   0.0000000e+00   4.2500000e+00
   6.5849557e+01   3.0000000e+00   2.0000000e+00   1.3000000e+01   1.0000000e+01   5.0000000e+00   4.0000000e+00   0.0000000e+00   2.0000000e+00   1.0000000e+00   0.0000000e+00   4.3333333e+00
