   7.3602981e+02   2.3000000e+01   4.0000000e+01   4.0100000e+02   5.9000000e+01   2.9500000e+01   2.9666667e+01   1.3933333e+01   2.0000000e+00   6.0000000e+00   1.5000000e+01   8.3898305e+00
   1.1879932e+03   3.2000000e+01   5.9000000e+01   5.7200000e+02   5.8000000e+01   2.9000000e+01   3.7500000e+01   1.5000000e+01   2.0000000e+00   6.0000000e+00   2.4000000e+01   8.3977273e+00
   9.6143543e+02   3.3000000e+01   4.9000000e+01   5.3000000e+02   5.3000000e+01   2.6500000e+01   3.0500000e+01   1.2652174e+01   2.0000000e+00   8.0000000e+00   2.3000000e+01   8.5250000e+00
   1.1735114e+03   3.6000000e+01   6.2000000e+01   5.8500000e+02   5.5000000e+01   2.7500000e+01   3.4857143e+01   1.3333333e+01   2.0000000e+00   7.0000000e+00   2.7000000e+01   8.1477273e+00
   8.9441157e+02   2.4000000e+01   4.5000000e+01   4.1600000e+02   5.6000000e+01   2.8000000e+01   2.7333333e+01   1.5062500e+01   2.0000000e+00   6.0000000e+00   1.6000000e+01   7.9375000e+00
   1.0725681e+03   3.6000000e+01   5.1000000e+01   4.7300000e+02   5.4000000e+01   2.7000000e+01   2.7714286e+01   1.0629630e+01   2.0000000e+00   7.0000000e+00   2.7000000e+01   7.9259259e+00
   9.6262900e+02   3.0000000e+01   5.1000000e+01   5.7000000e+02   5.8000000e+01   2.9000000e+01   3.3142857e+01   1.6285714e+01   2.0000000e+00   7.0000000e+00   2.1000000e+01   9.2051282e+00
   1.1278597e+03   2.8000000e+01   5.0000000e+01   4.5500000e+02   5.6000000e+01   2.8000000e+01   3.2166667e+01   1.3300000e+01   2.0000000e+00   6.0000000e+00   2.0000000e+01   7.4666667e+00
   1.0426396e+03   2.9000000e+01   5.4000000e+01   5.6000000e+02   6.1000000e+01   3.0500000e+01   3.3714286e+01   1.6500000e+01   2.0000000e+00   7.0000000e+00   2.0000000e+01   9.0649351e+00
   9.3608210e+02   3.1000000e+01   4.4000000e+01   5.0500000e+02   5.9000000e+01   2.9500000e+01   3.1125000e+01   1.1666667e+01   2.0000000e+00   8.0000000e+00   2.1000000e+01   8.3913043e+00
   1.1251894e+03   3.6000000e+01   5.4000000e+01   5.6300000e+02   5.6000000e+01   2.8000000e+01   3.5833333e+01   1.2535714e+01   2.0000000e+00   6.0000000e+00   2.8000000e+01   8.2891566e+00
   1.0398342e+03   2.8000000e+01   5.8000000e+01   5.5000000e+02   5.6000000e+01   2.8000000e+01   3.8000000e+01   1.6850000e+01   2.0000000e+00   6.0000000e+00   2.0000000e+01   8.4625000e+00
   1.2013639e+03   3.8000000e+01   5.6000000e+01   5.3700000e+02   5.3000000e+01   2.6500000e+01   3.3571429e+01   1.0896552e+01   2.0000000e+00   7.0000000e+00   2.9000000e+01   7.6777778e+00
   9.8684851e+02   2.8000000e+01   5.2000000e+01   5.3500000e+02   5.3000000e+01   2.6500000e+01   3.6666667e+01   1.6050000e+01   2.0000000e+00   6.0000000e+00   2.0000000e+01   8.3333333e+00
   9.6548388e+01   6.0000000e+00   4.0000000e+00   6.7000000e+01   2.1000000e+01   9.0000000e+00   1.3000000e+01   1.4000000e+01   2.0000000e+00   2.0000000e+00   2.0000000e+00   8.6250000e+00
   7.3495358e+02   3.1000000e+01   3.7000000e+01   4.3600000e+02   5.5000000e+01   2.7500000e+01   2.4375000e+01   1.0666667e+01   2.0000000e+00   8.0000000e+00   2.1000000e+01   8.3015873e+00
   9.4607673e+01   7.0000000e+00   6.0000000e+00   5.4000000e+01   3.3000000e+01   1.6500000e+01   5.5000000e+00   4.0000000e+00   2.0000000e+00   4.0000000e+00   1.0000000e+00   7.5454545e+00
   1.0217214e+03   3.5000000e+01   4.9000000e+01   5.2500000e+02   5.7000000e+01   2.8500000e+01   3.0750000e+01   1.1320000e+01   2.0000000e+00   8.0000000e+00   2.5000000e+01   8.1898734e+00
   9.6900480e+01   5.0000000e+00   4.0000000e+00   5.5000000e+01   2.1000000e+01   8.5000000e+00   1.3000000e+01   1.5000000e+01   2.0000000e+00   2.0000000e+00   1.0000000e+00   7.8571429e+00
   1.1375081e+03   3.3000000e+01   5.5000000e+01   5.3200000e+02   5.7000000e+01   2.8500000e+01   3.0285714e+01   1.3458333e+01   2.0000000e+00   7.0000000e+00   2.4000000e+01   8.3529412e+00
   1.2438611e+03   3.5000000e+01   5.3000000e+01   4.7600000e+02   5.6000000e+01   2.8000000e+01   2.7250000e+01   1.0480000e+01   2.0000000e+00   8.0000000e+00   2.5000000e+01   7.1625000e+00
   1.1631801e+03   3.3000000e+01   6.0000000e+01   5.3800000e+02   5.8000000e+01   2.9000000e+01   2.9857143e+01   1.4208333e+01   2.0000000e+00   7.0000000e+00   2.4000000e+01   7.8837209e+00
   1.3474851e+03   3.9000000e+01   6.4000000e+01   5.8400000e+02   5.7000000e+01   2.8500000e+01   3.1875000e+01   1.1724138e+01   2.0000000e+00   8.0000000e+00   2.9000000e+01   7.4687500e+00
   2.4395059e+02   1.5000000e+01   1.7000000e+01   1.8800000e+02   4.3000000e+01   2.1500000e+01   2.0200000e+01   7.8750000e+00   2.0000000e+00   5.0000000e+00   8.0000000e+00   9.1071429e+00
   8.2903344e+02   3.3000000e+01   5.0000000e+01   5.6300000e+02   5.9000000e+01   2.9500000e+01   3.5142857e+01   1.3291667e+01   2.0000000e+00   7.0000000e+00   2.4000000e+01   9.2307692e+00
   6.7889913e+02   2.4000000e+01   4.3000000e+01   5.0300000e+02   6.2000000e+01   3.1000000e+01   3.2166667e+01   1.8437500e+01   2.0000000e+00   6.0000000e+00   1.6000000e+01   1.0062500e+01
   7.9437518e+02   3.0000000e+01   4.6000000e+01   4.4300000e+02   5.6000000e+01   2.8000000e+01   2.6714286e+01   1.1857143e+01   2.0000000e+00   7.0000000e+00   2.1000000e+01   8.4852941e+00
   9.7224188e+02   3.4000000e+01   5.1000000e+01   5.4300000e+02   5.6000000e+01   2.8000000e+01   3.2571429e+01   1.2680000e+01   2.0000000e+00   7.0000000e+00   2.5000000e+01   8.3076923e+00
   7.3776190e+01   5.0000000e+00   4.0000000e+00   6.9000000e+01   3.4000000e+01   6.0000000e+00   3.4000000e+01   1.3000000e+01   2.0000000e+00   1.0000000e+00   2.0000000e+00   9.8571429e+00
   1.0210759e+03   3.2000000e+01   4.8000000e+01   4.5800000e+02   5.4000000e+01   2.7000000e+01   3.3333333e+01   1.0916667e+01   2.0000000e+00   6.0000000e+00   2.4000000e+01   7.9864865e+00
   9.0399659e+02   2.8000000e+01   4.5000000e+01   4.0800000e+02   4.9000000e+01   2.4500000e+01   2.5571429e+01   1.2157895e+01   2.0000000e+00   7.0000000e+00   1.9000000e+01   8.0000000e+00
   9.4873417e+02   3.3000000e+01   5.0000000e+01   5.4900000e+02   5.8000000e+01   2.9000000e+01   3.2375000e+01   1.2739130e+01   2.0000000e+00   8.0000000e+00   2.3000000e+01   8.6410256e+00
   2.9623679e+02   1.6000000e+01   1.5000000e+01   1.4500000e+02   3.2000000e+01   1.6000000e+01   1.4000000e+01   6.3333333e+00   2.0000000e+00   5.0000000e+00   9.0000000e+00   8.2758621e+00
   1.0182143e+03   3.9000000e+01   4.9000000e+01   5.0900000e+02   5.3000000e+01   2.6500000e+01   3.0875000e+01   9.3793103e+00   2.0000000e+00   8.0000000e+00   2.9000000e+01   7.9761905e+00
   8.7672248e+02   3.0000000e+01   4.8000000e+01   5.0900000e+02   5.6000000e+01   2.8000000e+01   3.4142857e+01   1.3285714e+01   2.0000000e+00   7.0000000e+00   2.1000000e+01   8.7083333e+00
   1.0111288e+03   3.0000000e+01   5.1000000e+01   4.9500000e+02   5.9000000e+01   2.9500000e+01   3.0333333e+01   1.4545455e+01   2.0000000e+00   6.0000000e+00   2.2000000e+01   8.0266667e+00
   9.8416872e+01   5.0000000e+00   5.0000000e+00   5.1000000e+01   1.8000000e+01   9.0000000e+00   1.1000000e+01   1.5000000e+01   2.0000000e+00   2.0000000e+00   1.0000000e+00   6.3750000e+00
   9.5721949e+02   3.2000000e+01   4.9000000e+01   5.3800000e+02   5.2000000e+01   2.6000000e+01   3.1000000e+01   1.3727273e+01   2.0000000e+00   8.0000000e+00   2.2000000e+01   8.5064935e+00
   1.2080761e+03   3.6000000e+01   5.0000000e+01   4.5600000e+02   5.2000000e+01   2.6000000e+01   2.9714286e+01   9.7777778e+00   2.0000000e+00   7.0000000e+00   2.7000000e+01   7.1851852e+00
   1.1979774e+03   3.1000000e+01   6.0000000e+01   5.6700000e+02   5.9000000e+01   2.9500000e+01   3.1285714e+01   1.6454545e+01   2.0000000e+00   7.0000000e+00   2.2000000e+01   8.2261905e+00
   1.0921778e+03   3.5000000e+01   4.9000000e+01   4.8400000e+02   5.4000000e+01   2.7000000e+01   3.5666667e+01   1.0444444e+01   2.0000000e+00   6.0000000e+00   2.7000000e+01   7.9367089e+00
   1.2313001e+03   3.9000000e+01   6.1000000e+01   5.7700000e+02   5.7000000e+01   2.8500000e+01   3.1750000e+01   1.1793103e+01   2.0000000e+00   8.0000000e+00   2.9000000e+01   8.1595745e+00
   8.6685318e+02   3.0000000e+01   4.5000000e+01   4.7900000e+02   5.7000000e+01   2.8500000e+01   2.8000000e+01   1.2850000e+01   2.0000000e+00   8.0000000e+00   2.0000000e+01   8.7246377e+00
   1.1421275e+03   3.2000000e+01   5.7000000e+01   4.9800000e+02   5.4000000e+01   2.7000000e+01   3.1571429e+01   1.2478261e+01   2.0000000e+00   7.0000000e+00   2.3000000e+01   7.8048780e+00
   1.1135083e+03   3.2000000e+01   5.4000000e+01   5.5400000e+02   5.9000000e+01   2.9500000e+01   3.3285714e+01   1.4173913e+01   2.0000000e+00   7.0000000e+00   2.3000000e+01   8.2142857e+00
   8.0414327e+02   3.4000000e+01   4.2000000e+01   4.7200000e+02   5.6000000e+01   2.8000000e+01   3.2000000e+01   9.8400000e+00   2.0000000e+00   7.0000000e+00   2.5000000e+01   8.5072464e+00
   1.2740979e+03   3.6000000e+01   6.2000000e+01   5.8000000e+02   5.4000000e+01   2.7000000e+01   3.4285714e+01   1.3370370e+01   2.0000000e+00   7.0000000e+00   2.7000000e+01   7.9583333e+00
   1.0431369e+03   3.7000000e+01   4.9000000e+01   5.0800000e+02   5.2000000e+01   2.6000000e+01   3.1000000e+01   9.7777778e+00   2.0000000e+00   8.0000000e+00   2.7000000e+01   8.3170732e+00
   1.1190784e+03   2.9000000e+01   5.8000000e+01   5.1500000e+02   5.7000000e+01   2.8500000e+01   3.2166667e+01   1.5761905e+01   2.0000000e+00   6.0000000e+00   2.1000000e+01   7.8481013e+00
   8.7115159e+02   3.6000000e+01   5.2000000e+01   5.4700000e+02   5.8000000e+01   2.9000000e+01   3.1500000e+01   1.1538462e+01   2.0000000e+00   8.0000000e+00   2.6000000e+01   9.1851852e+00
   8.2937415e+02   2.6000000e+01   4.5000000e+01   4.8600000e+02   5.7000000e+01   2.8500000e+01   3.4833333e+01   1.5388889e+01   2.0000000e+00   6.0000000e+00   1.8000000e+01   8.8529412e+00
   1.0998401e+03   3.6000000e+01   5.3000000e+01   4.8600000e+02   4.9000000e+01   2.4500000e+01   2.7500000e+01   1.0576923e+01   2.0000000e+00   8.0000000e+00   2.6000000e+01   7.2023810e+00
   1.3764461e+03   3.8000000e+01   6.5000000e+01   5.9500000e+02   5.6000000e+01   2.8000000e+01   3.0444444e+01   1.3148148e+01   2.0000000e+00   9.0000000e+00   2.7000000e+01   7.8383838e+00
   1.1287252e+03   3.4000000e+01   5.4000000e+01   4.9800000e+02   5.1000000e+01   2.5500000e+01   3.1500000e+01   1.2730769e+01   2.0000000e+00   6.0000000e+00   2.6000000e+01   8.0941176e+00
   1.3206774e+03   3.1000000e+01   6.1000000e+01   5.0100000e+02   5.1000000e+01   2.5500000e+01   3.0666667e+01   1.4260870e+01   2.0000000e+00   6.0000000e+00   2.3000000e+01   7.4069767e+00
   1.0614702e+03   3.3000000e+01   5.9000000e+01   5.8500000e+02   6.0000000e+01   3.0000000e+01   3.5857143e+01   1.4291667e+01   2.0000000e+00   7.0000000e+00   2.4000000e+01   8.8705882e+00
   8.4203462e+02   2.6000000e+01   4.0000000e+01   3.9700000e+02   5.7000000e+01   2.8500000e+01   2.8571429e+01   1.1058824e+01   2.0000000e+00   7.0000000e+00   1.7000000e+01   8.0000000e+00
   7.5364792e+02   3.2000000e+01   4.3000000e+01   5.3800000e+02   5.7000000e+01   2.8500000e+01   3.3714286e+01   1.3130435e+01   2.0000000e+00   7.0000000e+00   2.3000000e+01   9.6571429e+00
   1.0922596e+03   3.3000000e+01   5.6000000e+01   5.2300000e+02   5.4000000e+01   2.7000000e+01   3.7166667e+01   1.2480000e+01   2.0000000e+00   6.0000000e+00   2.5000000e+01   7.9878049e+00
   1.0309353e+03   3.7000000e+01   4.8000000e+01   4.8700000e+02   5.1000000e+01   2.5500000e+01   2.5625000e+01   1.0851852e+01   2.0000000e+00   8.0000000e+00   2.7000000e+01   7.9259259e+00
   1.2936853e+03   3.4000000e+01   6.0000000e+01   5.5300000e+02   5.9000000e+01   2.9500000e+01   3.1857143e+01   1.3360000e+01   2.0000000e+00   7.0000000e+00   2.5000000e+01   7.4333333e+00
   5.0940968e+02   2.0000000e+01   2.5000000e+01   2.1000000e+02   4.4000000e+01   2.2000000e+01   1.9400000e+01   7.1538462e+00   2.0000000e+00   5.0000000e+00   1.3000000e+01   7.7560976e+00
   8.7256235e+02   2.7000000e+01   4.5000000e+01   4.1700000e+02   6.0000000e+01   3.0000000e+01   3.4666667e+01   1.0894737e+01   2.0000000e+00   6.0000000e+00   1.9000000e+01   8.5072464e+00
   1.2249356e+03   3.3000000e+01   6.0000000e+01   5.7200000e+02   5.8000000e+01   2.9000000e+01   3.0285714e+01   1.5125000e+01   2.0000000e+00   7.0000000e+00   2.4000000e+01   7.9659091e+00
   1.1051833e+03   3.4000000e+01   4.8000000e+01   5.0200000e+02   6.0000000e+01   3.0000000e+01   2.8000000e+01   1.0565217e+01   2.0000000e+00   9.0000000e+00   2.3000000e+01   7.9230769e+00
   9.4774156e+01   4.0000000e+00   3.0000000e+00   2.7000000e+01   1.8000000e+01   9.0000000e+00   5.5000000e+00   0.0000000e+00   2.0000000e+00   2.0000000e+00   0.0000000e+00   5.4000000e+00
   9.9564782e+02   3.2000000e+01   4.7000000e+01   4.3900000e+02   5.3000000e+01   2.6500000e+01   2.6000000e+01   1.1521739e+01   2.0000000e+00   7.0000000e+00   2.3000000e+01   7.5753425e+00
   9.7564743e+01   6.0000000e+00   4.0000000e+00   7.0000000e+01   2.1000000e+01   8.5000000e+00   1.3000000e+01   1.5000000e+01   2.0000000e+00   2.0000000e+00   2.0000000e+00   8.7500000e+00
   1.1374814e+03   3.6000000e+01   5.7000000e+01   5.8500000e+02   6.1000000e+01   3.0500000e+01   3.3000000e+01   1.2653846e+01   2.0000000e+00   8.0000000e+00   2.6000000e+01   8.2022472e+00
   9.4560100e+02   2.9000000e+01   4.7000000e+01   4.6400000e+02   6.0000000e+01   3.0000000e+01   2.8142857e+01   1.3250000e+01   2.0000000e+00   7.0000000e+00   2.0000000e+01   8.4459459e+00
   1.1756852e+03   3.1000000e+01   6.1000000e+01   6.0600000e+02   5.8000000e+01   2.9000000e+01   3.6166667e+01   1.7304348e+01   2.0000000e+00   6.0000000e+00   2.3000000e+01   8.4418605e+00
   7.2166528e+02   3.0000000e+01   4.0000000e+01   4.6600000e+02   5.3000000e+01   2.6500000e+01   2.6375000e+01   1.2650000e+01   2.0000000e+00   8.0000000e+00   2.0000000e+01   8.9104478e+00
   1.2201862e+03   3.6000000e+01   6.1000000e+01   5.6100000e+02   5.4000000e+01   2.7000000e+01   3.3571429e+01   1.3000000e+01   2.0000000e+00   7.0000000e+00   2.7000000e+01   8.0215054e+00
   1.0022264e+03   3.2000000e+01   5.0000000e+01   4.7700000e+02   5.4000000e+01   2.7000000e+01   2.5625000e+01   1.2500000e+01   2.0000000e+00   8.0000000e+00   2.2000000e+01   7.6712329e+00
   1.0575561e+03   3.1000000e+01   5.5000000e+01   5.4200000e+02   6.1000000e+01   3.0500000e+01   3.3500000e+01   1.5043478e+01   2.0000000e+00   6.0000000e+00   2.3000000e+01   8.7750000e+00
   4.4350111e+02   2.4000000e+01   2.6000000e+01   3.1500000e+02   4.7000000e+01   2.3500000e+01   2.7166667e+01   8.3750000e+00   2.0000000e+00   6.0000000e+00   1.6000000e+01   9.1914894e+00
   7.8298950e+02   2.9000000e+01   3.7000000e+01   4.5500000e+02   5.5000000e+01   2.7500000e+01   3.5000000e+01   1.1380952e+01   2.0000000e+00   6.0000000e+00   2.1000000e+01   8.2656250e+00
   8.7628670e+02   3.0000000e+01   4.6000000e+01   5.3800000e+02   6.4000000e+01   3.2000000e+01   3.4714286e+01   1.3619048e+01   2.0000000e+00   7.0000000e+00   2.1000000e+01   8.8767123e+00
   8.5565107e+02   3.1000000e+01   4.1000000e+01   4.5200000e+02   5.8000000e+01   2.9000000e+01   2.5333333e+01   1.0650000e+01   2.0000000e+00   9.0000000e+00   2.0000000e+01   8.5147059e+00
   1.1929126e+03   3.4000000e+01   5.7000000e+01   5.7300000e+02   5.4000000e+01   2.7000000e+01   3.1875000e+01   1.3708333e+01   2.0000000e+00   8.0000000e+00   2.4000000e+01   7.8604651e+00
   9.7479316e+02   3.5000000e+01   4.8000000e+01   4.7800000e+02   5.1000000e+01   2.5500000e+01   2.2300000e+01   1.1608696e+01   2.0000000e+00   1.0000000e+01   2.3000000e+01   8.0266667e+00
   1.1603442e+03   3.2000000e+01   5.7000000e+01   5.1700000e+02   5.4000000e+01   2.7000000e+01   3.1857143e+01   1.3217391e+01   2.0000000e+00   7.0000000e+00   2.3000000e+01   7.6309524e+00
   9.2565702e+01   7.0000000e+00   5.0000000e+00   8.4000000e+01   2.9000000e+01   5.0000000e+00   2.9000000e+01   1.2250000e+01   2.0000000e+00   1.0000000e+00   4.0000000e+00   8.6000000e+00
   4.4023762e+02   1.7000000e+01   2.0000000e+01   1.6800000e+02   3.5000000e+01   1.7500000e+01   1.9400000e+01   5.5000000e+00   2.0000000e+00   5.0000000e+00   1.0000000e+01   6.9117647e+00
   1.1737556e+03   3.9000000e+01   5.8000000e+01   5.6800000e+02   6.0000000e+01   3.0000000e+01   3.3375000e+01   1.0724138e+01   2.0000000e+00   8.0000000e+00   2.9000000e+01   8.1739130e+00
   1.1689452e+03   3.3000000e+01   6.1000000e+01   6.1000000e+02   5.8000000e+01   2.9000000e+01   3.2250000e+01   1.5869565e+01   2.0000000e+00   8.0000000e+00   2.3000000e+01   8.2777778e+00
   8.0849163e+02   2.7000000e+01   4.9000000e+01   5.3800000e+02   5.6000000e+01   2.8000000e+01   3.7500000e+01   1.6631579e+01   2.0000000e+00   6.0000000e+00   1.9000000e+01   9.5342466e+00
   7.7322462e+02   3.0000000e+01   4.2000000e+01   4.4500000e+02   5.6000000e+01   2.8000000e+01   2.8857143e+01   1.1571429e+01   2.0000000e+00   7.0000000e+00   2.1000000e+01   8.6086957e+00
   9.7180251e+02   3.3000000e+01   4.7000000e+01   5.0500000e+02   5.7000000e+01   2.8500000e+01   3.2857143e+01   1.1541667e+01   2.0000000e+00   7.0000000e+00   2.4000000e+01   7.8961039e+00
   9.9881077e+02   3.0000000e+01   4.7000000e+01   4.5000000e+02   5.6000000e+01   2.8000000e+01   2.4375000e+01   1.2550000e+01   2.0000000e+00   8.0000000e+00   2.0000000e+01   7.5753425e+00
   8.8409578e+02   3.1000000e+01   4.3000000e+01   4.3900000e+02   5.1000000e+01   2.5500000e+01   2.8666667e+01   1.1826087e+01   2.0000000e+00   6.0000000e+00   2.3000000e+01   8.1142857e+00
   8.3171709e+02   2.7000000e+01   4.1000000e+01   3.8400000e+02   5.2000000e+01   2.6000000e+01   2.6857143e+01   1.0611111e+01   2.0000000e+00   7.0000000e+00   1.8000000e+01   7.7656250e+00
   1.0402806e+03   3.4000000e+01   5.2000000e+01   5.2000000e+02   5.5000000e+01   2.7500000e+01   2.8875000e+01   1.2041667e+01   2.0000000e+00   8.0000000e+00   2.4000000e+01   7.9634146e+00
   7.6165887e+02   2.6000000e+01   4.1000000e+01   4.2700000e+02   5.6000000e+01   2.8000000e+01   2.6571429e+01   1.3411765e+01   2.0000000e+00   7.0000000e+00   1.7000000e+01   8.2222222e+00
   9.0733314e+02   2.8000000e+01   4.4000000e+01   4.6100000e+02   5.6000000e+01   2.8000000e+01   2.9142857e+01   1.3315789e+01   2.0000000e+00   7.0000000e+00   1.9000000e+01   8.2173913e+00
   1.2720806e+03   3.8000000e+01   6.3000000e+01   5.6100000e+02   5.7000000e+01   2.8500000e+01   3.3285714e+01   1.2000000e+01   2.0000000e+00   7.0000000e+00   2.9000000e+01   7.7755102e+00
   9.2971691e+02   3.6000000e+01   5.2000000e+01   5.5900000e+02   5.6000000e+01   2.8000000e+01   3.0375000e+01   1.2153846e+01   2.0000000e+00   8.0000000e+00   2.6000000e+01   8.7073171e+00
   9.7129548e+01   6.0000000e+00   4.0000000e+00   7.8000000e+01   3.0000000e+01   5.5000000e+00   3.0000000e+01   1.3333333e+01   2.0000000e+00   1.0000000e+00   3.0000000e+00   9.7500000e+00
   1.0175356e+03   2.9000000e+01   5.2000000e+01   5.0000000e+02   5.7000000e+01   2.8500000e+01   3.1666667e+01   1.4904762e+01   2.0000000e+00   6.0000000e+00   2.1000000e+01   8.4657534e+00
   1.2029901e+02   6.0000000e+00   4.0000000e+00   4.0000000e+01   2.3000000e+01   1.1500000e+01   5.0000000e+00   0.0000000e+00   2.0000000e+00   4.0000000e+00   0.0000000e+00   5.0000000e+00
   1.0860386e+03   3.9000000e+01   5.8000000e+01   5.8700000e+02   5.4000000e+01   2.7000000e+01   2.8100000e+01   1.1740741e+01   2.0000000e+00   1.0000000e+01   2.7000000e+01   8.3626374e+00
   1.1419662e+03   3.5000000e+01   5.6000000e+01   5.3000000e+02   5.9000000e+01   2.9500000e+01   2.7000000e+01   1.2760000e+01   2.0000000e+00   8.0000000e+00   2.5000000e+01   8.3452381e+00
   1.3247083e+03   4.2000000e+01   6.5000000e+01   5.7200000e+02   5.5000000e+01   2.7500000e+01   2.7400000e+01   1.0666667e+01   2.0000000e+00   1.0000000e+01   3.0000000e+01   7.5102041e+00
   8.9746931e+02   3.6000000e+01   4.7000000e+01   5.3000000e+02   5.5000000e+01   2.7500000e+01   3.2875000e+01   1.0269231e+01   2.0000000e+00   8.0000000e+00   2.6000000e+01   9.0125000e+00
   9.6314683e+02   2.7000000e+01   4.8000000e+01   4.5400000e+02   5.3000000e+01   2.6500000e+01   2.9142857e+01   1.4055556e+01   2.0000000e+00   7.0000000e+00   1.8000000e+01   7.9859155e+00
   7.6175010e+02   2.9000000e+01   4.3000000e+01   4.4300000e+02   5.8000000e+01   2.9000000e+01   2.7750000e+01   1.1263158e+01   2.0000000e+00   8.0000000e+00   1.9000000e+01   8.6000000e+00
   1.2445558e+03   3.6000000e+01   5.9000000e+01   5.2600000e+02   5.8000000e+01   2.9000000e+01   3.3000000e+01   1.1518519e+01   2.0000000e+00   7.0000000e+00   2.7000000e+01   7.9545455e+00
   6.7352528e+02   2.4000000e+01   3.5000000e+01   3.4600000e+02   5.0000000e+01   2.5000000e+01   2.6166667e+01   1.1375000e+01   2.0000000e+00   6.0000000e+00   1.6000000e+01   8.0740741e+00
   1.0835389e+03   3.5000000e+01   5.4000000e+01   5.2800000e+02   5.3000000e+01   2.6500000e+01   3.0714286e+01   1.2423077e+01   2.0000000e+00   7.0000000e+00   2.6000000e+01   8.0117647e+00
   9.4291856e+02   3.0000000e+01   5.5000000e+01   5.6500000e+02   5.5000000e+01   2.7500000e+01   3.7000000e+01   1.6272727e+01   2.0000000e+00   6.0000000e+00   2.2000000e+01   9.1392405e+00
   9.9603996e+02   3.6000000e+01   5.7000000e+01   6.0300000e+02   5.9000000e+01   2.9500000e+01   3.1222222e+01   1.3480000e+01   2.0000000e+00   9.0000000e+00   2.5000000e+01   8.8160920e+00
   9.9479220e+01   5.0000000e+00   4.0000000e+00   6.5000000e+01   2.1000000e+01   6.0000000e+00   2.1000000e+01   1.7500000e+01   2.0000000e+00   1.0000000e+00   2.0000000e+00   9.2857143e+00
   1.1699196e+03   3.2000000e+01   5.6000000e+01   4.9600000e+02   5.5000000e+01   2.7500000e+01   2.9750000e+01   1.2136364e+01   2.0000000e+00   8.0000000e+00   2.2000000e+01   7.8536585e+00
   8.2054281e+02   2.8000000e+01   4.5000000e+01   4.5100000e+02   5.1000000e+01   2.5500000e+01   2.9714286e+01   1.2947368e+01   2.0000000e+00   7.0000000e+00   1.9000000e+01   8.5294118e+00
   1.4980337e+02   1.1000000e+01   1.1000000e+01   1.4000000e+02   3.3000000e+01   1.6500000e+01   1.8000000e+01   9.0000000e+00   2.0000000e+00   4.0000000e+00   5.0000000e+00   1.0600000e+01
   7.3495358e+02   3.1000000e+01   3.7000000e+01   4.3600000e+02   5.5000000e+01   2.7500000e+01   2.4375000e+01   1.0666667e+01   2.0000000e+00   8.0000000e+00   2.1000000e+01   8.3015873e+00
   1.1789921e+03   3.4000000e+01   6.1000000e+01   5.5700000e+02   5.7000000e+01   2.8500000e+01   3.2714286e+01   1.3640000e+01   2.0000000e+00   7.0000000e+00   2.5000000e+01   7.8444444e+00
   9.8902382e+02   4.3000000e+01   5.1000000e+01   5.5500000e+02   5.3000000e+01   2.6500000e+01   2.8555556e+01   9.9687500e+00   2.0000000e+00   9.0000000e+00   3.2000000e+01   8.3707865e+00
   7.7941284e+02   3.2000000e+01   4.4000000e+01   5.0800000e+02   5.9000000e+01   2.9500000e+01   3.3428571e+01   1.1391304e+01   2.0000000e+00   7.0000000e+00   2.3000000e+01   8.6901408e+00
   9.6584930e+02   3.3000000e+01   4.8000000e+01   4.6000000e+02   5.4000000e+01   2.7000000e+01   2.5500000e+01   1.1304348e+01   2.0000000e+00   8.0000000e+00   2.3000000e+01   7.4133333e+00
   1.2927058e+03   3.5000000e+01   6.2000000e+01   5.6200000e+02   5.6000000e+01   2.8000000e+01   3.0625000e+01   1.3360000e+01   2.0000000e+00   8.0000000e+00   2.5000000e+01   7.8387097e+00
   1.1478008e+03   3.1000000e+01   5.6000000e+01   4.9100000e+02   5.8000000e+01   2.9000000e+01   2.9142857e+01   1.3090909e+01   2.0000000e+00   7.0000000e+00   2.2000000e+01   7.6987952e+00
   8.4164617e+02   3.2000000e+01   4.1000000e+01   4.9000000e+02   5.8000000e+01   2.9000000e+01   2.9500000e+01   1.1090909e+01   2.0000000e+00   8.0000000e+00   2.2000000e+01   9.0281690e+00
   9.6067920e+01   5.0000000e+00   4.0000000e+00   4.8000000e+01   1.8000000e+01   9.0000000e+00   1.1500000e+01   1.1000000e+01   2.0000000e+00   2.0000000e+00   1.0000000e+00   7.0000000e+00
   4.5741732e+02   1.8000000e+01   2.7000000e+01   2.8900000e+02   5.3000000e+01   2.6500000e+01   2.5400000e+01   1.2272727e+01   2.0000000e+00   5.0000000e+00   1.1000000e+01   8.0952381e+00
   8.6977859e+02   2.8000000e+01   4.6000000e+01   4.7700000e+02   5.8000000e+01   2.9000000e+01   2.9333333e+01   1.4500000e+01   2.0000000e+00   6.0000000e+00   2.0000000e+01   8.5882353e+00
   1.0112713e+03   3.2000000e+01   4.5000000e+01   4.0300000e+02   5.3000000e+01   2.6500000e+01   2.2125000e+01   1.0272727e+01   2.0000000e+00   8.0000000e+00   2.2000000e+01   7.8714286e+00
   4.7973573e+02   1.7000000e+01   2.6000000e+01   2.0800000e+02   4.5000000e+01   2.2500000e+01   2.2000000e+01   9.0909091e+00   2.0000000e+00   4.0000000e+00   1.1000000e+01   7.8750000e+00
   1.3668639e+03   3.5000000e+01   6.2000000e+01   5.4700000e+02   5.7000000e+01   2.8500000e+01   2.6750000e+01   1.3920000e+01   2.0000000e+00   8.0000000e+00   2.5000000e+01   7.3440860e+00
   8.4496638e+02   3.2000000e+01   4.4000000e+01   5.3500000e+02   5.6000000e+01   2.8000000e+01   2.8555556e+01   1.3047619e+01   2.0000000e+00   9.0000000e+00   2.1000000e+01   9.0845070e+00
   9.3029758e+02   2.8000000e+01   4.5000000e+01   4.0100000e+02   5.5000000e+01   2.7500000e+01   2.5857143e+01   1.1052632e+01   2.0000000e+00   7.0000000e+00   1.9000000e+01   7.3043478e+00
   1.2305383e+03   3.7000000e+01   5.9000000e+01   5.5700000e+02   5.3000000e+01   2.6500000e+01   3.2714286e+01   1.2321429e+01   2.0000000e+00   7.0000000e+00   2.8000000e+01   7.8351648e+00
   2.9623679e+02   1.6000000e+01   1.5000000e+01   1.4500000e+02   3.2000000e+01   1.6000000e+01   1.4000000e+01   6.3333333e+00   2.0000000e+00   5.0000000e+00   9.0000000e+00   8.2758621e+00
   1.0292295e+03   3.5000000e+01   5.4000000e+01   5.3400000e+02   5.7000000e+01   2.8500000e+01   3.4285714e+01   1.1384615e+01   2.0000000e+00   7.0000000e+00   2.6000000e+01   8.2439024e+00
   1.1311388e+03   3.2000000e+01   5.9000000e+01   6.1100000e+02   5.8000000e+01   2.9000000e+01   3.4571429e+01   1.6521739e+01   2.0000000e+00   7.0000000e+00   2.3000000e+01   9.0229885e+00
   9.7257323e+01   6.0000000e+00   4.0000000e+00   6.3000000e+01   2.2000000e+01   6.0000000e+00   1.7000000e+01   1.0000000e+01   2.0000000e+00   2.0000000e+00   2.0000000e+00   7.8750000e+00
   6.3053692e+02   2.4000000e+01   3.1000000e+01   3.2200000e+02   5.0000000e+01   2.5000000e+01   2.1714286e+01   1.0333333e+01   2.0000000e+00   7.0000000e+00   1.5000000e+01   8.0961538e+00
   1.0112335e+03   3.0000000e+01   5.2000000e+01   4.8500000e+02   5.8000000e+01   2.9000000e+01   3.5000000e+01   1.3521739e+01   2.0000000e+00   5.0000000e+00   2.3000000e+01   8.1973684e+00
   9.4425418e+02   2.9000000e+01   4.5000000e+01   5.0000000e+02   6.1000000e+01   3.0500000e+01   3.0285714e+01   1.3950000e+01   2.0000000e+00   7.0000000e+00   2.0000000e+01   8.3239437e+00
   1.1309257e+03   3.5000000e+01   5.2000000e+01   4.7600000e+02   5.5000000e+01   2.7500000e+01   2.5444444e+01   1.0333333e+01   2.0000000e+00   9.0000000e+00   2.4000000e+01   7.7777778e+00
   1.2123681e+02   5.0000000e+00   4.0000000e+00   3.7000000e+01   2.4000000e+01   1.2000000e+01   5.3333333e+00   0.0000000e+00   2.0000000e+00   3.0000000e+00   0.0000000e+00   5.2857143e+00
   1.2655946e+03   3.5000000e+01   5.9000000e+01   4.8700000e+02   5.5000000e+01   2.7500000e+01   2.6571429e+01   1.2076923e+01   2.0000000e+00   7.0000000e+00   2.6000000e+01   7.1954023e+00
   1.3335928e+03   4.0000000e+01   6.6000000e+01   6.2400000e+02   5.8000000e+01   2.9000000e+01   3.2000000e+01   1.2833333e+01   2.0000000e+00   8.0000000e+00   3.0000000e+01   7.8415842e+00
   1.0137433e+03   3.6000000e+01   5.2000000e+01   5.9100000e+02   5.9000000e+01   2.9500000e+01   3.3375000e+01   1.2346154e+01   2.0000000e+00   8.0000000e+00   2.6000000e+01   9.0853659e+00
   7.4111145e+02   2.9000000e+01   3.9000000e+01   4.6400000e+02   5.6000000e+01   2.8000000e+01   3.6000000e+01   1.1857143e+01   2.0000000e+00   6.0000000e+00   2.1000000e+01   9.6093750e+00
   9.9118718e+02   3.3000000e+01   4.6000000e+01   4.9400000e+02   5.6000000e+01   2.8000000e+01   2.7750000e+01   1.1608696e+01   2.0000000e+00   8.0000000e+00   2.3000000e+01   8.1710526e+00
   1.2740979e+03   3.6000000e+01   6.2000000e+01   5.8000000e+02   5.4000000e+01   2.7000000e+01   3.4285714e+01   1.3370370e+01   2.0000000e+00   7.0000000e+00   2.7000000e+01   7.9583333e+00
   1.0876671e+03   3.3000000e+01   6.0000000e+01   5.7100000e+02   5.7000000e+01   2.8500000e+01   3.2125000e+01   1.4130435e+01   2.0000000e+00   8.0000000e+00   2.3000000e+01   8.6162791e+00
   1.1552439e+03   3.5000000e+01   5.7000000e+01   5.9400000e+02   5.8000000e+01   2.9000000e+01   3.1250000e+01   1.4240000e+01   2.0000000e+00   8.0000000e+00   2.5000000e+01   8.4022989e+00
   1.3413024e+03   3.4000000e+01   6.6000000e+01   5.9500000e+02   5.8000000e+01   2.9000000e+01   3.1714286e+01   1.5640000e+01   2.0000000e+00   7.0000000e+00   2.5000000e+01   7.8969072e+00
   9.1396873e+02   2.6000000e+01   4.6000000e+01   4.8900000e+02   6.0000000e+01   3.0000000e+01   3.4000000e+01   1.5222222e+01   2.0000000e+00   6.0000000e+00   1.8000000e+01   8.7462687e+00
   6.6912587e+02   2.8000000e+01   3.7000000e+01   3.6900000e+02   5.1000000e+01   2.5500000e+01   2.9333333e+01   9.5500000e+00   2.0000000e+00   6.0000000e+00   2.0000000e+01   8.1475410e+00
   1.1494390e+03   4.0000000e+01   5.1000000e+01   5.5900000e+02   5.2000000e+01   2.6000000e+01   2.9666667e+01   1.0275862e+01   2.0000000e+00   9.0000000e+00   2.9000000e+01   7.7356322e+00
   1.0757757e+03   3.4000000e+01   5.8000000e+01   5.3900000e+02   5.7000000e+01   2.8500000e+01   3.3285714e+01   1.2480000e+01   2.0000000e+00   7.0000000e+00   2.5000000e+01   8.3720930e+00
   1.3055308e+03   3.4000000e+01   6.1000000e+01   5.6200000e+02   5.5000000e+01   2.7500000e+01   3.3000000e+01   1.3880000e+01   2.0000000e+00   7.0000000e+00   2.5000000e+01   7.8369565e+00
   1.1147980e+03   3.2000000e+01   5.5000000e+01   4.9800000e+02   5.8000000e+01   2.9000000e+01   3.0571429e+01   1.2521739e+01   2.0000000e+00   7.0000000e+00   2.3000000e+01   8.0123457e+00
   9.9050344e+02   3.2000000e+01   5.4000000e+01   4.8500000e+02   5.5000000e+01   2.7500000e+01   3.1000000e+01   1.2347826e+01   2.0000000e+00   7.0000000e+00   2.3000000e+01   7.8987342e+00
   1.4784107e+03   4.0000000e+01   6.9000000e+01   6.0200000e+02   5.3000000e+01   2.6500000e+01   3.4000000e+01   1.1633333e+01   2.0000000e+00   8.0000000e+00   3.0000000e+01   7.6568627e+00
   8.1646870e+02   2.9000000e+01   3.9000000e+01   3.9700000e+02   5.1000000e+01   2.5500000e+01   2.9166667e+01   1.0476190e+01   2.0000000e+00   6.0000000e+00   2.1000000e+01   8.3384615e+00
   7.0821607e+02   3.1000000e+01   4.3000000e+01   5.3300000e+02   5.7000000e+01   2.8500000e+01   3.2125000e+01   1.2904762e+01   2.0000000e+00   8.0000000e+00   2.1000000e+01   1.0098592e+01
   9.4774156e+01   4.0000000e+00   3.0000000e+00   2.5000000e+01   1.1000000e+01   5.0000000e+00   1.1000000e+01   6.0000000e+00   2.0000000e+00   1.0000000e+00   1.0000000e+00   5.0000000e+00
   1.0045243e+03   3.9000000e+01   4.9000000e+01   5.5200000e+02   5.3000000e+01   2.6500000e+01   3.0888889e+01   1.0107143e+01   2.0000000e+00   9.0000000e+00   2.8000000e+01   8.1547619e+00
   8.8531987e+02   2.7000000e+01   4.3000000e+01   4.3000000e+02   5.9000000e+01   2.9500000e+01   2.5166667e+01   1.4263158e+01   2.0000000e+00   6.0000000e+00   1.9000000e+01   8.3870968e+00
   1.0158765e+03   2.9000000e+01   5.3000000e+01   4.8700000e+02   5.4000000e+01   2.7000000e+01   3.1666667e+01   1.4333333e+01   2.0000000e+00   6.0000000e+00   2.1000000e+01   8.5333333e+00
   1.2506424e+03   3.6000000e+01   5.6000000e+01   5.0500000e+02   5.4000000e+01   2.7000000e+01   2.9714286e+01   1.1740741e+01   2.0000000e+00   7.0000000e+00   2.7000000e+01   7.0459770e+00
   1.4101650e+03   3.6000000e+01   6.7000000e+01   6.1300000e+02   5.9000000e+01   2.9500000e+01   3.5000000e+01   1.4185185e+01   2.0000000e+00   7.0000000e+00   2.7000000e+01   7.7628866e+00
   2.0038275e+02   1.1000000e+01   1.3000000e+01   8.7000000e+01   3.1000000e+01   1.5500000e+01   1.1250000e+01   4.6000000e+00   2.0000000e+00   4.0000000e+00   5.0000000e+00   6.4500000e+00
   6.7929839e+02   2.6000000e+01   3.9000000e+01   4.6900000e+02   6.2000000e+01   3.1000000e+01   2.9428571e+01   1.4529412e+01   2.0000000e+00   7.0000000e+00   1.7000000e+01   9.0806452e+00
   9.0889421e+02   3.9000000e+01   4.3000000e+01   4.6700000e+02   5.2000000e+01   2.6000000e+01   2.5100000e+01   8.1851852e+00   2.0000000e+00   1.0000000e+01   2.7000000e+01   7.8181818e+00
   8.8348778e+02   3.0000000e+01   4.4000000e+01   4.8600000e+02   5.6000000e+01   2.8000000e+01   3.0142857e+01   1.2761905e+01   2.0000000e+00   7.0000000e+00   2.1000000e+01   8.6142857e+00
   1.1073514e+03   3.1000000e+01   5.2000000e+01   4.9600000e+02   5.3000000e+01   2.6500000e+01   3.1000000e+01   1.2818182e+01   2.0000000e+00   7.0000000e+00   2.2000000e+01   7.7179487e+00
   1.0056691e+03   3.2000000e+01   5.0000000e+01   4.6400000e+02   5.8000000e+01   2.9000000e+01   3.3500000e+01   1.0958333e+01   2.0000000e+00   6.0000000e+00   2.4000000e+01   7.9066667e+00
   1.1478865e+03   3.8000000e+01   6.1000000e+01   5.4800000e+02   5.9000000e+01   2.9500000e+01   3.0625000e+01   1.1178571e+01   2.0000000e+00   8.0000000e+00   2.8000000e+01   7.8723404e+00
   7.9660712e+02   2.4000000e+01   4.6000000e+01   4.8500000e+02   5.9000000e+01   2.9500000e+01   3.3666667e+01   1.7375000e+01   2.0000000e+00   6.0000000e+00   1.6000000e+01   9.0769231e+00
   1.3192496e+03   3.4000000e+01   6.3000000e+01   5.6600000e+02   5.8000000e+01   2.9000000e+01   3.3857143e+01   1.3680000e+01   2.0000000e+00   7.0000000e+00   2.5000000e+01   8.0531915e+00
   1.1896320e+03   3.3000000e+01   6.0000000e+01   6.1200000e+02   6.2000000e+01   3.1000000e+01   3.6428571e+01   1.4958333e+01   2.0000000e+00   7.0000000e+00   2.4000000e+01   8.6179775e+00
   1.0001730e+03   2.9000000e+01   5.6000000e+01   5.1800000e+02   5.9000000e+01   2.9500000e+01   3.3500000e+01   1.5190476e+01   2.0000000e+00   6.0000000e+00   2.1000000e+01   8.4487179e+00
   1.2861444e+03   3.5000000e+01   6.2000000e+01   5.7500000e+02   5.7000000e+01   2.8500000e+01   3.4714286e+01   1.3038462e+01   2.0000000e+00   7.0000000e+00   2.6000000e+01   7.8478261e+00
   9.7128060e+01   5.0000000e+00   4.0000000e+00   5.7000000e+01   2.3000000e+01   8.0000000e+00   1.3500000e+01   1.7000000e+01   2.0000000e+00   2.0000000e+00   1.0000000e+00   8.1428571e+00
   1.0516619e+03   4.1000000e+01   5.1000000e+01   5.1600000e+02   5.1000000e+01   2.5500000e+01   3.0444444e+01   8.4666667e+00   2.0000000e+00   9.0000000e+00   3.0000000e+01   7.7142857e+00
   9.7479316e+02   3.5000000e+01   4.8000000e+01   4.7800000e+02   5.1000000e+01   2.5500000e+01   2.2300000e+01   1.1608696e+01   2.0000000e+00   1.0000000e+01   2.3000000e+01   8.0266667e+00
   1.0282444e+03   3.4000000e+01   5.8000000e+01   6.1000000e+02   5.9000000e+01   2.9500000e+01   3.2625000e+01   1.4791667e+01   2.0000000e+00   8.0000000e+00   2.4000000e+01   8.8222222e+00
   1.2220606e+03   3.7000000e+01   6.3000000e+01   5.7700000e+02   5.6000000e+01   2.8000000e+01   3.3375000e+01   1.2222222e+01   2.0000000e+00   8.0000000e+00   2.7000000e+01   7.6413043e+00
   9.7193538e+01   5.0000000e+00   3.0000000e+00   2.8000000e+01   1.6000000e+01   8.0000000e+00   4.6666667e+00   0.0000000e+00   2.0000000e+00   3.0000000e+00   0.0000000e+00   4.6666667e+00
   7.0787189e+02   3.1000000e+01   4.0000000e+01   3.9200000e+02   5.7000000e+01   2.8500000e+01   2.5125000e+01   9.0000000e+00   2.0000000e+00   8.0000000e+00   2.1000000e+01   8.1250000e+00
   1.0545353e+03   3.2000000e+01   5.6000000e+01   5.0100000e+02   5.4000000e+01   2.7000000e+01   3.0000000e+01   1.2956522e+01   2.0000000e+00   7.0000000e+00   2.3000000e+01   8.1688312e+00
   3.4708055e+02   2.2000000e+01   2.1000000e+01   2.2400000e+02   3.9000000e+01   1.9500000e+01   1.7428571e+01   6.7692308e+00   2.0000000e+00   7.0000000e+00   1.3000000e+01   8.0000000e+00
   6.6920639e+02   3.0000000e+01   3.7000000e+01   4.2100000e+02   5.1000000e+01   2.5500000e+01   2.5000000e+01   1.0650000e+01   2.0000000e+00   8.0000000e+00   2.0000000e+01   8.6349206e+00
   1.0368572e+03   3.2000000e+01   4.7000000e+01   4.4800000e+02   5.1000000e+01   2.5500000e+01   2.2888889e+01   1.1571429e+01   2.0000000e+00   9.0000000e+00   2.1000000e+01   7.6533333e+00
   6.7616173e+02   2.6000000e+01   3.9000000e+01   4.5400000e+02   5.7000000e+01   2.8500000e+01   3.3500000e+01   1.3222222e+01   2.0000000e+00   6.0000000e+00   1.8000000e+01   9.4745763e+00
   1.2891398e+03   3.7000000e+01   6.3000000e+01   5.6000000e+02   5.8000000e+01   2.9000000e+01   3.4428571e+01   1.1678571e+01   2.0000000e+00   7.0000000e+00   2.8000000e+01   7.9032258e+00
   8.4791948e+02   2.7000000e+01   4.6000000e+01   5.5400000e+02   6.0000000e+01   3.0000000e+01   3.8666667e+01   1.6421053e+01   2.0000000e+00   6.0000000e+00   1.9000000e+01   9.2794118e+00
   9.1931232e+02   3.0000000e+01   4.8000000e+01   5.1400000e+02   5.5000000e+01   2.7500000e+01   3.4571429e+01   1.3095238e+01   2.0000000e+00   7.0000000e+00   2.1000000e+01   9.0136986e+00
   9.6046559e+02   3.2000000e+01   5.1000000e+01   5.0400000e+02   5.6000000e+01   2.8000000e+01   3.5000000e+01   1.2125000e+01   2.0000000e+00   6.0000000e+00   2.4000000e+01   8.3466667e+00
   9.3520780e+02   3.1000000e+01   5.1000000e+01   4.7200000e+02   5.6000000e+01   2.8000000e+01   2.8857143e+01   1.2363636e+01   2.0000000e+00   7.0000000e+00   2.2000000e+01   8.2702703e+00
   1.0351435e+03   3.2000000e+01   5.1000000e+01   5.0500000e+02   5.7000000e+01   2.8500000e+01   2.8375000e+01   1.2454545e+01   2.0000000e+00   8.0000000e+00   2.2000000e+01   8.1153846e+00
   3.7382630e+02   1.8000000e+01   2.1000000e+01   2.5000000e+02   4.6000000e+01   2.3000000e+01   2.5800000e+01   8.9090909e+00   2.0000000e+00   5.0000000e+00   1.1000000e+01   8.2285714e+00
   9.0733314e+02   2.8000000e+01   4.4000000e+01   4.6100000e+02   5.6000000e+01   2.8000000e+01   2.9142857e+01   1.3315789e+01   2.0000000e+00   7.0000000e+00   1.9000000e+01   8.2173913e+00
   1.5391403e+02   1.1000000e+01   1.0000000e+01   1.4900000e+02   4.3000000e+01   2.1500000e+01   2.1000000e+01   8.6666667e+00   2.0000000e+00   3.0000000e+00   6.0000000e+00   1.0789474e+01
   1.2720806e+03   3.8000000e+01   6.3000000e+01   5.6100000e+02   5.7000000e+01   2.8500000e+01   3.3285714e+01   1.2000000e+01   2.0000000e+00   7.0000000e+00   2.9000000e+01   7.7755102e+00
