   1.1204453e+03   3.2000000e+01   4.1000000e+01   5.0800000e+02   5.4000000e+01   2.7000000e+01   3.3142857e+01   1.1652174e+01   2.0000000e+00   7.0000000e+00   2.3000000e+01   8.9710145e+00
   1.4141143e+03   3.0000000e+01   5.2000000e+01   5.1700000e+02   5.2000000e+01   2.6000000e+01   3.2714286e+01   1.4428571e+01   2.0000000e+00   7.0000000e+00   2.1000000e+01   8.5131579e+00
   1.5990771e+03   3.8000000e+01   5.6000000e+01   5.4800000e+02   5.3000000e+01   2.6500000e+01   2.7777778e+01   1.1370370e+01   2.0000000e+00   9.0000000e+00   2.7000000e+01   8.2906977e+00
   1.6532364e+03   3.0000000e+01   5.5000000e+01   5.0800000e+02   5.4000000e+01   2.7000000e+01   3.3857143e+01   1.3333333e+01   2.0000000e+00   7.0000000e+00   2.1000000e+01   8.0487805e+00
   1.4284181e+03   2.9000000e+01   5.4000000e+01   5.7700000e+02   6.3000000e+01   3.1500000e+01   3.8333333e+01   1.6190476e+01   2.0000000e+00   6.0000000e+00   2.1000000e+01   8.9610390e+00
   1.5378818e+03   2.7000000e+01   5.7000000e+01   5.6100000e+02   6.1000000e+01   3.0500000e+01   4.0000000e+01   1.7850000e+01   2.0000000e+00   5.0000000e+00   2.0000000e+01   8.5750000e+00
   1.9417840e+03   3.8000000e+01   6.0000000e+01   5.7500000e+02   5.6000000e+01   2.8000000e+01   3.0000000e+01   1.2357143e+01   2.0000000e+00   8.0000000e+00   2.8000000e+01   8.1562500e+00
   2.1516653e+03   3.8000000e+01   6.8000000e+01   5.8900000e+02   5.6000000e+01   2.8000000e+01   3.4571429e+01   1.2793103e+01   2.0000000e+00   7.0000000e+00   2.9000000e+01   7.7156863e+00
   1.2198037e+03   2.6000000e+01   4.4000000e+01   4.9800000e+02   6.5000000e+01   3.2500000e+01   2.8625000e+01   1.6250000e+01   2.0000000e+00   8.0000000e+00   1.6000000e+01   9.2941176e+00
   1.6179752e+03   3.6000000e+01   5.7000000e+01   5.2600000e+02   5.4000000e+01   2.7000000e+01   2.8250000e+01   1.1923077e+01   2.0000000e+00   8.0000000e+00   2.6000000e+01   8.1494253e+00
   1.6665448e+03   3.2000000e+01   5.8000000e+01   5.7200000e+02   6.0000000e+01   3.0000000e+01   3.4428571e+01   1.4652174e+01   2.0000000e+00   7.0000000e+00   2.3000000e+01   8.3448276e+00
   1.6307640e+03   3.0000000e+01   5.2000000e+01   5.1300000e+02   5.9000000e+01   2.9500000e+01   3.3000000e+01   1.3619048e+01   2.0000000e+00   7.0000000e+00   2.1000000e+01   8.1710526e+00
   1.9074704e+03   2.8000000e+01   6.3000000e+01   5.5000000e+02   5.8000000e+01   2.9000000e+01   3.8800000e+01   1.7238095e+01   2.0000000e+00   5.0000000e+00   2.1000000e+01   7.8235294e+00
   1.5658666e+03   3.4000000e+01   6.0000000e+01   5.6400000e+02   6.0000000e+01   3.0000000e+01   2.9875000e+01   1.4125000e+01   2.0000000e+00   8.0000000e+00   2.4000000e+01   8.6823529e+00
   1.7122374e+03   3.2000000e+01   6.4000000e+01   5.8700000e+02   6.1000000e+01   3.0500000e+01   3.4571429e+01   1.5826087e+01   2.0000000e+00   7.0000000e+00   2.3000000e+01   8.4347826e+00
   1.4240830e+03   3.3000000e+01   5.0000000e+01   5.6800000e+02   5.5000000e+01   2.7500000e+01   3.5833333e+01   1.4640000e+01   2.0000000e+00   6.0000000e+00   2.5000000e+01   8.8205128e+00
   1.6575626e+03   3.5000000e+01   5.3000000e+01   5.1200000e+02   5.4000000e+01   2.7000000e+01   2.9428571e+01   1.2115385e+01   2.0000000e+00   7.0000000e+00   2.6000000e+01   8.2142857e+00
   1.5851382e+03   2.9000000e+01   5.1000000e+01   5.1800000e+02   6.0000000e+01   3.0000000e+01   3.0428571e+01   1.5150000e+01   2.0000000e+00   7.0000000e+00   2.0000000e+01   8.4666667e+00
   1.3205637e+03   2.6000000e+01   4.6000000e+01   4.2300000e+02   5.5000000e+01   2.7500000e+01   2.8666667e+01   1.3611111e+01   2.0000000e+00   6.0000000e+00   1.8000000e+01   8.0000000e+00
   1.5402601e+03   3.4000000e+01   5.1000000e+01   4.8300000e+02   5.6000000e+01   2.8000000e+01   2.5375000e+01   1.1916667e+01   2.0000000e+00   8.0000000e+00   2.4000000e+01   8.2911392e+00
   1.5541218e+03   3.1000000e+01   4.7000000e+01   4.8700000e+02   5.8000000e+01   2.9000000e+01   2.8714286e+01   1.2636364e+01   2.0000000e+00   7.0000000e+00   2.2000000e+01   8.0540541e+00
   1.5309153e+03   2.8000000e+01   5.2000000e+01   5.3200000e+02   6.2000000e+01   3.1000000e+01   3.6000000e+01   1.5400000e+01   2.0000000e+00   6.0000000e+00   2.0000000e+01   9.1038961e+00
   1.5590339e+03   3.5000000e+01   5.6000000e+01   5.6500000e+02   5.5000000e+01   2.7500000e+01   3.3000000e+01   1.3777778e+01   2.0000000e+00   6.0000000e+00   2.7000000e+01   8.7500000e+00
   1.9524633e+03   4.1000000e+01   6.7000000e+01   6.0700000e+02   5.4000000e+01   2.7000000e+01   3.2500000e+01   1.1709677e+01   2.0000000e+00   8.0000000e+00   3.1000000e+01   7.7647059e+00
   1.4312240e+03   3.4000000e+01   5.3000000e+01   5.0900000e+02   5.8000000e+01   2.9000000e+01   2.9125000e+01   1.1541667e+01   2.0000000e+00   8.0000000e+00   2.4000000e+01   7.7530864e+00
   1.2834745e+03   3.2000000e+01   4.6000000e+01   5.3900000e+02   5.4000000e+01   2.7000000e+01   3.0857143e+01   1.4086957e+01   2.0000000e+00   7.0000000e+00   2.3000000e+01   9.2800000e+00
   1.5121623e+03   3.0000000e+01   5.2000000e+01   4.9400000e+02   5.6000000e+01   2.8000000e+01   3.3666667e+01   1.3545455e+01   2.0000000e+00   6.0000000e+00   2.2000000e+01   8.6410256e+00
   1.4302999e+03   3.3000000e+01   5.4000000e+01   5.1500000e+02   5.8000000e+01   2.9000000e+01   2.6571429e+01   1.3500000e+01   2.0000000e+00   7.0000000e+00   2.4000000e+01   8.2771084e+00
   1.4041580e+03   3.1000000e+01   5.3000000e+01   4.8200000e+02   5.6000000e+01   2.8000000e+01   3.5000000e+01   1.2347826e+01   2.0000000e+00   6.0000000e+00   2.3000000e+01   8.4675325e+00
   1.1531417e+03   2.8000000e+01   4.1000000e+01   4.1900000e+02   5.8000000e+01   2.9000000e+01   2.2714286e+01   1.2842105e+01   2.0000000e+00   7.0000000e+00   1.9000000e+01   8.5156250e+00
   1.1378639e+03   2.7000000e+01   4.1000000e+01   4.7200000e+02   5.3000000e+01   2.6500000e+01   3.7333333e+01   1.3052632e+01   2.0000000e+00   6.0000000e+00   1.9000000e+01   9.0937500e+00
   1.0592357e+03   3.1000000e+01   3.9000000e+01   4.8000000e+02   5.1000000e+01   2.5500000e+01   3.0000000e+01   1.2227273e+01   2.0000000e+00   7.0000000e+00   2.2000000e+01   9.4696970e+00
   1.6611709e+03   4.1000000e+01   5.2000000e+01   4.7700000e+02   5.0000000e+01   2.5000000e+01   2.5888889e+01   8.3666667e+00   2.0000000e+00   9.0000000e+00   3.0000000e+01   7.7011494e+00
   2.0487996e+03   3.6000000e+01   6.7000000e+01   6.0900000e+02   5.9000000e+01   2.9500000e+01   3.3000000e+01   1.4481481e+01   2.0000000e+00   7.0000000e+00   2.7000000e+01   8.1616162e+00
   1.5808722e+03   3.1000000e+01   5.2000000e+01   5.0000000e+02   5.2000000e+01   2.6000000e+01   2.7285714e+01   1.4318182e+01   2.0000000e+00   7.0000000e+00   2.2000000e+01   8.1038961e+00
   1.2036895e+03   2.3000000e+01   4.0000000e+01   4.2700000e+02   5.8000000e+01   2.9000000e+01   3.7250000e+01   1.5294118e+01   2.0000000e+00   4.0000000e+00   1.7000000e+01   9.0983607e+00
   1.2837321e+03   3.1000000e+01   4.8000000e+01   4.4800000e+02   6.3000000e+01   3.1500000e+01   3.0000000e+01   1.1217391e+01   2.0000000e+00   6.0000000e+00   2.3000000e+01   8.3150685e+00
   1.1104042e+03   2.4000000e+01   4.5000000e+01   4.5400000e+02   4.1000000e+01   2.0500000e+01   3.2200000e+01   1.7588235e+01   2.0000000e+00   5.0000000e+00   1.7000000e+01   9.1935484e+00
   1.5815339e+03   2.8000000e+01   5.1000000e+01   4.6700000e+02   5.5000000e+01   2.7500000e+01   2.8000000e+01   1.4750000e+01   2.0000000e+00   6.0000000e+00   2.0000000e+01   7.8831169e+00
   1.7664011e+03   4.0000000e+01   5.8000000e+01   4.6100000e+02   5.0000000e+01   2.5000000e+01   2.5625000e+01   9.3333333e+00   2.0000000e+00   8.0000000e+00   3.0000000e+01   7.5666667e+00
   9.5787827e+02   2.3000000e+01   3.9000000e+01   4.6000000e+02   6.2000000e+01   3.1000000e+01   3.1666667e+01   1.6733333e+01   2.0000000e+00   6.0000000e+00   1.5000000e+01   9.4576271e+00
   1.4900837e+03   3.4000000e+01   5.2000000e+01   5.0900000e+02   5.7000000e+01   2.8500000e+01   2.7375000e+01   1.2291667e+01   2.0000000e+00   8.0000000e+00   2.4000000e+01   8.5662651e+00
   1.7245773e+03   3.5000000e+01   5.8000000e+01   5.8000000e+02   5.9000000e+01   2.9500000e+01   3.2142857e+01   1.3692308e+01   2.0000000e+00   7.0000000e+00   2.6000000e+01   8.4117647e+00
   1.5977634e+03   3.6000000e+01   5.5000000e+01   5.5100000e+02   5.4000000e+01   2.7000000e+01   3.1142857e+01   1.2777778e+01   2.0000000e+00   7.0000000e+00   2.7000000e+01   8.4216867e+00
   1.5961636e+03   3.5000000e+01   5.2000000e+01   5.1600000e+02   5.6000000e+01   2.8000000e+01   2.6375000e+01   1.2280000e+01   2.0000000e+00   8.0000000e+00   2.5000000e+01   8.1325301e+00
   1.3118017e+03   3.3000000e+01   4.9000000e+01   5.1100000e+02   5.8000000e+01   2.9000000e+01   3.1142857e+01   1.1875000e+01   2.0000000e+00   7.0000000e+00   2.4000000e+01   8.5675676e+00
   1.7534885e+03   3.3000000e+01   6.0000000e+01   5.7000000e+02   6.1000000e+01   3.0500000e+01   3.4428571e+01   1.3833333e+01   2.0000000e+00   7.0000000e+00   2.4000000e+01   8.3888889e+00
   1.2879241e+03   2.9000000e+01   4.7000000e+01   5.5300000e+02   5.5000000e+01   2.7500000e+01   3.2500000e+01   1.7047619e+01   2.0000000e+00   6.0000000e+00   2.1000000e+01   9.2500000e+00
   1.5629688e+03   3.5000000e+01   5.1000000e+01   5.5300000e+02   5.5000000e+01   2.7500000e+01   3.0000000e+01   1.2400000e+01   2.0000000e+00   8.0000000e+00   2.5000000e+01   8.8072289e+00
   1.5431499e+03   2.9000000e+01   5.1000000e+01   5.0900000e+02   5.7000000e+01   2.8500000e+01   3.9400000e+01   1.3954545e+01   2.0000000e+00   5.0000000e+00   2.2000000e+01   8.4266667e+00
   1.2285311e+03   3.7000000e+01   4.7000000e+01   5.1700000e+02   5.1000000e+01   2.5500000e+01   2.6555556e+01   1.1153846e+01   2.0000000e+00   9.0000000e+00   2.6000000e+01   8.5921053e+00
   1.1836270e+03   2.8000000e+01   4.3000000e+01   4.8500000e+02   5.8000000e+01   2.9000000e+01   3.5833333e+01   1.3100000e+01   2.0000000e+00   6.0000000e+00   2.0000000e+01   9.0149254e+00
   1.4945088e+03   3.1000000e+01   5.3000000e+01   5.1800000e+02   5.8000000e+01   2.9000000e+01   3.2285714e+01   1.3500000e+01   2.0000000e+00   7.0000000e+00   2.2000000e+01   8.2025316e+00
   1.3577570e+03   3.3000000e+01   5.0000000e+01   5.2300000e+02   5.7000000e+01   2.8500000e+01   3.2571429e+01   1.2375000e+01   2.0000000e+00   7.0000000e+00   2.4000000e+01   8.8101266e+00
   1.1025059e+03   2.4000000e+01   4.8000000e+01   5.3000000e+02   6.6000000e+01   3.3000000e+01   3.5500000e+01   1.8812500e+01   2.0000000e+00   6.0000000e+00   1.6000000e+01   9.4202899e+00
   1.7546602e+03   3.3000000e+01   6.0000000e+01   5.8100000e+02   5.6000000e+01   2.8000000e+01   3.5142857e+01   1.4625000e+01   2.0000000e+00   7.0000000e+00   2.4000000e+01   8.7674419e+00
   1.1998844e+03   3.6000000e+01   4.3000000e+01   3.6800000e+02   4.9000000e+01   2.4500000e+01   2.3125000e+01   6.9615385e+00   2.0000000e+00   8.0000000e+00   2.6000000e+01   7.6621622e+00
   1.2116835e+03   2.7000000e+01   5.0000000e+01   5.2200000e+02   6.0000000e+01   3.0000000e+01   3.2714286e+01   1.6222222e+01   2.0000000e+00   7.0000000e+00   1.8000000e+01   9.5211268e+00
   1.2258979e+03   2.4000000e+01   4.3000000e+01   4.5700000e+02   6.0000000e+01   3.0000000e+01   3.0666667e+01   1.5937500e+01   2.0000000e+00   6.0000000e+00   1.6000000e+01   9.5156250e+00
   1.4811897e+03   3.4000000e+01   5.4000000e+01   5.2900000e+02   5.3000000e+01   2.6500000e+01   3.5500000e+01   1.2730769e+01   2.0000000e+00   6.0000000e+00   2.6000000e+01   8.2771084e+00
   1.2967172e+03   2.9000000e+01   4.7000000e+01   5.1300000e+02   5.4000000e+01   2.7000000e+01   3.5666667e+01   1.4190476e+01   2.0000000e+00   6.0000000e+00   2.1000000e+01   8.7837838e+00
   1.9043836e+03   2.7000000e+01   6.1000000e+01   5.7500000e+02   6.3000000e+01   3.1500000e+01   3.5166667e+01   1.9368421e+01   2.0000000e+00   6.0000000e+00   1.9000000e+01   8.3214286e+00
   1.5958651e+03   2.6000000e+01   5.4000000e+01   5.6800000e+02   5.7000000e+01   2.8500000e+01   4.1200000e+01   1.9263158e+01   2.0000000e+00   5.0000000e+00   1.9000000e+01   8.7600000e+00
   1.8022096e+03   3.5000000e+01   5.8000000e+01   5.7700000e+02   5.9000000e+01   2.9500000e+01   3.4285714e+01   1.3730769e+01   2.0000000e+00   7.0000000e+00   2.6000000e+01   8.2921348e+00
   1.2682721e+03   2.5000000e+01   4.6000000e+01   5.0800000e+02   5.8000000e+01   2.9000000e+01   4.0800000e+01   1.7166667e+01   2.0000000e+00   5.0000000e+00   1.8000000e+01   9.2058824e+00
   1.3057387e+03   3.2000000e+01   4.5000000e+01   4.7800000e+02   5.3000000e+01   2.6500000e+01   2.9857143e+01   1.1434783e+01   2.0000000e+00   7.0000000e+00   2.3000000e+01   8.5200000e+00
   1.1504068e+03   2.6000000e+01   4.4000000e+01   4.4700000e+02   5.5000000e+01   2.7500000e+01   3.5200000e+01   1.3894737e+01   2.0000000e+00   5.0000000e+00   1.9000000e+01   9.0307692e+00
   1.6809255e+03   3.3000000e+01   5.4000000e+01   5.2400000e+02   5.6000000e+01   2.8000000e+01   3.4666667e+01   1.3040000e+01   2.0000000e+00   6.0000000e+00   2.5000000e+01   7.9390244e+00
   2.0223615e+03   3.3000000e+01   6.3000000e+01   5.5500000e+02   5.7000000e+01   2.8500000e+01   3.0714286e+01   1.4666667e+01   2.0000000e+00   7.0000000e+00   2.4000000e+01   7.9450549e+00
   1.2603503e+03   3.5000000e+01   5.0000000e+01   5.6900000e+02   5.4000000e+01   2.7000000e+01   3.0571429e+01   1.3769231e+01   2.0000000e+00   7.0000000e+00   2.6000000e+01   9.6500000e+00
   1.6356459e+03   3.4000000e+01   5.3000000e+01   5.0600000e+02   5.6000000e+01   2.8000000e+01   2.9714286e+01   1.2040000e+01   2.0000000e+00   7.0000000e+00   2.5000000e+01   8.2941176e+00
   1.0845436e+03   2.4000000e+01   4.0000000e+01   4.0800000e+02   5.6000000e+01   2.8000000e+01   2.7833333e+01   1.4062500e+01   2.0000000e+00   6.0000000e+00   1.6000000e+01   8.5593220e+00
   1.7835697e+03   3.3000000e+01   5.7000000e+01   5.1000000e+02   5.8000000e+01   2.9000000e+01   3.0285714e+01   1.2583333e+01   2.0000000e+00   7.0000000e+00   2.4000000e+01   7.6904762e+00
   1.1792926e+03   3.0000000e+01   3.8000000e+01   4.2500000e+02   5.6000000e+01   2.8000000e+01   2.9333333e+01   1.0954545e+01   2.0000000e+00   6.0000000e+00   2.2000000e+01   8.1384615e+00
   1.5367792e+03   3.3000000e+01   5.6000000e+01   5.6400000e+02   5.7000000e+01   2.8500000e+01   3.6166667e+01   1.4160000e+01   2.0000000e+00   6.0000000e+00   2.5000000e+01   8.5301205e+00
   1.5524147e+03   3.4000000e+01   5.2000000e+01   4.9300000e+02   5.8000000e+01   2.9000000e+01   3.5166667e+01   1.1500000e+01   2.0000000e+00   6.0000000e+00   2.6000000e+01   8.3493976e+00
   1.8673931e+03   3.4000000e+01   5.9000000e+01   5.5200000e+02   5.7000000e+01   2.8500000e+01   3.3000000e+01   1.3360000e+01   2.0000000e+00   7.0000000e+00   2.5000000e+01   7.7865169e+00
   1.6352505e+03   2.8000000e+01   5.4000000e+01   5.5700000e+02   6.2000000e+01   3.1000000e+01   3.6500000e+01   1.7000000e+01   2.0000000e+00   6.0000000e+00   2.0000000e+01   8.7435897e+00
   1.4438046e+03   2.5000000e+01   5.8000000e+01   5.3000000e+02   6.0000000e+01   3.0000000e+01   3.3800000e+01   2.0333333e+01   2.0000000e+00   5.0000000e+00   1.8000000e+01   8.7051282e+00
   1.3754205e+03   2.7000000e+01   4.7000000e+01   4.3000000e+02   6.0000000e+01   3.0000000e+01   2.4428571e+01   1.4277778e+01   2.0000000e+00   7.0000000e+00   1.8000000e+01   8.1940299e+00
   1.4250076e+03   3.1000000e+01   4.7000000e+01   3.9600000e+02   5.6000000e+01   2.8000000e+01   2.4000000e+01   1.0090909e+01   2.0000000e+00   7.0000000e+00   2.2000000e+01   7.3243243e+00
   1.5728720e+03   3.6000000e+01   5.2000000e+01   5.1000000e+02   5.5000000e+01   2.7500000e+01   3.1375000e+01   1.0153846e+01   2.0000000e+00   8.0000000e+00   2.6000000e+01   7.6428571e+00
   3.6052603e+02   1.7000000e+01   2.1000000e+01   2.2500000e+02   5.5000000e+01   2.7500000e+01   1.9800000e+01   9.3000000e+00   2.0000000e+00   5.0000000e+00   1.0000000e+01   7.6285714e+00
   1.1717383e+03   3.2000000e+01   4.3000000e+01   4.6400000e+02   5.4000000e+01   2.7000000e+01   2.7833333e+01   1.1875000e+01   2.0000000e+00   6.0000000e+00   2.4000000e+01   8.4788732e+00
   1.4702636e+03   2.8000000e+01   5.5000000e+01   5.5500000e+02   6.3000000e+01   3.1500000e+01   4.0600000e+01   1.6619048e+01   2.0000000e+00   5.0000000e+00   2.1000000e+01   8.6375000e+00
   1.3930540e+03   2.6000000e+01   5.0000000e+01   5.3300000e+02   6.0000000e+01   3.0000000e+01   3.1000000e+01   1.8705882e+01   2.0000000e+00   7.0000000e+00   1.7000000e+01   8.8333333e+00
   1.2642711e+03   2.3000000e+01   4.3000000e+01   4.3300000e+02   5.8000000e+01   2.9000000e+01   3.0000000e+01   1.7562500e+01   2.0000000e+00   5.0000000e+00   1.6000000e+01   8.7096774e+00
   1.6575884e+03   3.4000000e+01   5.5000000e+01   5.5300000e+02   5.7000000e+01   2.8500000e+01   3.5333333e+01   1.3307692e+01   2.0000000e+00   6.0000000e+00   2.6000000e+01   8.0833333e+00
   1.4748751e+03   3.0000000e+01   5.7000000e+01   5.2100000e+02   5.5000000e+01   2.7500000e+01   3.6500000e+01   1.4272727e+01   2.0000000e+00   6.0000000e+00   2.2000000e+01   8.0253165e+00
   1.4227108e+03   3.3000000e+01   5.4000000e+01   5.4900000e+02   5.9000000e+01   2.9500000e+01   2.9857143e+01   1.4083333e+01   2.0000000e+00   7.0000000e+00   2.4000000e+01   8.7261905e+00
   1.1540720e+03   2.7000000e+01   4.5000000e+01   4.6600000e+02   5.9000000e+01   2.9500000e+01   3.3000000e+01   1.4105263e+01   2.0000000e+00   6.0000000e+00   1.9000000e+01   8.9692308e+00
   1.4663513e+03   3.1000000e+01   5.2000000e+01   5.1400000e+02   5.8000000e+01   2.9000000e+01   3.0000000e+01   1.4347826e+01   2.0000000e+00   6.0000000e+00   2.3000000e+01   8.5000000e+00
   9.0005278e+02   1.9000000e+01   3.7000000e+01   4.6700000e+02   6.3000000e+01   3.1500000e+01   2.9400000e+01   2.4416667e+01   2.0000000e+00   5.0000000e+00   1.2000000e+01   1.0722222e+01
   1.3718879e+03   3.7000000e+01   5.1000000e+01   4.8400000e+02   5.5000000e+01   2.7500000e+01   2.8375000e+01   9.7407407e+00   2.0000000e+00   8.0000000e+00   2.7000000e+01   8.4878049e+00
   1.5458960e+03   3.1000000e+01   5.5000000e+01   6.0500000e+02   6.1000000e+01   3.0500000e+01   3.4142857e+01   1.6500000e+01   2.0000000e+00   7.0000000e+00   2.2000000e+01   9.2073171e+00
   1.0776185e+03   2.6000000e+01   4.4000000e+01   4.8200000e+02   6.2000000e+01   3.1000000e+01   3.4200000e+01   1.5842105e+01   2.0000000e+00   5.0000000e+00   1.9000000e+01   9.2089552e+00
   1.0589174e+03   2.7000000e+01   4.5000000e+01   5.2700000e+02   5.9000000e+01   2.9500000e+01   3.2142857e+01   1.6222222e+01   2.0000000e+00   7.0000000e+00   1.8000000e+01   1.0030769e+01
   1.3755580e+03   3.3000000e+01   4.9000000e+01   5.1300000e+02   5.6000000e+01   2.8000000e+01   3.1875000e+01   1.1086957e+01   2.0000000e+00   8.0000000e+00   2.3000000e+01   8.3421053e+00
   1.6627960e+03   3.5000000e+01   6.0000000e+01   6.0800000e+02   5.8000000e+01   2.9000000e+01   3.6857143e+01   1.3807692e+01   2.0000000e+00   7.0000000e+00   2.6000000e+01   8.7500000e+00
   1.3076157e+03   2.7000000e+01   4.6000000e+01   4.7900000e+02   5.9000000e+01   2.9500000e+01   2.9000000e+01   1.5789474e+01   2.0000000e+00   6.0000000e+00   1.9000000e+01   8.8857143e+00
