   1.2625618e+03   4.7000000e+01   7.1000000e+01   4.8200000e+02   4.6000000e+01   2.3000000e+01   2.7375000e+01   8.3783784e+00   2.0000000e+00   8.0000000e+00   3.7000000e+01   5.5688073e+00
   1.4485691e+03   4.3000000e+01   7.7000000e+01   5.3100000e+02   5.0000000e+01   2.5000000e+01   2.5555556e+01   1.0625000e+01   2.0000000e+00   9.0000000e+00   3.2000000e+01   5.6428571e+00
   1.4036116e+03   4.9000000e+01   7.9000000e+01   5.3800000e+02   5.1000000e+01   2.5500000e+01   2.5000000e+01   8.9459459e+00   2.0000000e+00   1.0000000e+01   3.7000000e+01   5.5294118e+00
   6.3000000e+01   3.0000000e+00   2.0000000e+00   1.5000000e+01   1.1000000e+01   5.5000000e+00   5.0000000e+00   0.0000000e+00   2.0000000e+00   1.0000000e+00   0.0000000e+00   5.0000000e+00
   1.3952336e+03   4.9000000e+01   7.5000000e+01   5.3600000e+02   5.2000000e+01   2.6000000e+01   2.4444444e+01   9.1842105e+00   2.0000000e+00   9.0000000e+00   3.8000000e+01   5.7288136e+00
   6.3000000e+01   3.0000000e+00   2.0000000e+00   1.1000000e+01   8.0000000e+00   4.0000000e+00   4.0000000e+00   0.0000000e+00   2.0000000e+00   1.0000000e+00   0.0000000e+00   3.6666667e+00
   6.3000000e+01   4.0000000e+00   2.0000000e+00   1.4000000e+01   9.0000000e+00   4.5000000e+00   3.0000000e+00   0.0000000e+00   2.0000000e+00   2.0000000e+00   0.0000000e+00   3.5000000e+00
   1.2977142e+03   4.3000000e+01   7.5000000e+01   5.4000000e+02   5.3000000e+01   2.6500000e+01   2.8000000e+01   1.0696970e+01   2.0000000e+00   8.0000000e+00   3.3000000e+01   5.9724771e+00
   6.3000000e+01   3.0000000e+00   2.0000000e+00   1.3000000e+01   1.0000000e+01   5.0000000e+00   4.0000000e+00   0.0000000e+00   2.0000000e+00   1.0000000e+00   0.0000000e+00   4.3333333e+00
   6.3000000e+01   3.0000000e+00   2.0000000e+00   1.3000000e+01   1.0000000e+01   5.0000000e+00   4.0000000e+00   0.0000000e+00   2.0000000e+00   1.0000000e+00   0.0000000e+00   4.3333333e+00
   1.3222039e+03   4.6000000e+01   7.9000000e+01   5.4200000e+02   5.1000000e+01   2.5500000e+01   2.5000000e+01   9.7941176e+00   2.0000000e+00   1.0000000e+01   3.4000000e+01   5.7876106e+00
   1.3474693e+03   4.7000000e+01   8.0000000e+01   5.7400000e+02   5.0000000e+01   2.5000000e+01   3.0222222e+01   9.5555556e+00   2.0000000e+00   9.0000000e+00   3.6000000e+01   5.7083333e+00
   1.4436116e+03   4.5000000e+01   8.0000000e+01   5.6300000e+02   5.2000000e+01   2.6000000e+01   2.8888889e+01   1.0117647e+01   2.0000000e+00   9.0000000e+00   3.4000000e+01   5.6923077e+00
   6.3000000e+01   4.0000000e+00   2.0000000e+00   1.5000000e+01   8.0000000e+00   4.0000000e+00   4.0000000e+00   0.0000000e+00   2.0000000e+00   2.0000000e+00   0.0000000e+00   3.7500000e+00
   6.3000000e+01   3.0000000e+00   2.0000000e+00   9.0000000e+00   7.0000000e+00   3.5000000e+00   3.0000000e+00   0.0000000e+00   2.0000000e+00   1.0000000e+00   0.0000000e+00   3.0000000e+00
   6.3000000e+01   3.0000000e+00   2.0000000e+00   1.1000000e+01   8.0000000e+00   4.0000000e+00   4.0000000e+00   0.0000000e+00   2.0000000e+00   1.0000000e+00   0.0000000e+00   3.6666667e+00
   1.5299745e+03   4.9000000e+01   7.6000000e+01   5.0800000e+02   5.1000000e+01   2.5500000e+01   3.0125000e+01   7.8717949e+00   2.0000000e+00   8.0000000e+00   3.9000000e+01   5.2352941e+00
   6.3000000e+01   3.0000000e+00   2.0000000e+00   1.3000000e+01   9.0000000e+00   4.5000000e+00   5.0000000e+00   0.0000000e+00   2.0000000e+00   1.0000000e+00   0.0000000e+00   4.3333333e+00
   6.3000000e+01   3.0000000e+00   2.0000000e+00   1.5000000e+01   1.1000000e+01   5.5000000e+00   5.0000000e+00   0.0000000e+00   2.0000000e+00   1.0000000e+00   0.0000000e+00   5.0000000e+00
   6.3000000e+01   4.0000000e+00   2.0000000e+00   1.5000000e+01   8.0000000e+00   4.0000000e+00   4.0000000e+00   0.0000000e+00   2.0000000e+00   2.0000000e+00   0.0000000e+00   3.7500000e+00
   6.3000000e+01   3.0000000e+00   2.0000000e+00   1.3000000e+01   1.0000000e+01   5.0000000e+00   4.0000000e+00   0.0000000e+00   2.0000000e+00   1.0000000e+00   0.0000000e+00   4.3333333e+00
   6.3000000e+01   3.0000000e+00   2.0000000e+00   1.3000000e+01   9.0000000e+00   4.5000000e+00   5.0000000e+00   0.0000000e+00   2.0000000e+00   1.0000000e+00   0.0000000e+00   4.3333333e+00
   6.3000000e+01   3.0000000e+00   2.0000000e+00   1.3000000e+01   9.0000000e+00   4.5000000e+00   5.0000000e+00   0.0000000e+00   2.0000000e+00   1.0000000e+00   0.0000000e+00   4.3333333e+00
   6.3000000e+01   3.0000000e+00   2.0000000e+00   1.1000000e+01   9.0000000e+00   4.5000000e+00   3.0000000e+00   0.0000000e+00   2.0000000e+00   1.0000000e+00   0.0000000e+00   3.6666667e+00
   6.3000000e+01   3.0000000e+00   2.0000000e+00   1.5000000e+01   1.1000000e+01   5.5000000e+00   5.0000000e+00   0.0000000e+00   2.0000000e+00   1.0000000e+00   0.0000000e+00   5.0000000e+00
   6.3000000e+01   3.0000000e+00   2.0000000e+00   1.1000000e+01   8.0000000e+00   4.0000000e+00   4.0000000e+00   0.0000000e+00   2.0000000e+00   1.0000000e+00   0.0000000e+00   3.6666667e+00
   1.3688666e+03   5.0000000e+01   7.5000000e+01   5.0700000e+02   5.0000000e+01   2.5000000e+01   2.6000000e+01   7.7894737e+00   2.0000000e+00   1.0000000e+01   3.8000000e+01   5.4576271e+00
   1.2885964e+03   4.6000000e+01   7.1000000e+01   5.0600000e+02   5.2000000e+01   2.6000000e+01   2.4300000e+01   8.8235294e+00   2.0000000e+00   1.0000000e+01   3.4000000e+01   5.7407407e+00
   1.6309295e+03   4.8000000e+01   8.2000000e+01   5.2200000e+02   5.3000000e+01   2.6500000e+01   2.4300000e+01   8.9722222e+00   2.0000000e+00   1.0000000e+01   3.6000000e+01   5.3606557e+00
   1.2979589e+03   4.2000000e+01   6.9000000e+01   4.7800000e+02   5.2000000e+01   2.6000000e+01   2.4000000e+01   9.4193548e+00   2.0000000e+00   9.0000000e+00   3.1000000e+01   5.6415094e+00
   1.5610238e+03   4.9000000e+01   8.0000000e+01   5.3400000e+02   4.8000000e+01   2.4000000e+01   2.6777778e+01   8.9736842e+00   2.0000000e+00   9.0000000e+00   3.8000000e+01   5.3416667e+00
   6.3000000e+01   3.0000000e+00   2.0000000e+00   1.3000000e+01   9.0000000e+00   4.5000000e+00   5.0000000e+00   0.0000000e+00   2.0000000e+00   1.0000000e+00   0.0000000e+00   4.3333333e+00
   6.3000000e+01   3.0000000e+00   2.0000000e+00   1.3000000e+01   1.0000000e+01   5.0000000e+00   4.0000000e+00   0.0000000e+00   2.0000000e+00   1.0000000e+00   0.0000000e+00   4.3333333e+00
   6.3000000e+01   3.0000000e+00   2.0000000e+00   1.1000000e+01   9.0000000e+00   4.5000000e+00   3.0000000e+00   0.0000000e+00   2.0000000e+00   1.0000000e+00   0.0000000e+00   3.6666667e+00
   6.3000000e+01   4.0000000e+00   2.0000000e+00   1.4000000e+01   9.0000000e+00   4.5000000e+00   3.0000000e+00   0.0000000e+00   2.0000000e+00   2.0000000e+00   0.0000000e+00   3.5000000e+00
   6.3000000e+01   4.0000000e+00   2.0000000e+00   1.4000000e+01   9.0000000e+00   4.5000000e+00   3.0000000e+00   0.0000000e+00   2.0000000e+00   2.0000000e+00   0.0000000e+00   3.5000000e+00
   6.3000000e+01   3.0000000e+00   2.0000000e+00   1.3000000e+01   9.0000000e+00   4.5000000e+00   5.0000000e+00   0.0000000e+00   2.0000000e+00   1.0000000e+00   0.0000000e+00   4.3333333e+00
   6.3000000e+01   4.0000000e+00   2.0000000e+00   1.7000000e+01   1.0000000e+01   5.0000000e+00   4.0000000e+00   0.0000000e+00   2.0000000e+00   2.0000000e+00   0.0000000e+00   4.2500000e+00
   6.3000000e+01   4.0000000e+00   2.0000000e+00   1.5000000e+01   8.0000000e+00   4.0000000e+00   4.0000000e+00   0.0000000e+00   2.0000000e+00   2.0000000e+00   0.0000000e+00   3.7500000e+00
   6.3000000e+01   3.0000000e+00   2.0000000e+00   1.1000000e+01   8.0000000e+00   4.0000000e+00   4.0000000e+00   0.0000000e+00   2.0000000e+00   1.0000000e+00   0.0000000e+00   3.6666667e+00
   1.3326182e+03   4.5000000e+01   7.6000000e+01   5.2100000e+02   4.8000000e+01   2.4000000e+01   2.9750000e+01   9.4285714e+00   2.0000000e+00   8.0000000e+00   3.5000000e+01   5.5309735e+00
   6.3000000e+01   4.0000000e+00   2.0000000e+00   1.7000000e+01   1.0000000e+01   5.0000000e+00   4.0000000e+00   0.0000000e+00   2.0000000e+00   2.0000000e+00   0.0000000e+00   4.2500000e+00
   1.5482729e+03   4.7000000e+01   8.4000000e+01   5.8300000e+02   5.2000000e+01   2.6000000e+01   2.8222222e+01   1.0444444e+01   2.0000000e+00   9.0000000e+00   3.6000000e+01   5.6560000e+00
   1.4983188e+03   4.1000000e+01   7.4000000e+01   5.1600000e+02   5.1000000e+01   2.5500000e+01   2.9250000e+01   1.0129032e+01   2.0000000e+00   8.0000000e+00   3.1000000e+01   5.7037037e+00
   6.3000000e+01   3.0000000e+00   2.0000000e+00   1.3000000e+01   1.0000000e+01   5.0000000e+00   4.0000000e+00   0.0000000e+00   2.0000000e+00   1.0000000e+00   0.0000000e+00   4.3333333e+00
   6.3000000e+01   3.0000000e+00   2.0000000e+00   1.3000000e+01   1.0000000e+01   5.0000000e+00   4.0000000e+00   0.0000000e+00   2.0000000e+00   1.0000000e+00   0.0000000e+00   4.3333333e+00
   6.3000000e+01   3.0000000e+00   2.0000000e+00   1.5000000e+01   1.1000000e+01   5.5000000e+00   5.0000000e+00   0.0000000e+00   2.0000000e+00   1.0000000e+00   0.0000000e+00   5.0000000e+00
   6.3000000e+01   4.0000000e+00   2.0000000e+00   1.7000000e+01   1.0000000e+01   5.0000000e+00   4.0000000e+00   0.0000000e+00   2.0000000e+00   2.0000000e+00   0.0000000e+00   4.2500000e+00
   6.3000000e+01   4.0000000e+00   2.0000000e+00   1.7000000e+01   1.0000000e+01   5.0000000e+00   4.0000000e+00   0.0000000e+00   2.0000000e+00   2.0000000e+00   0.0000000e+00   4.2500000e+00
   6.3000000e+01   4.0000000e+00   2.0000000e+00   1.8000000e+01   9.0000000e+00   4.5000000e+00   5.0000000e+00   0.0000000e+00   2.0000000e+00   2.0000000e+00   0.0000000e+00   4.5000000e+00
   1.6216349e+03   5.4000000e+01   7.8000000e+01   5.5600000e+02   5.0000000e+01   2.5000000e+01   2.7600000e+01   7.8571429e+00   2.0000000e+00   1.0000000e+01   4.2000000e+01   5.4400000e+00
   6.3000000e+01   3.0000000e+00   2.0000000e+00   9.0000000e+00   7.0000000e+00   3.5000000e+00   3.0000000e+00   0.0000000e+00   2.0000000e+00   1.0000000e+00   0.0000000e+00   3.0000000e+00
   6.3000000e+01   3.0000000e+00   2.0000000e+00   1.5000000e+01   1.1000000e+01   5.5000000e+00   5.0000000e+00   0.0000000e+00   2.0000000e+00   1.0000000e+00   0.0000000e+00   5.0000000e+00
   6.3000000e+01   3.0000000e+00   2.0000000e+00   1.5000000e+01   1.1000000e+01   5.5000000e+00   5.0000000e+00   0.0000000e+00   2.0000000e+00   1.0000000e+00   0.0000000e+00   5.0000000e+00
   6.3000000e+01   3.0000000e+00   2.0000000e+00   1.1000000e+01   9.0000000e+00   4.5000000e+00   3.0000000e+00   0.0000000e+00   2.0000000e+00   1.0000000e+00   0.0000000e+00   3.6666667e+00
   6.3000000e+01   4.0000000e+00   2.0000000e+00   1.8000000e+01   9.0000000e+00   4.5000000e+00   5.0000000e+00   0.0000000e+00   2.0000000e+00   2.0000000e+00   0.0000000e+00   4.5000000e+00
   1.4695248e+03   4.3000000e+01   7.7000000e+01   5.4200000e+02   5.3000000e+01   2.6500000e+01   2.8625000e+01   1.0484848e+01   2.0000000e+00   8.0000000e+00   3.3000000e+01   5.5675676e+00
   6.3000000e+01   4.0000000e+00   2.0000000e+00   1.7000000e+01   1.0000000e+01   5.0000000e+00   4.0000000e+00   0.0000000e+00   2.0000000e+00   2.0000000e+00   0.0000000e+00   4.2500000e+00
   6.3000000e+01   3.0000000e+00   2.0000000e+00   1.3000000e+01   1.0000000e+01   5.0000000e+00   4.0000000e+00   0.0000000e+00   2.0000000e+00   1.0000000e+00   0.0000000e+00   4.3333333e+00
   1.2510298e+03   4.5000000e+01   6.7000000e+01   4.8500000e+02   5.2000000e+01   2.6000000e+01   2.5666667e+01   8.5000000e+00   2.0000000e+00   9.0000000e+00   3.4000000e+01   5.7019231e+00
   6.3000000e+01   3.0000000e+00   2.0000000e+00   1.1000000e+01   9.0000000e+00   4.5000000e+00   3.0000000e+00   0.0000000e+00   2.0000000e+00   1.0000000e+00   0.0000000e+00   3.6666667e+00
   6.3000000e+01   3.0000000e+00   2.0000000e+00   1.1000000e+01   8.0000000e+00   4.0000000e+00   4.0000000e+00   0.0000000e+00   2.0000000e+00   1.0000000e+00   0.0000000e+00   3.6666667e+00
   1.4301334e+03   5.2000000e+01   8.2000000e+01   5.5900000e+02   5.1000000e+01   2.5500000e+01   2.7444444e+01   8.8536585e+00   2.0000000e+00   9.0000000e+00   4.1000000e+01   5.4047619e+00
   6.3000000e+01   4.0000000e+00   2.0000000e+00   1.8000000e+01   9.0000000e+00   4.5000000e+00   5.0000000e+00   0.0000000e+00   2.0000000e+00   2.0000000e+00   0.0000000e+00   4.5000000e+00
   6.3000000e+01   3.0000000e+00   2.0000000e+00   1.3000000e+01   1.0000000e+01   5.0000000e+00   4.0000000e+00   0.0000000e+00   2.0000000e+00   1.0000000e+00   0.0000000e+00   4.3333333e+00
   1.3858948e+03   4.2000000e+01   7.1000000e+01   5.1300000e+02   5.0000000e+01   2.5000000e+01   2.6444444e+01   9.8064516e+00   2.0000000e+00   9.0000000e+00   3.1000000e+01   5.6788991e+00
   6.3000000e+01   3.0000000e+00   2.0000000e+00   1.5000000e+01   1.1000000e+01   5.5000000e+00   5.0000000e+00   0.0000000e+00   2.0000000e+00   1.0000000e+00   0.0000000e+00   5.0000000e+00
   1.6060607e+03   4.3000000e+01   8.3000000e+01   5.3200000e+02   5.1000000e+01   2.5500000e+01   2.7750000e+01   1.0909091e+01   2.0000000e+00   8.0000000e+00   3.3000000e+01   5.4369748e+00
   6.3000000e+01   3.0000000e+00   2.0000000e+00   1.1000000e+01   9.0000000e+00   4.5000000e+00   3.0000000e+00   0.0000000e+00   2.0000000e+00   1.0000000e+00   0.0000000e+00   3.6666667e+00
   1.2275178e+03   4.4000000e+01   6.9000000e+01   4.7900000e+02   5.0000000e+01   2.5000000e+01   2.6000000e+01   8.7058824e+00   2.0000000e+00   8.0000000e+00   3.4000000e+01   5.4903846e+00
   6.3000000e+01   4.0000000e+00   2.0000000e+00   2.0000000e+01   1.1000000e+01   5.5000000e+00   5.0000000e+00   0.0000000e+00   2.0000000e+00   2.0000000e+00   0.0000000e+00   5.0000000e+00
   6.3000000e+01   3.0000000e+00   2.0000000e+00   1.3000000e+01   1.0000000e+01   5.0000000e+00   4.0000000e+00   0.0000000e+00   2.0000000e+00   1.0000000e+00   0.0000000e+00   4.3333333e+00
   1.2465886e+03   3.9000000e+01   6.6000000e+01   4.4200000e+02   5.2000000e+01   2.6000000e+01   2.3777778e+01   9.2142857e+00   2.0000000e+00   9.0000000e+00   2.8000000e+01   5.4479167e+00
   6.3000000e+01   3.0000000e+00   2.0000000e+00   1.1000000e+01   8.0000000e+00   4.0000000e+00   4.0000000e+00   0.0000000e+00   2.0000000e+00   1.0000000e+00   0.0000000e+00   3.6666667e+00
   6.3000000e+01   3.0000000e+00   2.0000000e+00   1.3000000e+01   9.0000000e+00   4.5000000e+00   5.0000000e+00   0.0000000e+00   2.0000000e+00   1.0000000e+00   0.0000000e+00   4.3333333e+00
   6.3000000e+01   3.0000000e+00   2.0000000e+00   9.0000000e+00   7.0000000e+00   3.5000000e+00   3.0000000e+00   0.0000000e+00   2.0000000e+00   1.0000000e+00   0.0000000e+00   3.0000000e+00
   1.2445813e+03   3.8000000e+01   6.9000000e+01   4.8500000e+02   5.5000000e+01   2.7500000e+01   2.9428571e+01   1.0275862e+01   2.0000000e+00   7.0000000e+00   2.9000000e+01   5.8080808e+00
   6.3000000e+01   4.0000000e+00   2.0000000e+00   1.7000000e+01   1.0000000e+01   5.0000000e+00   4.0000000e+00   0.0000000e+00   2.0000000e+00   2.0000000e+00   0.0000000e+00   4.2500000e+00
   1.2574930e+03   4.4000000e+01   6.8000000e+01   5.0900000e+02   5.0000000e+01   2.5000000e+01   2.5444444e+01   9.2727273e+00   2.0000000e+00   9.0000000e+00   3.3000000e+01   5.7075472e+00
   1.1391842e+03   3.5000000e+01   6.5000000e+01   4.6800000e+02   4.8000000e+01   2.4000000e+01   2.7285714e+01   1.1461538e+01   2.0000000e+00   7.0000000e+00   2.6000000e+01   5.9375000e+00
   1.2931806e+03   4.5000000e+01   6.4000000e+01   4.6900000e+02   4.6000000e+01   2.3000000e+01   2.4666667e+01   7.9705882e+00   2.0000000e+00   9.0000000e+00   3.4000000e+01   5.6057692e+00
   6.3000000e+01   3.0000000e+00   2.0000000e+00   1.5000000e+01   1.1000000e+01   5.5000000e+00   5.0000000e+00   0.0000000e+00   2.0000000e+00   1.0000000e+00   0.0000000e+00   5.0000000e+00
   6.3000000e+01   3.0000000e+00   2.0000000e+00   1.5000000e+01   1.1000000e+01   5.5000000e+00   5.0000000e+00   0.0000000e+00   2.0000000e+00   1.0000000e+00   0.0000000e+00   5.0000000e+00
   6.3000000e+01   3.0000000e+00   2.0000000e+00   1.5000000e+01   1.1000000e+01   5.5000000e+00   5.0000000e+00   0.0000000e+00   2.0000000e+00   1.0000000e+00   0.0000000e+00   5.0000000e+00
   6.3000000e+01   3.0000000e+00   2.0000000e+00   1.1000000e+01   8.0000000e+00   4.0000000e+00   4.0000000e+00   0.0000000e+00   2.0000000e+00   1.0000000e+00   0.0000000e+00   3.6666667e+00
   6.3000000e+01   4.0000000e+00   2.0000000e+00   2.0000000e+01   1.1000000e+01   5.5000000e+00   5.0000000e+00   0.0000000e+00   2.0000000e+00   2.0000000e+00   0.0000000e+00   5.0000000e+00
   1.6775072e+03   5.2000000e+01   8.7000000e+01   5.6700000e+02   5.1000000e+01   2.5500000e+01   2.8700000e+01   8.2250000e+00   2.0000000e+00   1.0000000e+01   4.0000000e+01   5.3307692e+00
   6.3000000e+01   3.0000000e+00   2.0000000e+00   1.5000000e+01   1.1000000e+01   5.5000000e+00   5.0000000e+00   0.0000000e+00   2.0000000e+00   1.0000000e+00   0.0000000e+00   5.0000000e+00
   1.4495639e+03   4.9000000e+01   7.6000000e+01   5.2000000e+02   5.3000000e+01   2.6500000e+01   3.0125000e+01   8.1538462e+00   2.0000000e+00   8.0000000e+00   3.9000000e+01   5.4049587e+00
   6.3000000e+01   3.0000000e+00   2.0000000e+00   1.5000000e+01   1.1000000e+01   5.5000000e+00   5.0000000e+00   0.0000000e+00   2.0000000e+00   1.0000000e+00   0.0000000e+00   5.0000000e+00
   6.3000000e+01   4.0000000e+00   2.0000000e+00   1.7000000e+01   1.0000000e+01   5.0000000e+00   4.0000000e+00   0.0000000e+00   2.0000000e+00   2.0000000e+00   0.0000000e+00   4.2500000e+00
   6.3000000e+01   3.0000000e+00   2.0000000e+00   1.5000000e+01   1.1000000e+01   5.5000000e+00   5.0000000e+00   0.0000000e+00   2.0000000e+00   1.0000000e+00   0.0000000e+00   5.0000000e+00
   6.3000000e+01   3.0000000e+00   2.0000000e+00   1.5000000e+01   1.1000000e+01   5.5000000e+00   5.0000000e+00   0.0000000e+00   2.0000000e+00   1.0000000e+00   0.0000000e+00   5.0000000e+00
   1.3522274e+03   4.9000000e+01   7.4000000e+01   5.1500000e+02   5.1000000e+01   2.5500000e+01   2.5500000e+01   8.0000000e+00   2.0000000e+00   1.0000000e+01   3.7000000e+01   5.3693694e+00
   6.3000000e+01   3.0000000e+00   2.0000000e+00   1.5000000e+01   1.1000000e+01   5.5000000e+00   5.0000000e+00   0.0000000e+00   2.0000000e+00   1.0000000e+00   0.0000000e+00   5.0000000e+00
   6.3000000e+01   3.0000000e+00   2.0000000e+00   1.1000000e+01   8.0000000e+00   4.0000000e+00   4.0000000e+00   0.0000000e+00   2.0000000e+00   1.0000000e+00   0.0000000e+00   3.6666667e+00
   1.1466032e+03   4.6000000e+01   5.6000000e+01   4.1500000e+02   5.1000000e+01   2.5500000e+01   2.0777778e+01   7.1142857e+00   2.0000000e+00   9.0000000e+00   3.5000000e+01   5.4408602e+00
   1.4471890e+03   4.6000000e+01   8.2000000e+01   5.5100000e+02   5.1000000e+01   2.5500000e+01   2.8777778e+01   9.6857143e+00   2.0000000e+00   9.0000000e+00   3.5000000e+01   5.6779661e+00
   1.5608034e+03   4.9000000e+01   8.1000000e+01   5.2400000e+02   4.9000000e+01   2.4500000e+01   2.9222222e+01   8.3421053e+00   2.0000000e+00   9.0000000e+00   3.8000000e+01   5.3166667e+00
   6.3000000e+01   3.0000000e+00   2.0000000e+00   1.3000000e+01   1.0000000e+01   5.0000000e+00   4.0000000e+00   0.0000000e+00   2.0000000e+00   1.0000000e+00   0.0000000e+00   4.3333333e+00
