   9.5152499e+02   3.3000000e+01   4.5000000e+01   4.9600000e+02   5.5000000e+01   2.7500000e+01   3.1875000e+01   1.0565217e+01   2.0000000e+00   8.0000000e+00   2.3000000e+01   9.4117647e+00
   7.6864079e+02   2.9000000e+01   3.6000000e+01   4.8000000e+02   5.3000000e+01   2.6500000e+01   2.9714286e+01   1.3300000e+01   2.0000000e+00   7.0000000e+00   2.0000000e+01   9.6935484e+00
   7.6925699e+02   2.9000000e+01   3.8000000e+01   4.7100000e+02   5.0000000e+01   2.5000000e+01   3.0166667e+01   1.3285714e+01   2.0000000e+00   6.0000000e+00   2.1000000e+01   9.4062500e+00
   8.9134199e+02   3.2000000e+01   4.7000000e+01   6.0300000e+02   5.9000000e+01   2.9500000e+01   3.8428571e+01   1.4521739e+01   2.0000000e+00   7.0000000e+00   2.3000000e+01   1.0225352e+01
   5.9841028e+02   2.8000000e+01   3.1000000e+01   3.8300000e+02   5.3000000e+01   2.6500000e+01   2.9000000e+01   9.5500000e+00   2.0000000e+00   6.0000000e+00   2.0000000e+01   9.8035714e+00
   5.6286523e+02   2.3000000e+01   2.9000000e+01   3.7900000e+02   5.4000000e+01   2.7000000e+01   2.8000000e+01   1.2400000e+01   2.0000000e+00   6.0000000e+00   1.5000000e+01   9.8541667e+00
   1.0428156e+03   3.2000000e+01   4.4000000e+01   4.3900000e+02   5.4000000e+01   2.7000000e+01   2.6714286e+01   1.0782609e+01   2.0000000e+00   7.0000000e+00   2.3000000e+01   8.5352113e+00
   1.1015015e+03   3.2000000e+01   4.7000000e+01   5.6900000e+02   5.7000000e+01   2.8500000e+01   3.4857143e+01   1.4000000e+01   2.0000000e+00   7.0000000e+00   2.3000000e+01   9.4933333e+00
   1.2979634e+02   1.4000000e+01   1.2000000e+01   1.7100000e+02   4.2000000e+01   2.1000000e+01   1.7800000e+01   7.2857143e+00   2.0000000e+00   5.0000000e+00   7.0000000e+00   1.0291667e+01
   9.4923873e+02   2.7000000e+01   4.0000000e+01   4.9700000e+02   5.9000000e+01   2.9500000e+01   3.3000000e+01   1.5000000e+01   2.0000000e+00   6.0000000e+00   1.9000000e+01   9.4843750e+00
   3.3609754e+02   2.0000000e+01   2.1000000e+01   3.2800000e+02   5.2000000e+01   2.6000000e+01   2.5000000e+01   1.1181818e+01   2.0000000e+00   7.0000000e+00   1.1000000e+01   1.0815789e+01
   1.2539540e+03   3.1000000e+01   4.8000000e+01   4.9400000e+02   5.4000000e+01   2.7000000e+01   3.2714286e+01   1.2454545e+01   2.0000000e+00   7.0000000e+00   2.2000000e+01   8.3376623e+00
   1.2766812e+03   3.7000000e+01   5.5000000e+01   5.5000000e+02   5.4000000e+01   2.7000000e+01   3.3285714e+01   1.2035714e+01   2.0000000e+00   7.0000000e+00   2.8000000e+01   8.7977528e+00
   4.0142922e+02   1.0000000e+01   1.9000000e+01   1.9000000e+02   4.8000000e+01   6.0000000e+00   4.8000000e+01   2.1142857e+01   2.0000000e+00   1.0000000e+00   7.0000000e+00   8.4230769e+00
   4.2042953e+02   2.2000000e+01   2.4000000e+01   2.4100000e+02   4.8000000e+01   2.4000000e+01   1.8857143e+01   6.6153846e+00   2.0000000e+00   7.0000000e+00   1.3000000e+01   8.5238095e+00
   1.0368211e+03   2.9000000e+01   4.4000000e+01   4.8200000e+02   5.5000000e+01   2.7500000e+01   2.9714286e+01   1.3300000e+01   2.0000000e+00   7.0000000e+00   2.0000000e+01   9.0294118e+00
   1.0907694e+03   3.6000000e+01   5.2000000e+01   5.8600000e+02   6.1000000e+01   3.0500000e+01   3.6000000e+01   1.2592593e+01   2.0000000e+00   7.0000000e+00   2.7000000e+01   9.0722892e+00
   8.2011291e+02   2.4000000e+01   3.6000000e+01   4.2400000e+02   6.1000000e+01   3.0500000e+01   3.0400000e+01   1.4647059e+01   2.0000000e+00   5.0000000e+00   1.7000000e+01   9.0535714e+00
   1.0378979e+03   3.0000000e+01   5.1000000e+01   5.7800000e+02   5.8000000e+01   2.9000000e+01   3.7166667e+01   1.6227273e+01   2.0000000e+00   6.0000000e+00   2.2000000e+01   9.1538462e+00
   1.0104777e+03   3.0000000e+01   4.8000000e+01   5.8700000e+02   6.1000000e+01   3.0500000e+01   4.0166667e+01   1.5500000e+01   2.0000000e+00   6.0000000e+00   2.2000000e+01   9.3013699e+00
   3.7228078e+02   1.6000000e+01   1.8000000e+01   2.2700000e+02   4.4000000e+01   2.2000000e+01   2.0000000e+01   1.0125000e+01   2.0000000e+00   6.0000000e+00   8.0000000e+00   9.0312500e+00
   9.9622481e+02   2.7000000e+01   4.5000000e+01   4.9000000e+02   5.9000000e+01   2.9500000e+01   3.2666667e+01   1.5157895e+01   2.0000000e+00   6.0000000e+00   1.9000000e+01   9.3623188e+00
   1.0095967e+03   3.2000000e+01   4.6000000e+01   5.3600000e+02   5.3000000e+01   2.6500000e+01   2.7666667e+01   1.3904762e+01   2.0000000e+00   9.0000000e+00   2.1000000e+01   9.3972603e+00
   9.7368579e+02   3.0000000e+01   4.1000000e+01   5.3400000e+02   5.8000000e+01   2.9000000e+01   3.1428571e+01   1.4380952e+01   2.0000000e+00   7.0000000e+00   2.1000000e+01   9.6956522e+00
   3.8374595e+02   1.9000000e+01   2.1000000e+01   2.2400000e+02   3.8000000e+01   1.9000000e+01   1.8800000e+01   9.6666667e+00   2.0000000e+00   5.0000000e+00   1.2000000e+01   8.8333333e+00
   5.7314339e+02   2.6000000e+01   3.0000000e+01   3.6100000e+02   5.4000000e+01   2.7000000e+01   2.9333333e+01   9.1111111e+00   2.0000000e+00   6.0000000e+00   1.8000000e+01   8.8113208e+00
   1.3437653e+03   3.2000000e+01   5.4000000e+01   6.0400000e+02   6.2000000e+01   3.1000000e+01   3.7571429e+01   1.5043478e+01   2.0000000e+00   7.0000000e+00   2.3000000e+01   8.8433735e+00
   1.1298098e+03   2.9000000e+01   4.9000000e+01   5.3000000e+02   6.1000000e+01   3.0500000e+01   3.5833333e+01   1.5190476e+01   2.0000000e+00   6.0000000e+00   2.1000000e+01   8.8108108e+00
   9.6135276e+02   2.6000000e+01   4.0000000e+01   5.0000000e+02   5.9000000e+01   2.9500000e+01   3.7833333e+01   1.4166667e+01   2.0000000e+00   6.0000000e+00   1.8000000e+01   9.3906250e+00
   1.0750440e+03   3.1000000e+01   4.8000000e+01   5.1200000e+02   6.4000000e+01   3.2000000e+01   2.9857143e+01   1.3863636e+01   2.0000000e+00   7.0000000e+00   2.2000000e+01   9.1643836e+00
   1.1410654e+03   3.4000000e+01   5.4000000e+01   5.2600000e+02   5.7000000e+01   2.8500000e+01   3.1857143e+01   1.2440000e+01   2.0000000e+00   7.0000000e+00   2.5000000e+01   8.9036145e+00
   1.0670144e+03   2.4000000e+01   4.5000000e+01   5.1000000e+02   4.5000000e+01   1.9000000e+01   4.2000000e+01   1.9555556e+01   2.0000000e+00   4.0000000e+00   1.8000000e+01   9.3538462e+00
   1.1411844e+03   3.4000000e+01   4.7000000e+01   5.4200000e+02   5.7000000e+01   2.8500000e+01   3.3375000e+01   1.1333333e+01   2.0000000e+00   8.0000000e+00   2.4000000e+01   8.8205128e+00
   1.0052289e+03   3.1000000e+01   4.6000000e+01   5.4800000e+02   5.7000000e+01   2.8500000e+01   3.8000000e+01   1.3782609e+01   2.0000000e+00   6.0000000e+00   2.3000000e+01   9.4583333e+00
   1.0056695e+03   3.5000000e+01   4.3000000e+01   5.6300000e+02   5.5000000e+01   2.7500000e+01   3.3250000e+01   1.1800000e+01   2.0000000e+00   8.0000000e+00   2.5000000e+01   9.7916667e+00
   8.6866537e+02   2.2000000e+01   3.9000000e+01   4.6900000e+02   6.7000000e+01   3.3500000e+01   3.0666667e+01   1.8428571e+01   2.0000000e+00   6.0000000e+00   1.4000000e+01   9.2033898e+00
   1.1779430e+03   3.6000000e+01   5.4000000e+01   5.6300000e+02   5.4000000e+01   2.7000000e+01   3.4428571e+01   1.2518519e+01   2.0000000e+00   7.0000000e+00   2.7000000e+01   8.5714286e+00
   1.1224673e+03   3.5000000e+01   4.7000000e+01   5.6800000e+02   5.5000000e+01   2.7500000e+01   3.4571429e+01   1.2653846e+01   2.0000000e+00   7.0000000e+00   2.6000000e+01   9.2297297e+00
   1.0520629e+03   2.8000000e+01   5.0000000e+01   5.9400000e+02   6.4000000e+01   3.2000000e+01   3.6500000e+01   1.8250000e+01   2.0000000e+00   6.0000000e+00   2.0000000e+01   9.8243243e+00
   2.3794931e+02   1.3000000e+01   1.4000000e+01   1.8400000e+02   4.5000000e+01   2.2500000e+01   2.1500000e+01   9.4285714e+00   2.0000000e+00   4.0000000e+00   7.0000000e+00   9.0833333e+00
   1.0357317e+03   3.2000000e+01   4.0000000e+01   4.7700000e+02   5.4000000e+01   2.7000000e+01   2.6222222e+01   1.1285714e+01   2.0000000e+00   9.0000000e+00   2.1000000e+01   8.3768116e+00
   1.2990316e+03   3.0000000e+01   5.6000000e+01   5.9600000e+02   6.1000000e+01   3.0500000e+01   3.9000000e+01   1.7409091e+01   2.0000000e+00   6.0000000e+00   2.2000000e+01   8.9047619e+00
   1.0023161e+03   2.7000000e+01   4.5000000e+01   5.6600000e+02   6.2000000e+01   3.1000000e+01   4.1000000e+01   1.7400000e+01   2.0000000e+00   5.0000000e+00   2.0000000e+01   9.9264706e+00
   1.0437818e+03   3.2000000e+01   5.3000000e+01   6.0200000e+02   5.9000000e+01   2.9500000e+01   3.5714286e+01   1.5565217e+01   2.0000000e+00   7.0000000e+00   2.3000000e+01   9.3670886e+00
   3.9700305e+02   1.7000000e+01   2.4000000e+01   2.2300000e+02   4.7000000e+01   2.3500000e+01   2.1800000e+01   9.2000000e+00   2.0000000e+00   5.0000000e+00   1.0000000e+01   8.2777778e+00
   1.1410608e+03   3.2000000e+01   5.0000000e+01   5.6400000e+02   5.8000000e+01   2.9000000e+01   3.8000000e+01   1.3916667e+01   2.0000000e+00   6.0000000e+00   2.4000000e+01   9.1315789e+00
   9.1848234e+02   2.9000000e+01   3.8000000e+01   4.3400000e+02   5.7000000e+01   2.8500000e+01   2.6250000e+01   1.1263158e+01   2.0000000e+00   8.0000000e+00   1.9000000e+01   9.1562500e+00
   1.1282685e+03   3.3000000e+01   4.9000000e+01   5.6100000e+02   5.6000000e+01   2.8000000e+01   2.9250000e+01   1.4086957e+01   2.0000000e+00   8.0000000e+00   2.3000000e+01   9.0379747e+00
   4.9211492e+02   2.3000000e+01   2.7000000e+01   3.3900000e+02   5.1000000e+01   2.5500000e+01   2.4857143e+01   1.0357143e+01   2.0000000e+00   7.0000000e+00   1.4000000e+01   9.5319149e+00
   7.5889946e+02   2.5000000e+01   3.7000000e+01   4.2500000e+02   5.5000000e+01   2.7500000e+01   3.0000000e+01   1.3647059e+01   2.0000000e+00   6.0000000e+00   1.7000000e+01   9.0000000e+00
   9.3839377e+02   3.0000000e+01   4.4000000e+01   5.1500000e+02   5.4000000e+01   2.7000000e+01   3.1714286e+01   1.3666667e+01   2.0000000e+00   7.0000000e+00   2.1000000e+01   9.4057971e+00
   7.2622439e+02   1.9000000e+01   3.2000000e+01   3.7100000e+02   6.2000000e+01   3.1000000e+01   2.8200000e+01   1.6750000e+01   2.0000000e+00   5.0000000e+00   1.2000000e+01   9.4583333e+00
   9.6375446e+02   2.9000000e+01   4.5000000e+01   5.6000000e+02   6.3000000e+01   3.1500000e+01   3.4571429e+01   1.5250000e+01   2.0000000e+00   7.0000000e+00   2.0000000e+01   1.0073529e+01
   1.1905595e+03   3.3000000e+01   5.0000000e+01   5.0300000e+02   5.6000000e+01   2.8000000e+01   2.7875000e+01   1.2304348e+01   2.0000000e+00   8.0000000e+00   2.3000000e+01   8.4025974e+00
   1.3671968e+02   1.0000000e+01   7.0000000e+00   1.1500000e+02   4.4000000e+01   2.2000000e+01   1.1600000e+01   6.3333333e+00   2.0000000e+00   5.0000000e+00   3.0000000e+00   9.6666667e+00
   1.0121525e+03   2.8000000e+01   4.7000000e+01   5.7500000e+02   5.9000000e+01   2.9500000e+01   3.8833333e+01   1.7000000e+01   2.0000000e+00   6.0000000e+00   2.0000000e+01   9.5492958e+00
   8.9559367e+02   2.9000000e+01   4.3000000e+01   4.9600000e+02   5.8000000e+01   2.9000000e+01   3.2142857e+01   1.3450000e+01   2.0000000e+00   7.0000000e+00   2.0000000e+01   9.5671642e+00
   1.1814133e+03   3.7000000e+01   5.1000000e+01   5.7500000e+02   5.4000000e+01   2.7000000e+01   3.1222222e+01   1.1500000e+01   2.0000000e+00   9.0000000e+00   2.6000000e+01   8.9146341e+00
   1.0345455e+03   3.3000000e+01   4.6000000e+01   4.9800000e+02   5.6000000e+01   2.8000000e+01   3.0285714e+01   1.1708333e+01   2.0000000e+00   7.0000000e+00   2.4000000e+01   9.2800000e+00
   1.2058770e+03   3.8000000e+01   4.9000000e+01   5.4300000e+02   5.1000000e+01   2.5500000e+01   2.9777778e+01   1.0703704e+01   2.0000000e+00   9.0000000e+00   2.7000000e+01   8.2976190e+00
   3.2500644e+02   1.6000000e+01   1.5000000e+01   1.7800000e+02   4.4000000e+01   2.2000000e+01   1.8800000e+01   6.1111111e+00   2.0000000e+00   5.0000000e+00   9.0000000e+00   8.3214286e+00
   9.0530954e+02   2.9000000e+01   4.1000000e+01   4.8600000e+02   5.6000000e+01   2.8000000e+01   2.9571429e+01   1.3350000e+01   2.0000000e+00   7.0000000e+00   2.0000000e+01   9.1818182e+00
   9.6207019e+02   2.7000000e+01   4.1000000e+01   4.5900000e+02   5.9000000e+01   2.9500000e+01   2.4857143e+01   1.5333333e+01   2.0000000e+00   7.0000000e+00   1.8000000e+01   9.0468750e+00
   1.1225695e+03   3.0000000e+01   5.0000000e+01   5.4900000e+02   5.6000000e+01   2.8000000e+01   3.3571429e+01   1.5619048e+01   2.0000000e+00   7.0000000e+00   2.1000000e+01   9.3333333e+00
   1.0670836e+03   2.7000000e+01   4.5000000e+01   5.0200000e+02   4.2000000e+01   2.0500000e+01   4.1000000e+01   1.5400000e+01   2.0000000e+00   5.0000000e+00   2.0000000e+01   9.1343284e+00
   5.8250719e+02   2.5000000e+01   3.0000000e+01   3.3300000e+02   5.1000000e+01   2.5500000e+01   2.5000000e+01   8.8750000e+00   2.0000000e+00   7.0000000e+00   1.6000000e+01   8.7450980e+00
   9.4518709e+02   3.0000000e+01   3.9000000e+01   4.7500000e+02   5.7000000e+01   2.8500000e+01   2.9857143e+01   1.2000000e+01   2.0000000e+00   7.0000000e+00   2.1000000e+01   8.9523810e+00
   5.1716116e+02   1.8000000e+01   2.7000000e+01   3.0500000e+02   5.5000000e+01   2.7500000e+01   2.5000000e+01   1.2800000e+01   2.0000000e+00   6.0000000e+00   1.0000000e+01   9.0952381e+00
   7.0633174e+02   2.1000000e+01   3.2000000e+01   3.6400000e+02   5.0000000e+01   2.5000000e+01   3.0600000e+01   1.4214286e+01   2.0000000e+00   5.0000000e+00   1.4000000e+01   9.3600000e+00
   1.1401477e+03   3.6000000e+01   4.6000000e+01   5.5000000e+02   5.2000000e+01   2.6000000e+01   3.2285714e+01   1.2000000e+01   2.0000000e+00   7.0000000e+00   2.7000000e+01   9.3289474e+00
   8.3672035e+02   3.0000000e+01   4.2000000e+01   4.5300000e+02   5.7000000e+01   2.8500000e+01   3.1285714e+01   1.0619048e+01   2.0000000e+00   7.0000000e+00   2.1000000e+01   9.5522388e+00
   5.6099241e+02   2.2000000e+01   2.7000000e+01   3.5100000e+02   5.4000000e+01   2.7000000e+01   2.2000000e+01   1.2833333e+01   2.0000000e+00   8.0000000e+00   1.2000000e+01   9.7234043e+00
   1.0216497e+03   2.6000000e+01   4.9000000e+01   5.5700000e+02   6.0000000e+01   3.0000000e+01   3.8600000e+01   1.8789474e+01   2.0000000e+00   5.0000000e+00   1.9000000e+01   9.4927536e+00
   5.4114490e+02   2.1000000e+01   2.9000000e+01   3.1100000e+02   5.2000000e+01   2.6000000e+01   2.4833333e+01   1.1000000e+01   2.0000000e+00   6.0000000e+00   1.3000000e+01   8.9148936e+00
   1.1672727e+03   3.4000000e+01   5.1000000e+01   5.6200000e+02   5.5000000e+01   2.7500000e+01   2.8875000e+01   1.3666667e+01   2.0000000e+00   8.0000000e+00   2.4000000e+01   9.0375000e+00
   7.3333289e+02   2.5000000e+01   3.7000000e+01   4.9400000e+02   6.0000000e+01   3.0000000e+01   3.8166667e+01   1.4470588e+01   2.0000000e+00   6.0000000e+00   1.7000000e+01   9.8620690e+00
   8.3935521e+02   2.5000000e+01   4.2000000e+01   5.2100000e+02   6.0000000e+01   3.0000000e+01   3.7333333e+01   1.6470588e+01   2.0000000e+00   6.0000000e+00   1.7000000e+01   1.0031746e+01
   5.8225574e+02   2.3000000e+01   3.2000000e+01   4.2100000e+02   5.8000000e+01   2.9000000e+01   3.2500000e+01   1.4266667e+01   2.0000000e+00   6.0000000e+00   1.5000000e+01   9.7692308e+00
   9.5055513e+02   2.7000000e+01   4.6000000e+01   5.7600000e+02   6.2000000e+01   3.1000000e+01   4.1166667e+01   1.7315789e+01   2.0000000e+00   6.0000000e+00   1.9000000e+01   1.0442857e+01
   6.6576447e+02   2.5000000e+01   3.3000000e+01   3.9000000e+02   5.8000000e+01   2.9000000e+01   2.9500000e+01   1.1941176e+01   2.0000000e+00   6.0000000e+00   1.7000000e+01   9.5094340e+00
   1.6621407e+02   1.2000000e+01   9.0000000e+00   1.3700000e+02   3.4000000e+01   1.7000000e+01   1.5200000e+01   7.2000000e+00   2.0000000e+00   5.0000000e+00   5.0000000e+00   8.2631579e+00
   9.9759650e+02   2.6000000e+01   4.2000000e+01   5.1700000e+02   6.3000000e+01   3.1500000e+01   3.8333333e+01   1.5388889e+01   2.0000000e+00   6.0000000e+00   1.8000000e+01   9.5846154e+00
   9.2640315e+02   3.3000000e+01   4.4000000e+01   5.0300000e+02   5.5000000e+01   2.7500000e+01   3.0750000e+01   1.1086957e+01   2.0000000e+00   8.0000000e+00   2.3000000e+01   9.0140845e+00
   1.0019366e+03   2.8000000e+01   4.2000000e+01   5.0800000e+02   5.6000000e+01   2.8000000e+01   3.1000000e+01   1.4842105e+01   2.0000000e+00   7.0000000e+00   1.9000000e+01   9.0746269e+00
   8.3450674e+02   2.3000000e+01   3.4000000e+01   3.3000000e+02   5.2000000e+01   2.6000000e+01   2.7800000e+01   1.0812500e+01   2.0000000e+00   5.0000000e+00   1.6000000e+01   7.6346154e+00
   1.0344978e+03   2.7000000e+01   4.5000000e+01   4.6100000e+02   6.0000000e+01   3.0000000e+01   3.5333333e+01   1.2736842e+01   2.0000000e+00   6.0000000e+00   1.9000000e+01   9.0307692e+00
   1.1737170e+03   2.8000000e+01   5.0000000e+01   5.6100000e+02   6.2000000e+01   3.1000000e+01   4.0400000e+01   1.7047619e+01   2.0000000e+00   5.0000000e+00   2.1000000e+01   8.8666667e+00
   7.5173111e+02   2.6000000e+01   3.6000000e+01   4.5900000e+02   6.1000000e+01   3.0500000e+01   3.3166667e+01   1.3333333e+01   2.0000000e+00   6.0000000e+00   1.8000000e+01   9.8750000e+00
   4.2246183e+02   1.8000000e+01   2.6000000e+01   3.1400000e+02   5.5000000e+01   2.7500000e+01   2.8400000e+01   1.3181818e+01   2.0000000e+00   5.0000000e+00   1.1000000e+01   9.6500000e+00
   8.8643618e+02   2.3000000e+01   4.0000000e+01   4.6600000e+02   6.2000000e+01   3.1000000e+01   3.2166667e+01   1.6866667e+01   2.0000000e+00   6.0000000e+00   1.5000000e+01   9.5789474e+00
   7.7637025e+02   2.3000000e+01   3.5000000e+01   3.9200000e+02   5.6000000e+01   2.8000000e+01   3.0666667e+01   1.2466667e+01   2.0000000e+00   6.0000000e+00   1.5000000e+01   8.8148148e+00
   9.7657156e+02   2.6000000e+01   4.1000000e+01   4.4500000e+02   5.6000000e+01   2.8000000e+01   3.1666667e+01   1.3611111e+01   2.0000000e+00   6.0000000e+00   1.8000000e+01   8.9230769e+00
   1.2491893e+03   3.4000000e+01   5.6000000e+01   5.8900000e+02   5.8000000e+01   2.9000000e+01   3.5285714e+01   1.3760000e+01   2.0000000e+00   7.0000000e+00   2.5000000e+01   8.9759036e+00
   1.0258458e+03   3.2000000e+01   4.7000000e+01   5.0500000e+02   5.4000000e+01   2.7000000e+01   3.4666667e+01   1.2416667e+01   2.0000000e+00   6.0000000e+00   2.4000000e+01   9.0933333e+00
   6.4275884e+02   2.1000000e+01   3.3000000e+01   3.7200000e+02   5.6000000e+01   2.8000000e+01   3.2400000e+01   1.3642857e+01   2.0000000e+00   5.0000000e+00   1.4000000e+01   9.1923077e+00
   9.3684413e+02   2.7000000e+01   4.9000000e+01   5.9200000e+02   6.3000000e+01   3.1500000e+01   4.3200000e+01   1.8650000e+01   2.0000000e+00   5.0000000e+00   2.0000000e+01   9.7397260e+00
   8.9230534e+02   2.8000000e+01   4.5000000e+01   5.8000000e+02   5.9000000e+01   2.9500000e+01   4.0166667e+01   1.7050000e+01   2.0000000e+00   6.0000000e+00   2.0000000e+01   1.0159420e+01
   8.5793096e+02   2.9000000e+01   3.7000000e+01   4.1900000e+02   5.4000000e+01   2.7000000e+01   2.8000000e+01   1.0600000e+01   2.0000000e+00   7.0000000e+00   2.0000000e+01   8.5000000e+00
   1.0127818e+03   3.0000000e+01   4.8000000e+01   5.6200000e+02   5.6000000e+01   2.8000000e+01   3.3375000e+01   1.4650000e+01   2.0000000e+00   8.0000000e+00   2.0000000e+01   9.8571429e+00
   8.1583668e+02   2.7000000e+01   3.7000000e+01   4.8000000e+02   5.8000000e+01   2.9000000e+01   3.0714286e+01   1.3833333e+01   2.0000000e+00   7.0000000e+00   1.8000000e+01   9.7258065e+00
