   1.1879591e+03   3.0000000e+01   4.7000000e+01   4.7400000e+02   5.6000000e+01   2.8000000e+01   3.1666667e+01   1.2954545e+01   2.0000000e+00   6.0000000e+00   2.2000000e+01   8.0555556e+00
   3.6000000e+01   2.0000000e+00   1.0000000e+00   8.0000000e+00   8.0000000e+00   4.0000000e+00   0.0000000e+00   0.0000000e+00   2.0000000e+00   0.0000000e+00   0.0000000e+00   8.0000000e+00
   8.7495754e+02   3.1000000e+01   3.9000000e+01   3.7800000e+02   5.1000000e+01   2.5500000e+01   2.9666667e+01   8.4347826e+00   2.0000000e+00   6.0000000e+00   2.3000000e+01   6.9384615e+00
   6.9306501e+02   3.0000000e+01   4.0000000e+01   3.9200000e+02   5.5000000e+01   2.7500000e+01   1.8666667e+01   1.1157895e+01   2.0000000e+00   9.0000000e+00   1.9000000e+01   7.2794118e+00
   3.6000000e+01   2.0000000e+00   1.0000000e+00   8.0000000e+00   8.0000000e+00   4.0000000e+00   0.0000000e+00   0.0000000e+00   2.0000000e+00   0.0000000e+00   0.0000000e+00   8.0000000e+00
   3.6000000e+01   2.0000000e+00   1.0000000e+00   7.0000000e+00   7.0000000e+00   3.5000000e+00   0.0000000e+00   0.0000000e+00   2.0000000e+00   0.0000000e+00   0.0000000e+00   7.0000000e+00
   3.6000000e+01   2.0000000e+00   1.0000000e+00   7.0000000e+00   7.0000000e+00   3.5000000e+00   0.0000000e+00   0.0000000e+00   2.0000000e+00   0.0000000e+00   0.0000000e+00   7.0000000e+00
   1.1955362e+03   3.5000000e+01   5.7000000e+01   5.0200000e+02   5.6000000e+01   2.8000000e+01   3.1428571e+01   1.1269231e+01   2.0000000e+00   7.0000000e+00   2.6000000e+01   6.9310345e+00
   3.6000000e+01   2.0000000e+00   1.0000000e+00   6.0000000e+00   6.0000000e+00   3.0000000e+00   0.0000000e+00   0.0000000e+00   2.0000000e+00   0.0000000e+00   0.0000000e+00   6.0000000e+00
   1.1234709e+03   3.6000000e+01   4.9000000e+01   4.8300000e+02   5.4000000e+01   2.7000000e+01   3.1285714e+01   1.0185185e+01   2.0000000e+00   7.0000000e+00   2.7000000e+01   7.4320988e+00
   8.5956201e+02   2.7000000e+01   4.1000000e+01   3.8500000e+02   5.5000000e+01   2.7500000e+01   2.0875000e+01   1.2117647e+01   2.0000000e+00   8.0000000e+00   1.7000000e+01   7.3870968e+00
   6.9837782e+02   3.1000000e+01   4.2000000e+01   3.8500000e+02   4.8000000e+01   2.4000000e+01   2.3857143e+01   9.8636364e+00   2.0000000e+00   7.0000000e+00   2.2000000e+01   7.4516129e+00
   1.0657265e+03   3.1000000e+01   4.8000000e+01   4.2000000e+02   5.4000000e+01   2.7000000e+01   2.3000000e+01   1.1333333e+01   2.0000000e+00   8.0000000e+00   2.1000000e+01   6.9305556e+00
   9.9885587e+02   4.2000000e+01   5.7000000e+01   5.5900000e+02   5.4000000e+01   2.7000000e+01   3.0888889e+01   9.4193548e+00   2.0000000e+00   9.0000000e+00   3.1000000e+01   7.5326087e+00
   9.5869163e+02   4.1000000e+01   5.1000000e+01   5.2100000e+02   5.2000000e+01   2.6000000e+01   2.8222222e+01   9.0333333e+00   2.0000000e+00   9.0000000e+00   3.0000000e+01   7.4069767e+00
   9.4227002e+02   3.9000000e+01   4.5000000e+01   4.2300000e+02   4.8000000e+01   2.4000000e+01   2.4000000e+01   7.3928571e+00   2.0000000e+00   9.0000000e+00   2.8000000e+01   6.8571429e+00
   3.6000000e+01   2.0000000e+00   1.0000000e+00   8.0000000e+00   8.0000000e+00   4.0000000e+00   0.0000000e+00   0.0000000e+00   2.0000000e+00   0.0000000e+00   0.0000000e+00   8.0000000e+00
   1.2400988e+03   4.1000000e+01   5.2000000e+01   5.3600000e+02   5.3000000e+01   2.6500000e+01   3.0875000e+01   9.6774194e+00   2.0000000e+00   8.0000000e+00   3.1000000e+01   7.2272727e+00
   9.1472979e+02   3.0000000e+01   4.6000000e+01   4.3100000e+02   5.4000000e+01   2.7000000e+01   3.2166667e+01   1.0636364e+01   2.0000000e+00   6.0000000e+00   2.2000000e+01   7.3188406e+00
   3.6000000e+01   2.0000000e+00   1.0000000e+00   6.0000000e+00   6.0000000e+00   3.0000000e+00   0.0000000e+00   0.0000000e+00   2.0000000e+00   0.0000000e+00   0.0000000e+00   6.0000000e+00
   8.8351812e+02   3.2000000e+01   4.8000000e+01   4.2900000e+02   5.7000000e+01   2.8500000e+01   3.0166667e+01   1.0125000e+01   2.0000000e+00   6.0000000e+00   2.4000000e+01   7.1506849e+00
   3.6000000e+01   2.0000000e+00   1.0000000e+00   5.0000000e+00   5.0000000e+00   2.5000000e+00   0.0000000e+00   0.0000000e+00   2.0000000e+00   0.0000000e+00   0.0000000e+00   5.0000000e+00
   3.6000000e+01   2.0000000e+00   1.0000000e+00   8.0000000e+00   8.0000000e+00   4.0000000e+00   0.0000000e+00   0.0000000e+00   2.0000000e+00   0.0000000e+00   0.0000000e+00   8.0000000e+00
   3.6000000e+01   2.0000000e+00   1.0000000e+00   7.0000000e+00   7.0000000e+00   3.5000000e+00   0.0000000e+00   0.0000000e+00   2.0000000e+00   0.0000000e+00   0.0000000e+00   7.0000000e+00
   1.2408937e+03   3.2000000e+01   4.8000000e+01   4.4500000e+02   5.3000000e+01   2.6500000e+01   2.9000000e+01   1.1291667e+01   2.0000000e+00   6.0000000e+00   2.4000000e+01   7.0394737e+00
   8.6297091e+02   3.4000000e+01   4.3000000e+01   4.1800000e+02   5.3000000e+01   2.6500000e+01   2.9833333e+01   9.0769231e+00   2.0000000e+00   6.0000000e+00   2.6000000e+01   7.7671233e+00
   3.6000000e+01   2.0000000e+00   1.0000000e+00   8.0000000e+00   8.0000000e+00   4.0000000e+00   0.0000000e+00   0.0000000e+00   2.0000000e+00   0.0000000e+00   0.0000000e+00   8.0000000e+00
   1.1307039e+03   3.2000000e+01   5.1000000e+01   4.2300000e+02   5.4000000e+01   2.7000000e+01   2.3250000e+01   1.0863636e+01   2.0000000e+00   8.0000000e+00   2.2000000e+01   6.6533333e+00
   1.2385215e+03   3.5000000e+01   6.0000000e+01   5.4600000e+02   5.4000000e+01   2.7000000e+01   3.1142857e+01   1.3076923e+01   2.0000000e+00   7.0000000e+00   2.6000000e+01   7.3146067e+00
   7.6519640e+02   2.5000000e+01   4.0000000e+01   4.0100000e+02   4.9000000e+01   2.4500000e+01   2.8166667e+01   1.3117647e+01   2.0000000e+00   6.0000000e+00   1.7000000e+01   7.5714286e+00
   8.4269671e+02   2.6000000e+01   4.5000000e+01   3.8800000e+02   5.2000000e+01   2.6000000e+01   2.7166667e+01   1.2277778e+01   2.0000000e+00   6.0000000e+00   1.8000000e+01   7.1230769e+00
   3.6000000e+01   2.0000000e+00   1.0000000e+00   5.0000000e+00   5.0000000e+00   2.5000000e+00   0.0000000e+00   0.0000000e+00   2.0000000e+00   0.0000000e+00   0.0000000e+00   5.0000000e+00
   1.0359932e+03   3.0000000e+01   4.7000000e+01   4.2200000e+02   5.3000000e+01   2.6500000e+01   3.1333333e+01   1.1318182e+01   2.0000000e+00   6.0000000e+00   2.2000000e+01   7.0821918e+00
   3.6000000e+01   2.0000000e+00   1.0000000e+00   8.0000000e+00   8.0000000e+00   4.0000000e+00   0.0000000e+00   0.0000000e+00   2.0000000e+00   0.0000000e+00   0.0000000e+00   8.0000000e+00
   3.6000000e+01   2.0000000e+00   1.0000000e+00   7.0000000e+00   7.0000000e+00   3.5000000e+00   0.0000000e+00   0.0000000e+00   2.0000000e+00   0.0000000e+00   0.0000000e+00   7.0000000e+00
   3.6000000e+01   2.0000000e+00   1.0000000e+00   5.0000000e+00   5.0000000e+00   2.5000000e+00   0.0000000e+00   0.0000000e+00   2.0000000e+00   0.0000000e+00   0.0000000e+00   5.0000000e+00
   3.6000000e+01   2.0000000e+00   1.0000000e+00   5.0000000e+00   5.0000000e+00   2.5000000e+00   0.0000000e+00   0.0000000e+00   2.0000000e+00   0.0000000e+00   0.0000000e+00   5.0000000e+00
   1.3431294e+03   4.0000000e+01   5.9000000e+01   5.6900000e+02   5.0000000e+01   2.5000000e+01   3.2000000e+01   1.1366667e+01   2.0000000e+00   8.0000000e+00   3.0000000e+01   7.1752577e+00
   8.0580138e+02   2.5000000e+01   4.1000000e+01   3.9400000e+02   5.9000000e+01   2.9500000e+01   2.8000000e+01   1.2647059e+01   2.0000000e+00   6.0000000e+00   1.7000000e+01   7.7419355e+00
   3.6000000e+01   2.0000000e+00   1.0000000e+00   5.0000000e+00   5.0000000e+00   2.5000000e+00   0.0000000e+00   0.0000000e+00   2.0000000e+00   0.0000000e+00   0.0000000e+00   5.0000000e+00
   3.6000000e+01   2.0000000e+00   1.0000000e+00   6.0000000e+00   6.0000000e+00   3.0000000e+00   0.0000000e+00   0.0000000e+00   2.0000000e+00   0.0000000e+00   0.0000000e+00   6.0000000e+00
   8.7373016e+02   3.1000000e+01   4.3000000e+01   4.5500000e+02   5.7000000e+01   2.8500000e+01   3.3166667e+01   1.0521739e+01   2.0000000e+00   6.0000000e+00   2.3000000e+01   7.6285714e+00
   1.2648072e+03   3.0000000e+01   5.7000000e+01   4.5800000e+02   5.7000000e+01   2.8500000e+01   2.1750000e+01   1.4250000e+01   2.0000000e+00   8.0000000e+00   2.0000000e+01   6.7530864e+00
   1.3336572e+03   3.6000000e+01   5.9000000e+01   5.2800000e+02   5.4000000e+01   2.7000000e+01   3.1285714e+01   1.1888889e+01   2.0000000e+00   7.0000000e+00   2.7000000e+01   7.0769231e+00
   3.6000000e+01   2.0000000e+00   1.0000000e+00   5.0000000e+00   5.0000000e+00   2.5000000e+00   0.0000000e+00   0.0000000e+00   2.0000000e+00   0.0000000e+00   0.0000000e+00   5.0000000e+00
   8.3452889e+02   2.8000000e+01   4.2000000e+01   4.2000000e+02   5.2000000e+01   2.6000000e+01   2.6000000e+01   1.2700000e+01   2.0000000e+00   6.0000000e+00   2.0000000e+01   7.2686567e+00
   1.2669507e+03   3.7000000e+01   5.5000000e+01   5.0400000e+02   5.2000000e+01   2.6000000e+01   2.8250000e+01   1.1000000e+01   2.0000000e+00   8.0000000e+00   2.7000000e+01   7.3058824e+00
   7.7241023e+02   2.9000000e+01   4.3000000e+01   4.4600000e+02   5.6000000e+01   2.8000000e+01   3.0000000e+01   1.1400000e+01   2.0000000e+00   7.0000000e+00   2.0000000e+01   8.2153846e+00
   9.0982517e+02   3.1000000e+01   4.6000000e+01   4.4700000e+02   5.1000000e+01   2.5500000e+01   3.1666667e+01   1.1217391e+01   2.0000000e+00   6.0000000e+00   2.3000000e+01   7.3661972e+00
   3.6000000e+01   2.0000000e+00   1.0000000e+00   5.0000000e+00   5.0000000e+00   2.5000000e+00   0.0000000e+00   0.0000000e+00   2.0000000e+00   0.0000000e+00   0.0000000e+00   5.0000000e+00
   9.9639800e+02   2.7000000e+01   4.5000000e+01   3.9800000e+02   5.0000000e+01   2.5000000e+01   3.0666667e+01   1.1263158e+01   2.0000000e+00   6.0000000e+00   1.9000000e+01   7.0149254e+00
   3.6000000e+01   2.0000000e+00   1.0000000e+00   6.0000000e+00   6.0000000e+00   3.0000000e+00   0.0000000e+00   0.0000000e+00   2.0000000e+00   0.0000000e+00   0.0000000e+00   6.0000000e+00
   3.6000000e+01   2.0000000e+00   1.0000000e+00   6.0000000e+00   6.0000000e+00   3.0000000e+00   0.0000000e+00   0.0000000e+00   2.0000000e+00   0.0000000e+00   0.0000000e+00   6.0000000e+00
   3.6000000e+01   2.0000000e+00   1.0000000e+00   8.0000000e+00   8.0000000e+00   4.0000000e+00   0.0000000e+00   0.0000000e+00   2.0000000e+00   0.0000000e+00   0.0000000e+00   8.0000000e+00
   3.6000000e+01   2.0000000e+00   1.0000000e+00   8.0000000e+00   8.0000000e+00   4.0000000e+00   0.0000000e+00   0.0000000e+00   2.0000000e+00   0.0000000e+00   0.0000000e+00   8.0000000e+00
   3.6000000e+01   2.0000000e+00   1.0000000e+00   8.0000000e+00   8.0000000e+00   4.0000000e+00   0.0000000e+00   0.0000000e+00   2.0000000e+00   0.0000000e+00   0.0000000e+00   8.0000000e+00
   3.6000000e+01   2.0000000e+00   1.0000000e+00   7.0000000e+00   7.0000000e+00   3.5000000e+00   0.0000000e+00   0.0000000e+00   2.0000000e+00   0.0000000e+00   0.0000000e+00   7.0000000e+00
   3.6000000e+01   2.0000000e+00   1.0000000e+00   8.0000000e+00   8.0000000e+00   4.0000000e+00   0.0000000e+00   0.0000000e+00   2.0000000e+00   0.0000000e+00   0.0000000e+00   8.0000000e+00
   3.6000000e+01   2.0000000e+00   1.0000000e+00   6.0000000e+00   6.0000000e+00   3.0000000e+00   0.0000000e+00   0.0000000e+00   2.0000000e+00   0.0000000e+00   0.0000000e+00   6.0000000e+00
   3.6000000e+01   2.0000000e+00   1.0000000e+00   8.0000000e+00   8.0000000e+00   4.0000000e+00   0.0000000e+00   0.0000000e+00   2.0000000e+00   0.0000000e+00   0.0000000e+00   8.0000000e+00
   1.2764110e+03   3.7000000e+01   6.0000000e+01   5.2700000e+02   5.5000000e+01   2.7500000e+01   3.2285714e+01   1.1500000e+01   2.0000000e+00   7.0000000e+00   2.8000000e+01   7.2065217e+00
   3.6000000e+01   2.0000000e+00   1.0000000e+00   7.0000000e+00   7.0000000e+00   3.5000000e+00   0.0000000e+00   0.0000000e+00   2.0000000e+00   0.0000000e+00   0.0000000e+00   7.0000000e+00
   1.2441632e+03   3.6000000e+01   5.9000000e+01   5.3500000e+02   5.7000000e+01   2.8500000e+01   3.1142857e+01   1.2074074e+01   2.0000000e+00   7.0000000e+00   2.7000000e+01   7.0674157e+00
   3.6000000e+01   2.0000000e+00   1.0000000e+00   8.0000000e+00   8.0000000e+00   4.0000000e+00   0.0000000e+00   0.0000000e+00   2.0000000e+00   0.0000000e+00   0.0000000e+00   8.0000000e+00
   3.6000000e+01   2.0000000e+00   1.0000000e+00   8.0000000e+00   8.0000000e+00   4.0000000e+00   0.0000000e+00   0.0000000e+00   2.0000000e+00   0.0000000e+00   0.0000000e+00   8.0000000e+00
   1.3815756e+03   4.5000000e+01   6.6000000e+01   5.6500000e+02   5.4000000e+01   2.7000000e+01   2.9750000e+01   1.0114286e+01   2.0000000e+00   8.0000000e+00   3.5000000e+01   6.6442308e+00
   3.6000000e+01   2.0000000e+00   1.0000000e+00   7.0000000e+00   7.0000000e+00   3.5000000e+00   0.0000000e+00   0.0000000e+00   2.0000000e+00   0.0000000e+00   0.0000000e+00   7.0000000e+00
   3.6000000e+01   2.0000000e+00   1.0000000e+00   6.0000000e+00   6.0000000e+00   3.0000000e+00   0.0000000e+00   0.0000000e+00   2.0000000e+00   0.0000000e+00   0.0000000e+00   6.0000000e+00
   1.0101820e+03   3.6000000e+01   4.5000000e+01   4.3300000e+02   5.1000000e+01   2.5500000e+01   2.8714286e+01   8.7407407e+00   2.0000000e+00   7.0000000e+00   2.7000000e+01   7.2266667e+00
   9.6479100e+02   3.5000000e+01   4.6000000e+01   4.6400000e+02   5.1000000e+01   2.5500000e+01   2.5250000e+01   1.0440000e+01   2.0000000e+00   8.0000000e+00   2.5000000e+01   7.3896104e+00
   8.8088308e+02   2.8000000e+01   3.9000000e+01   4.0300000e+02   5.6000000e+01   2.8000000e+01   2.5142857e+01   1.1473684e+01   2.0000000e+00   7.0000000e+00   1.9000000e+01   7.9687500e+00
   3.6000000e+01   2.0000000e+00   1.0000000e+00   8.0000000e+00   8.0000000e+00   4.0000000e+00   0.0000000e+00   0.0000000e+00   2.0000000e+00   0.0000000e+00   0.0000000e+00   8.0000000e+00
   1.0305845e+03   3.3000000e+01   4.8000000e+01   4.8700000e+02   5.3000000e+01   2.6500000e+01   3.1571429e+01   1.1208333e+01   2.0000000e+00   7.0000000e+00   2.4000000e+01   7.4342105e+00
   3.6000000e+01   2.0000000e+00   1.0000000e+00   7.0000000e+00   7.0000000e+00   3.5000000e+00   0.0000000e+00   0.0000000e+00   2.0000000e+00   0.0000000e+00   0.0000000e+00   7.0000000e+00
   3.6000000e+01   2.0000000e+00   1.0000000e+00   8.0000000e+00   8.0000000e+00   4.0000000e+00   0.0000000e+00   0.0000000e+00   2.0000000e+00   0.0000000e+00   0.0000000e+00   8.0000000e+00
   3.6000000e+01   2.0000000e+00   1.0000000e+00   7.0000000e+00   7.0000000e+00   3.5000000e+00   0.0000000e+00   0.0000000e+00   2.0000000e+00   0.0000000e+00   0.0000000e+00   7.0000000e+00
   1.4338616e+03   3.8000000e+01   5.9000000e+01   5.3500000e+02   5.3000000e+01   2.6500000e+01   3.1375000e+01   1.0928571e+01   2.0000000e+00   8.0000000e+00   2.8000000e+01   7.1935484e+00
   1.0540812e+03   4.0000000e+01   5.2000000e+01   5.6600000e+02   5.2000000e+01   2.6000000e+01   3.1500000e+01   1.0866667e+01   2.0000000e+00   8.0000000e+00   3.0000000e+01   7.7078652e+00
   1.2535821e+03   2.8000000e+01   4.9000000e+01   4.2600000e+02   5.3000000e+01   2.6500000e+01   3.1666667e+01   1.2450000e+01   2.0000000e+00   6.0000000e+00   2.0000000e+01   6.9324324e+00
   8.9743914e+02   3.4000000e+01   4.2000000e+01   4.0700000e+02   5.2000000e+01   2.6000000e+01   2.4625000e+01   8.5833333e+00   2.0000000e+00   8.0000000e+00   2.4000000e+01   7.2753623e+00
   1.2721793e+03   4.3000000e+01   6.6000000e+01   5.5900000e+02   5.5000000e+01   2.7500000e+01   3.0500000e+01   1.0272727e+01   2.0000000e+00   8.0000000e+00   3.3000000e+01   7.1287129e+00
   3.6000000e+01   2.0000000e+00   1.0000000e+00   5.0000000e+00   5.0000000e+00   2.5000000e+00   0.0000000e+00   0.0000000e+00   2.0000000e+00   0.0000000e+00   0.0000000e+00   5.0000000e+00
   7.6902393e+02   2.9000000e+01   3.9000000e+01   3.7900000e+02   4.9000000e+01   2.4500000e+01   2.6000000e+01   8.5263158e+00   2.0000000e+00   8.0000000e+00   1.9000000e+01   7.3538462e+00
   9.1492229e+02   3.2000000e+01   5.0000000e+01   4.6200000e+02   4.9000000e+01   2.4500000e+01   2.9857143e+01   1.1130435e+01   2.0000000e+00   7.0000000e+00   2.3000000e+01   7.3972603e+00
   3.6000000e+01   2.0000000e+00   1.0000000e+00   7.0000000e+00   7.0000000e+00   3.5000000e+00   0.0000000e+00   0.0000000e+00   2.0000000e+00   0.0000000e+00   0.0000000e+00   7.0000000e+00
   1.0747644e+03   3.2000000e+01   4.9000000e+01   4.9200000e+02   5.5000000e+01   2.7500000e+01   3.1285714e+01   1.1869565e+01   2.0000000e+00   7.0000000e+00   2.3000000e+01   7.3205128e+00
   1.2268366e+03   2.8000000e+01   5.8000000e+01   4.6300000e+02   5.5000000e+01   2.7500000e+01   2.9833333e+01   1.4800000e+01   2.0000000e+00   6.0000000e+00   2.0000000e+01   6.8815789e+00
   9.1092709e+02   1.1000000e+01   3.8000000e+01   3.0100000e+02   5.9000000e+01   5.5000000e+00   5.9000000e+01   3.3500000e+01   2.0000000e+00   1.0000000e+00   8.0000000e+00   7.2666667e+00
   3.6000000e+01   2.0000000e+00   1.0000000e+00   5.0000000e+00   5.0000000e+00   2.5000000e+00   0.0000000e+00   0.0000000e+00   2.0000000e+00   0.0000000e+00   0.0000000e+00   5.0000000e+00
   7.6991943e+02   2.7000000e+01   3.8000000e+01   3.4600000e+02   4.9000000e+01   2.4500000e+01   3.1000000e+01   9.3000000e+00   2.0000000e+00   5.0000000e+00   2.0000000e+01   6.7833333e+00
   3.6000000e+01   2.0000000e+00   1.0000000e+00   8.0000000e+00   8.0000000e+00   4.0000000e+00   0.0000000e+00   0.0000000e+00   2.0000000e+00   0.0000000e+00   0.0000000e+00   8.0000000e+00
   1.0561890e+03   3.3000000e+01   4.7000000e+01   4.3700000e+02   5.1000000e+01   2.5500000e+01   2.7285714e+01   1.0416667e+01   2.0000000e+00   7.0000000e+00   2.4000000e+01   7.2297297e+00
   3.6000000e+01   2.0000000e+00   1.0000000e+00   8.0000000e+00   8.0000000e+00   4.0000000e+00   0.0000000e+00   0.0000000e+00   2.0000000e+00   0.0000000e+00   0.0000000e+00   8.0000000e+00
   3.6000000e+01   2.0000000e+00   1.0000000e+00   7.0000000e+00   7.0000000e+00   3.5000000e+00   0.0000000e+00   0.0000000e+00   2.0000000e+00   0.0000000e+00   0.0000000e+00   7.0000000e+00
   8.9334333e+02   2.7000000e+01   4.1000000e+01   4.1700000e+02   5.5000000e+01   2.7500000e+01   2.8571429e+01   1.1722222e+01   2.0000000e+00   7.0000000e+00   1.8000000e+01   7.6875000e+00
   3.6000000e+01   2.0000000e+00   1.0000000e+00   8.0000000e+00   8.0000000e+00   4.0000000e+00   0.0000000e+00   0.0000000e+00   2.0000000e+00   0.0000000e+00   0.0000000e+00   8.0000000e+00
   1.0201903e+03   2.8000000e+01   4.6000000e+01   4.3300000e+02   5.7000000e+01   2.8500000e+01   2.1875000e+01   1.4000000e+01   2.0000000e+00   8.0000000e+00   1.8000000e+01   7.6086957e+00
   3.6000000e+01   2.0000000e+00   1.0000000e+00   8.0000000e+00   8.0000000e+00   4.0000000e+00   0.0000000e+00   0.0000000e+00   2.0000000e+00   0.0000000e+00   0.0000000e+00   8.0000000e+00
   1.0538719e+03   2.8000000e+01   4.6000000e+01   4.3800000e+02   5.7000000e+01   2.8500000e+01   2.9000000e+01   1.3050000e+01   2.0000000e+00   6.0000000e+00   2.0000000e+01   7.8309859e+00
   1.0301792e+03   4.2000000e+01   4.8000000e+01   4.9700000e+02   5.2000000e+01   2.6000000e+01   2.7444444e+01   8.3225806e+00   2.0000000e+00   9.0000000e+00   3.1000000e+01   7.2168675e+00
