   3.9071506e+02   2.0000000e+01   2.2000000e+01   2.2100000e+02   4.2000000e+01   2.1000000e+01   1.4000000e+01   9.7500000e+00   2.0000000e+00   6.0000000e+00   1.2000000e+01   6.6923077e+00
   2.1391308e+03   4.0000000e+01   6.5000000e+01   4.7800000e+02   5.1000000e+01   2.5500000e+01   2.6500000e+01   9.6666667e+00   2.0000000e+00   8.0000000e+00   3.0000000e+01   6.2474227e+00
   2.2419583e+03   4.9000000e+01   7.2000000e+01   5.8600000e+02   5.1000000e+01   2.5500000e+01   2.9444444e+01   9.4736842e+00   2.0000000e+00   9.0000000e+00   3.8000000e+01   6.3478261e+00
   1.1246316e+03   1.7000000e+01   3.4000000e+01   2.5100000e+02   4.4000000e+01   7.0000000e+00   2.9000000e+01   1.6384615e+01   2.0000000e+00   2.0000000e+00   1.3000000e+01   6.1836735e+00
   2.5298795e+03   4.0000000e+01   7.1000000e+01   5.1600000e+02   5.4000000e+01   2.7000000e+01   2.7250000e+01   1.0733333e+01   2.0000000e+00   8.0000000e+00   3.0000000e+01   5.9807692e+00
   2.4035266e+03   4.8000000e+01   7.3000000e+01   5.5400000e+02   5.2000000e+01   2.6000000e+01   2.8600000e+01   8.5555556e+00   2.0000000e+00   1.0000000e+01   3.6000000e+01   6.6491228e+00
   2.2139764e+03   3.7000000e+01   6.5000000e+01   5.1200000e+02   5.6000000e+01   2.8000000e+01   2.7375000e+01   1.1629630e+01   2.0000000e+00   8.0000000e+00   2.7000000e+01   6.5876289e+00
   1.8284112e+03   3.9000000e+01   6.2000000e+01   5.2200000e+02   5.3000000e+01   2.6500000e+01   2.8000000e+01   1.0214286e+01   2.0000000e+00   9.0000000e+00   2.8000000e+01   6.7096774e+00
   2.5751202e+03   3.9000000e+01   7.8000000e+01   5.9400000e+02   5.4000000e+01   2.7000000e+01   3.3428571e+01   1.3300000e+01   2.0000000e+00   7.0000000e+00   3.0000000e+01   6.3185841e+00
   2.4421081e+03   4.6000000e+01   7.7000000e+01   5.5500000e+02   4.9000000e+01   2.4500000e+01   3.1222222e+01   9.1714286e+00   2.0000000e+00   9.0000000e+00   3.5000000e+01   6.2072072e+00
   1.7276259e+03   3.5000000e+01   6.0000000e+01   4.9300000e+02   5.3000000e+01   2.6500000e+01   2.8285714e+01   1.1730769e+01   2.0000000e+00   7.0000000e+00   2.6000000e+01   6.9888889e+00
   1.5776992e+03   3.4000000e+01   5.6000000e+01   4.0400000e+02   5.0000000e+01   2.5000000e+01   2.5125000e+01   9.1250000e+00   2.0000000e+00   8.0000000e+00   2.4000000e+01   6.4500000e+00
   2.5708797e+03   4.3000000e+01   7.4000000e+01   5.6000000e+02   5.2000000e+01   2.6000000e+01   2.8333333e+01   1.0843750e+01   2.0000000e+00   9.0000000e+00   3.2000000e+01   6.2314815e+00
   1.9652502e+03   3.6000000e+01   6.2000000e+01   5.2600000e+02   5.5000000e+01   2.7500000e+01   2.9375000e+01   1.1923077e+01   2.0000000e+00   8.0000000e+00   2.6000000e+01   6.8297872e+00
   2.0227320e+03   4.0000000e+01   6.3000000e+01   4.8600000e+02   5.4000000e+01   2.7000000e+01   3.0857143e+01   9.3548387e+00   2.0000000e+00   7.0000000e+00   3.1000000e+01   6.3030303e+00
   1.7576566e+03   3.7000000e+01   5.9000000e+01   4.9800000e+02   5.3000000e+01   2.6500000e+01   2.5333333e+01   1.1192308e+01   2.0000000e+00   9.0000000e+00   2.6000000e+01   6.8876404e+00
   2.1564582e+03   4.2000000e+01   7.1000000e+01   5.6500000e+02   5.5000000e+01   2.7500000e+01   2.9375000e+01   1.1093750e+01   2.0000000e+00   8.0000000e+00   3.2000000e+01   6.8118812e+00
   1.6734510e+03   3.4000000e+01   4.9000000e+01   3.9900000e+02   5.3000000e+01   2.6500000e+01   2.1875000e+01   9.5833333e+00   2.0000000e+00   8.0000000e+00   2.4000000e+01   6.4487179e+00
   2.1645987e+03   3.5000000e+01   5.9000000e+01   4.2700000e+02   5.2000000e+01   2.6000000e+01   2.4625000e+01   9.9600000e+00   2.0000000e+00   8.0000000e+00   2.5000000e+01   5.8750000e+00
   1.9236452e+03   3.9000000e+01   6.2000000e+01   5.3800000e+02   5.4000000e+01   2.7000000e+01   3.1125000e+01   1.0379310e+01   2.0000000e+00   8.0000000e+00   2.9000000e+01   6.7187500e+00
   2.0859389e+03   4.8000000e+01   5.9000000e+01   4.8000000e+02   4.9000000e+01   2.4500000e+01   2.9500000e+01   7.1315789e+00   2.0000000e+00   8.0000000e+00   3.8000000e+01   6.0000000e+00
   2.2333045e+03   4.5000000e+01   7.0000000e+01   5.6600000e+02   5.5000000e+01   2.7500000e+01   2.9555556e+01   9.7058824e+00   2.0000000e+00   9.0000000e+00   3.4000000e+01   6.6346154e+00
   2.0851934e+03   4.5000000e+01   6.2000000e+01   5.0800000e+02   4.8000000e+01   2.4000000e+01   3.0750000e+01   8.0571429e+00   2.0000000e+00   8.0000000e+00   3.5000000e+01   6.4329897e+00
   2.1338430e+03   4.2000000e+01   6.7000000e+01   5.2800000e+02   4.9000000e+01   2.4500000e+01   3.0125000e+01   1.0062500e+01   2.0000000e+00   8.0000000e+00   3.2000000e+01   6.3809524e+00
   2.0098176e+03   4.0000000e+01   6.5000000e+01   4.9400000e+02   4.9000000e+01   2.4500000e+01   3.2714286e+01   9.3548387e+00   2.0000000e+00   7.0000000e+00   3.1000000e+01   6.0505051e+00
   2.3307346e+03   3.7000000e+01   6.8000000e+01   5.3200000e+02   5.2000000e+01   2.6000000e+01   3.2142857e+01   1.2142857e+01   2.0000000e+00   7.0000000e+00   2.8000000e+01   6.4059406e+00
   1.9795813e+03   3.4000000e+01   6.0000000e+01   4.1000000e+02   5.0000000e+01   2.5000000e+01   2.5428571e+01   1.0280000e+01   2.0000000e+00   7.0000000e+00   2.5000000e+01   5.9310345e+00
   1.8623129e+03   3.6000000e+01   6.2000000e+01   5.2200000e+02   5.5000000e+01   2.7500000e+01   3.1714286e+01   1.1814815e+01   2.0000000e+00   7.0000000e+00   2.7000000e+01   7.0549451e+00
   1.5762157e+03   3.7000000e+01   5.4000000e+01   4.4600000e+02   5.0000000e+01   2.5000000e+01   2.3666667e+01   9.3461538e+00   2.0000000e+00   9.0000000e+00   2.6000000e+01   6.8571429e+00
   1.5273286e+03   3.2000000e+01   5.2000000e+01   4.3900000e+02   5.5000000e+01   2.7500000e+01   2.5375000e+01   1.0909091e+01   2.0000000e+00   8.0000000e+00   2.2000000e+01   6.7250000e+00
   1.8262980e+03   3.4000000e+01   6.1000000e+01   5.0000000e+02   5.6000000e+01   2.8000000e+01   3.2285714e+01   1.1600000e+01   2.0000000e+00   7.0000000e+00   2.5000000e+01   6.8555556e+00
   2.2204801e+03   4.1000000e+01   7.0000000e+01   5.2900000e+02   5.1000000e+01   2.5500000e+01   3.0250000e+01   1.0419355e+01   2.0000000e+00   8.0000000e+00   3.1000000e+01   6.6960784e+00
   2.1158516e+03   4.6000000e+01   7.0000000e+01   5.6800000e+02   5.3000000e+01   2.6500000e+01   2.8900000e+01   8.9411765e+00   2.0000000e+00   1.0000000e+01   3.4000000e+01   6.7777778e+00
   2.6735305e+03   4.2000000e+01   7.1000000e+01   5.1500000e+02   4.8000000e+01   2.4000000e+01   2.6888889e+01   9.7096774e+00   2.0000000e+00   9.0000000e+00   3.1000000e+01   6.0571429e+00
   2.1417179e+03   4.6000000e+01   6.3000000e+01   5.0900000e+02   5.2000000e+01   2.6000000e+01   2.5500000e+01   8.2941176e+00   2.0000000e+00   1.0000000e+01   3.4000000e+01   6.2952381e+00
   2.0787117e+03   3.6000000e+01   5.6000000e+01   4.1400000e+02   5.1000000e+01   2.5500000e+01   2.1222222e+01   9.4000000e+00   2.0000000e+00   9.0000000e+00   2.5000000e+01   5.8735632e+00
   1.9012718e+03   3.9000000e+01   6.0000000e+01   4.6600000e+02   5.2000000e+01   2.6000000e+01   2.3888889e+01   9.3928571e+00   2.0000000e+00   9.0000000e+00   2.8000000e+01   6.3111111e+00
   2.1042490e+03   3.9000000e+01   6.7000000e+01   5.2500000e+02   5.4000000e+01   2.7000000e+01   3.1625000e+01   1.0103448e+01   2.0000000e+00   8.0000000e+00   2.9000000e+01   6.7500000e+00
   2.1809044e+03   4.0000000e+01   7.0000000e+01   5.4100000e+02   5.3000000e+01   2.6500000e+01   2.8875000e+01   1.1300000e+01   2.0000000e+00   8.0000000e+00   3.0000000e+01   6.3846154e+00
   2.1148271e+03   4.2000000e+01   6.4000000e+01   4.5700000e+02   5.1000000e+01   2.5500000e+01   2.3900000e+01   8.1666667e+00   2.0000000e+00   1.0000000e+01   3.0000000e+01   6.0204082e+00
   2.2596011e+03   4.7000000e+01   6.6000000e+01   5.2400000e+02   5.2000000e+01   2.6000000e+01   2.7888889e+01   8.5277778e+00   2.0000000e+00   9.0000000e+00   3.6000000e+01   6.1414141e+00
   1.7199058e+03   4.0000000e+01   5.7000000e+01   4.7200000e+02   5.3000000e+01   2.6500000e+01   2.5000000e+01   9.1034483e+00   2.0000000e+00   9.0000000e+00   2.9000000e+01   6.6555556e+00
   2.6909649e+03   4.8000000e+01   7.5000000e+01   5.3300000e+02   4.6000000e+01   2.3000000e+01   2.9250000e+01   9.0263158e+00   2.0000000e+00   8.0000000e+00   3.8000000e+01   5.7807018e+00
   1.6423127e+03   2.9000000e+01   5.0000000e+01   4.2300000e+02   5.3000000e+01   2.6500000e+01   2.3571429e+01   1.3100000e+01   2.0000000e+00   7.0000000e+00   2.0000000e+01   7.0410959e+00
   2.0228837e+03   4.2000000e+01   6.5000000e+01   5.1900000e+02   5.3000000e+01   2.6500000e+01   2.8250000e+01   9.9375000e+00   2.0000000e+00   8.0000000e+00   3.2000000e+01   6.5049505e+00
   1.6885994e+03   4.3000000e+01   5.5000000e+01   4.7300000e+02   5.0000000e+01   2.5000000e+01   2.5750000e+01   8.5151515e+00   2.0000000e+00   8.0000000e+00   3.3000000e+01   6.9021739e+00
   2.2089969e+03   3.8000000e+01   6.5000000e+01   4.9200000e+02   5.5000000e+01   2.7500000e+01   2.7714286e+01   1.1000000e+01   2.0000000e+00   7.0000000e+00   2.9000000e+01   6.1134021e+00
   2.3913635e+03   4.6000000e+01   7.1000000e+01   4.9200000e+02   4.7000000e+01   2.3500000e+01   2.4600000e+01   8.4117647e+00   2.0000000e+00   1.0000000e+01   3.4000000e+01   5.9433962e+00
   1.9318637e+03   4.3000000e+01   6.6000000e+01   5.7000000e+02   5.2000000e+01   2.6000000e+01   2.9222222e+01   1.0656250e+01   2.0000000e+00   9.0000000e+00   3.2000000e+01   6.9900990e+00
   2.2812820e+03   3.9000000e+01   6.5000000e+01   4.6900000e+02   5.1000000e+01   2.5500000e+01   2.8428571e+01   9.7333333e+00   2.0000000e+00   7.0000000e+00   3.0000000e+01   5.9191919e+00
   2.0457495e+03   3.8000000e+01   6.2000000e+01   4.4900000e+02   4.9000000e+01   2.4500000e+01   2.0300000e+01   9.9615385e+00   2.0000000e+00   1.0000000e+01   2.6000000e+01   6.2584270e+00
   1.3648340e+03   2.9000000e+01   4.9000000e+01   4.3900000e+02   5.7000000e+01   2.8500000e+01   2.8428571e+01   1.2150000e+01   2.0000000e+00   7.0000000e+00   2.0000000e+01   7.4383562e+00
   2.4825956e+03   4.7000000e+01   7.0000000e+01   5.1900000e+02   5.4000000e+01   2.7000000e+01   2.8777778e+01   7.8611111e+00   2.0000000e+00   9.0000000e+00   3.6000000e+01   5.7641509e+00
   2.0142042e+03   4.3000000e+01   6.3000000e+01   5.0000000e+02   5.0000000e+01   2.5000000e+01   2.5300000e+01   9.0000000e+00   2.0000000e+00   1.0000000e+01   3.1000000e+01   6.4040404e+00
   2.6391643e+03   5.1000000e+01   7.1000000e+01   5.2800000e+02   4.7000000e+01   2.3500000e+01   2.6000000e+01   7.4736842e+00   2.0000000e+00   1.1000000e+01   3.8000000e+01   5.9478261e+00
   2.6716927e+03   4.2000000e+01   7.3000000e+01   5.5600000e+02   5.1000000e+01   2.5500000e+01   3.1000000e+01   1.0593750e+01   2.0000000e+00   8.0000000e+00   3.2000000e+01   6.0555556e+00
   1.4062309e+03   2.1000000e+01   4.3000000e+01   3.1600000e+02   4.2000000e+01   7.5000000e+00   4.0666667e+01   1.3937500e+01   2.0000000e+00   3.0000000e+00   1.6000000e+01   6.1578947e+00
   2.3284738e+03   4.1000000e+01   7.6000000e+01   5.3900000e+02   5.1000000e+01   2.5500000e+01   3.1285714e+01   1.1406250e+01   2.0000000e+00   7.0000000e+00   3.2000000e+01   6.2636364e+00
   2.0588477e+03   3.9000000e+01   5.7000000e+01   4.7200000e+02   5.0000000e+01   2.5000000e+01   2.7875000e+01   8.9655172e+00   2.0000000e+00   8.0000000e+00   2.9000000e+01   6.3333333e+00
   2.0524583e+03   4.4000000e+01   6.7000000e+01   5.3900000e+02   5.2000000e+01   2.6000000e+01   2.4500000e+01   9.8125000e+00   2.0000000e+00   1.0000000e+01   3.2000000e+01   6.5841584e+00
   1.9893285e+03   3.8000000e+01   6.3000000e+01   5.1000000e+02   5.1000000e+01   2.5500000e+01   2.9500000e+01   1.0928571e+01   2.0000000e+00   8.0000000e+00   2.8000000e+01   6.7127660e+00
   2.3079886e+03   4.2000000e+01   7.0000000e+01   5.3500000e+02   5.4000000e+01   2.7000000e+01   2.8625000e+01   1.0187500e+01   2.0000000e+00   8.0000000e+00   3.2000000e+01   6.3137255e+00
   1.8887721e+03   3.2000000e+01   6.3000000e+01   5.1800000e+02   6.0000000e+01   3.0000000e+01   2.9857143e+01   1.4217391e+01   2.0000000e+00   7.0000000e+00   2.3000000e+01   6.9438202e+00
   2.0726988e+03   3.2000000e+01   6.3000000e+01   4.3400000e+02   5.1000000e+01   2.5500000e+01   2.7000000e+01   1.1739130e+01   2.0000000e+00   7.0000000e+00   2.3000000e+01   5.9770115e+00
   2.1567782e+03   3.9000000e+01   6.8000000e+01   4.9500000e+02   5.2000000e+01   2.6000000e+01   2.9500000e+01   9.9655172e+00   2.0000000e+00   8.0000000e+00   2.9000000e+01   6.2352941e+00
   2.0583518e+03   3.9000000e+01   5.9000000e+01   4.8600000e+02   4.8000000e+01   2.4000000e+01   3.1125000e+01   8.9310345e+00   2.0000000e+00   8.0000000e+00   2.9000000e+01   6.3406593e+00
   2.2173335e+03   4.0000000e+01   6.7000000e+01   4.6800000e+02   4.8000000e+01   2.4000000e+01   2.6125000e+01   9.5000000e+00   2.0000000e+00   8.0000000e+00   3.0000000e+01   5.8282828e+00
   2.0053012e+03   4.4000000e+01   6.1000000e+01   4.7100000e+02   5.1000000e+01   2.5500000e+01   2.7555556e+01   7.6363636e+00   2.0000000e+00   9.0000000e+00   3.3000000e+01   6.0631579e+00
   2.1620330e+03   4.0000000e+01   6.7000000e+01   5.1300000e+02   5.1000000e+01   2.5500000e+01   3.0875000e+01   1.0100000e+01   2.0000000e+00   8.0000000e+00   3.0000000e+01   6.2772277e+00
   2.1824255e+03   3.8000000e+01   6.5000000e+01   4.7700000e+02   5.1000000e+01   2.5500000e+01   2.8142857e+01   1.0344828e+01   2.0000000e+00   7.0000000e+00   2.9000000e+01   6.1237113e+00
   2.6961616e+03   4.4000000e+01   8.1000000e+01   5.6700000e+02   5.4000000e+01   2.7000000e+01   3.1125000e+01   1.0500000e+01   2.0000000e+00   8.0000000e+00   3.4000000e+01   6.0517241e+00
   1.9589560e+03   3.6000000e+01   5.9000000e+01   4.5200000e+02   5.3000000e+01   2.6500000e+01   2.7000000e+01   9.6538462e+00   2.0000000e+00   8.0000000e+00   2.6000000e+01   6.0568182e+00
   1.7960896e+03   4.3000000e+01   5.7000000e+01   4.6500000e+02   4.8000000e+01   2.4000000e+01   2.4777778e+01   8.1562500e+00   2.0000000e+00   9.0000000e+00   3.2000000e+01   6.4947368e+00
   1.2353381e+03   1.1000000e+01   3.8000000e+01   2.9400000e+02   5.8000000e+01   4.0000000e+00   5.8000000e+01   3.3125000e+01   2.0000000e+00   1.0000000e+00   8.0000000e+00   6.8936170e+00
   1.7870126e+03   3.6000000e+01   5.6000000e+01   4.4500000e+02   5.1000000e+01   2.5500000e+01   2.4250000e+01   1.0000000e+01   2.0000000e+00   8.0000000e+00   2.6000000e+01   6.2209302e+00
   2.0665065e+03   3.6000000e+01   5.8000000e+01   4.2600000e+02   5.1000000e+01   2.5500000e+01   2.3750000e+01   9.4615385e+00   2.0000000e+00   8.0000000e+00   2.6000000e+01   6.1136364e+00
   2.0218300e+03   3.9000000e+01   6.1000000e+01   4.9500000e+02   5.3000000e+01   2.6500000e+01   2.7666667e+01   9.6071429e+00   2.0000000e+00   9.0000000e+00   2.8000000e+01   6.4842105e+00
   2.2416873e+03   3.9000000e+01   6.0000000e+01   4.4100000e+02   5.1000000e+01   2.5500000e+01   2.5500000e+01   8.6551724e+00   2.0000000e+00   8.0000000e+00   2.9000000e+01   5.8404255e+00
   2.7230347e+03   4.2000000e+01   8.4000000e+01   6.2200000e+02   5.6000000e+01   2.8000000e+01   3.3571429e+01   1.2818182e+01   2.0000000e+00   7.0000000e+00   3.3000000e+01   6.4745763e+00
   2.3631701e+03   4.4000000e+01   7.3000000e+01   5.6000000e+02   5.2000000e+01   2.6000000e+01   3.0555556e+01   9.6969697e+00   2.0000000e+00   9.0000000e+00   3.3000000e+01   6.3783784e+00
   1.8306100e+03   3.4000000e+01   6.1000000e+01   5.2000000e+02   5.5000000e+01   2.7500000e+01   3.0285714e+01   1.2920000e+01   2.0000000e+00   7.0000000e+00   2.5000000e+01   6.9555556e+00
   2.0122249e+03   3.9000000e+01   6.6000000e+01   5.3700000e+02   5.3000000e+01   2.6500000e+01   2.8625000e+01   1.1344828e+01   2.0000000e+00   8.0000000e+00   2.9000000e+01   6.8645833e+00
   1.2304905e+03   1.6000000e+01   4.3000000e+01   3.2200000e+02   4.9000000e+01   4.0000000e+00   4.6000000e+01   2.2000000e+01   2.0000000e+00   2.0000000e+00   1.2000000e+01   6.9272727e+00
   2.0343318e+03   4.5000000e+01   6.2000000e+01   4.6800000e+02   5.1000000e+01   2.5500000e+01   2.3300000e+01   7.9090909e+00   2.0000000e+00   1.0000000e+01   3.3000000e+01   6.3061224e+00
   1.8418513e+03   4.0000000e+01   6.1000000e+01   5.2000000e+02   5.3000000e+01   2.6500000e+01   2.8444444e+01   1.0206897e+01   2.0000000e+00   9.0000000e+00   2.9000000e+01   7.1808511e+00
   1.9741394e+03   4.2000000e+01   6.7000000e+01   5.4500000e+02   5.2000000e+01   2.6000000e+01   3.0000000e+01   1.0406250e+01   2.0000000e+00   8.0000000e+00   3.2000000e+01   6.6442308e+00
   1.7398073e+03   3.9000000e+01   5.9000000e+01   4.8400000e+02   5.2000000e+01   2.6000000e+01   2.6500000e+01   9.7586207e+00   2.0000000e+00   8.0000000e+00   2.9000000e+01   6.8461538e+00
   1.9909948e+03   4.5000000e+01   6.6000000e+01   5.4500000e+02   4.9000000e+01   2.4500000e+01   2.9333333e+01   9.1470588e+00   2.0000000e+00   9.0000000e+00   3.4000000e+01   6.5533981e+00
   1.3741432e+03   3.3000000e+01   4.8000000e+01   4.3500000e+02   5.1000000e+01   2.5500000e+01   2.4500000e+01   1.0782609e+01   2.0000000e+00   8.0000000e+00   2.3000000e+01   7.1184211e+00
   2.0510825e+03   3.9000000e+01   7.0000000e+01   5.5400000e+02   5.6000000e+01   2.8000000e+01   3.3285714e+01   1.1666667e+01   2.0000000e+00   7.0000000e+00   3.0000000e+01   6.7254902e+00
   1.9239613e+03   4.0000000e+01   6.5000000e+01   5.2900000e+02   4.9000000e+01   2.4500000e+01   2.5888889e+01   1.1379310e+01   2.0000000e+00   9.0000000e+00   2.9000000e+01   6.8556701e+00
   1.8547581e+03   3.6000000e+01   5.3000000e+01   3.8900000e+02   4.8000000e+01   2.4000000e+01   2.5571429e+01   8.0000000e+00   2.0000000e+00   7.0000000e+00   2.7000000e+01   5.7590361e+00
   1.5815687e+03   4.0000000e+01   5.3000000e+01   4.6000000e+02   5.2000000e+01   2.6000000e+01   2.5777778e+01   8.3448276e+00   2.0000000e+00   9.0000000e+00   2.9000000e+01   6.9166667e+00
   2.5862914e+03   4.6000000e+01   8.4000000e+01   5.3400000e+02   5.0000000e+01   2.5000000e+01   3.0000000e+01   9.6944444e+00   2.0000000e+00   8.0000000e+00   3.6000000e+01   6.0683761e+00
   2.0457821e+03   4.1000000e+01   6.3000000e+01   5.6300000e+02   5.6000000e+01   2.8000000e+01   3.0375000e+01   1.1258065e+01   2.0000000e+00   8.0000000e+00   3.1000000e+01   7.0101010e+00
   1.6760160e+03   3.4000000e+01   5.2000000e+01   4.5100000e+02   5.3000000e+01   2.6500000e+01   3.0000000e+01   1.0000000e+01   2.0000000e+00   7.0000000e+00   2.5000000e+01   6.7625000e+00
   1.8032119e+03   4.2000000e+01   6.3000000e+01   5.2100000e+02   5.2000000e+01   2.6000000e+01   2.8250000e+01   9.8750000e+00   2.0000000e+00   8.0000000e+00   3.2000000e+01   6.5773196e+00
   2.3404013e+03   3.9000000e+01   6.9000000e+01   5.4500000e+02   5.1000000e+01   2.5500000e+01   3.2571429e+01   1.1400000e+01   2.0000000e+00   7.0000000e+00   3.0000000e+01   6.3500000e+00
   1.9603898e+03   3.5000000e+01   6.0000000e+01   4.8500000e+02   5.6000000e+01   2.8000000e+01   2.9857143e+01   1.0961538e+01   2.0000000e+00   7.0000000e+00   2.6000000e+01   6.5632184e+00
   2.2489534e+03   4.4000000e+01   6.3000000e+01   4.7900000e+02   5.1000000e+01   2.5500000e+01   2.4000000e+01   8.4848485e+00   2.0000000e+00   9.0000000e+00   3.3000000e+01   6.1287129e+00
