   3.5341434e+02   2.9000000e+01   3.3000000e+01   1.8400000e+02   2.8000000e+01   1.4000000e+01   1.4375000e+01   3.8947368e+00   2.0000000e+00   8.0000000e+00   1.9000000e+01   3.5964912e+00
   6.3000000e+01   3.0000000e+00   2.0000000e+00   9.0000000e+00   7.0000000e+00   3.5000000e+00   3.0000000e+00   0.0000000e+00   2.0000000e+00   1.0000000e+00   0.0000000e+00   3.0000000e+00
   1.2692511e+03   4.0000000e+01   7.9000000e+01   5.3200000e+02   5.2000000e+01   2.6000000e+01   3.3500000e+01   1.1593750e+01   2.0000000e+00   6.0000000e+00   3.2000000e+01   5.9909910e+00
   6.3000000e+01   3.0000000e+00   2.0000000e+00   7.0000000e+00   6.0000000e+00   3.0000000e+00   2.0000000e+00   0.0000000e+00   2.0000000e+00   1.0000000e+00   0.0000000e+00   2.3333333e+00
   6.3000000e+01   3.0000000e+00   2.0000000e+00   7.0000000e+00   6.0000000e+00   3.0000000e+00   2.0000000e+00   0.0000000e+00   2.0000000e+00   1.0000000e+00   0.0000000e+00   2.3333333e+00
   6.3000000e+01   4.0000000e+00   2.0000000e+00   1.2000000e+01   7.0000000e+00   3.5000000e+00   3.0000000e+00   0.0000000e+00   2.0000000e+00   2.0000000e+00   0.0000000e+00   3.0000000e+00
   1.5149757e+03   4.9000000e+01   8.3000000e+01   4.8200000e+02   4.8000000e+01   2.4000000e+01   2.5333333e+01   7.7631579e+00   2.0000000e+00   9.0000000e+00   3.8000000e+01   4.9677419e+00
   6.3000000e+01   3.0000000e+00   2.0000000e+00   9.0000000e+00   7.0000000e+00   3.5000000e+00   3.0000000e+00   0.0000000e+00   2.0000000e+00   1.0000000e+00   0.0000000e+00   3.0000000e+00
   1.0058155e+03   3.9000000e+01   6.3000000e+01   4.4500000e+02   5.0000000e+01   2.5000000e+01   2.4125000e+01   9.2068966e+00   2.0000000e+00   8.0000000e+00   2.9000000e+01   5.7741935e+00
   1.1477197e+03   4.4000000e+01   7.7000000e+01   5.6800000e+02   5.5000000e+01   2.7500000e+01   2.8555556e+01   1.0575758e+01   2.0000000e+00   9.0000000e+00   3.3000000e+01   6.3070175e+00
   6.3000000e+01   4.0000000e+00   2.0000000e+00   1.2000000e+01   7.0000000e+00   3.5000000e+00   3.0000000e+00   0.0000000e+00   2.0000000e+00   2.0000000e+00   0.0000000e+00   3.0000000e+00
   6.3000000e+01   3.0000000e+00   2.0000000e+00   9.0000000e+00   7.0000000e+00   3.5000000e+00   3.0000000e+00   0.0000000e+00   2.0000000e+00   1.0000000e+00   0.0000000e+00   3.0000000e+00
   6.3000000e+01   4.0000000e+00   2.0000000e+00   1.2000000e+01   7.0000000e+00   3.5000000e+00   3.0000000e+00   0.0000000e+00   2.0000000e+00   2.0000000e+00   0.0000000e+00   3.0000000e+00
   6.3000000e+01   3.0000000e+00   2.0000000e+00   7.0000000e+00   6.0000000e+00   3.0000000e+00   2.0000000e+00   0.0000000e+00   2.0000000e+00   1.0000000e+00   0.0000000e+00   2.3333333e+00
   6.3000000e+01   3.0000000e+00   2.0000000e+00   7.0000000e+00   6.0000000e+00   3.0000000e+00   2.0000000e+00   0.0000000e+00   2.0000000e+00   1.0000000e+00   0.0000000e+00   2.3333333e+00
   1.4154040e+03   4.9000000e+01   8.0000000e+01   5.3400000e+02   5.1000000e+01   2.5500000e+01   2.8444444e+01   8.2894737e+00   2.0000000e+00   9.0000000e+00   3.8000000e+01   5.5702479e+00
   6.3000000e+01   3.0000000e+00   2.0000000e+00   9.0000000e+00   7.0000000e+00   3.5000000e+00   3.0000000e+00   0.0000000e+00   2.0000000e+00   1.0000000e+00   0.0000000e+00   3.0000000e+00
   6.3000000e+01   3.0000000e+00   2.0000000e+00   9.0000000e+00   7.0000000e+00   3.5000000e+00   3.0000000e+00   0.0000000e+00   2.0000000e+00   1.0000000e+00   0.0000000e+00   3.0000000e+00
   1.1711925e+03   4.8000000e+01   7.2000000e+01   5.2300000e+02   4.7000000e+01   2.3500000e+01   2.5444444e+01   8.7837838e+00   2.0000000e+00   9.0000000e+00   3.7000000e+01   6.0810811e+00
   6.3000000e+01   3.0000000e+00   2.0000000e+00   7.0000000e+00   6.0000000e+00   3.0000000e+00   2.0000000e+00   0.0000000e+00   2.0000000e+00   1.0000000e+00   0.0000000e+00   2.3333333e+00
   6.3000000e+01   3.0000000e+00   2.0000000e+00   9.0000000e+00   7.0000000e+00   3.5000000e+00   3.0000000e+00   0.0000000e+00   2.0000000e+00   1.0000000e+00   0.0000000e+00   3.0000000e+00
   6.3000000e+01   3.0000000e+00   2.0000000e+00   9.0000000e+00   7.0000000e+00   3.5000000e+00   3.0000000e+00   0.0000000e+00   2.0000000e+00   1.0000000e+00   0.0000000e+00   3.0000000e+00
   1.3682485e+03   4.4000000e+01   8.1000000e+01   5.0700000e+02   5.0000000e+01   2.5000000e+01   3.0714286e+01   9.4571429e+00   2.0000000e+00   7.0000000e+00   3.5000000e+01   5.5000000e+00
   6.3000000e+01   3.0000000e+00   2.0000000e+00   7.0000000e+00   6.0000000e+00   3.0000000e+00   2.0000000e+00   0.0000000e+00   2.0000000e+00   1.0000000e+00   0.0000000e+00   2.3333333e+00
   6.3000000e+01   3.0000000e+00   2.0000000e+00   9.0000000e+00   7.0000000e+00   3.5000000e+00   3.0000000e+00   0.0000000e+00   2.0000000e+00   1.0000000e+00   0.0000000e+00   3.0000000e+00
   1.6333546e+03   4.6000000e+01   8.9000000e+01   5.9000000e+02   5.3000000e+01   2.6500000e+01   2.8000000e+01   1.1361111e+01   2.0000000e+00   8.0000000e+00   3.6000000e+01   5.4803150e+00
   6.3000000e+01   3.0000000e+00   2.0000000e+00   9.0000000e+00   7.0000000e+00   3.5000000e+00   3.0000000e+00   0.0000000e+00   2.0000000e+00   1.0000000e+00   0.0000000e+00   3.0000000e+00
   6.3000000e+01   3.0000000e+00   2.0000000e+00   9.0000000e+00   7.0000000e+00   3.5000000e+00   3.0000000e+00   0.0000000e+00   2.0000000e+00   1.0000000e+00   0.0000000e+00   3.0000000e+00
   6.3000000e+01   3.0000000e+00   2.0000000e+00   7.0000000e+00   6.0000000e+00   3.0000000e+00   2.0000000e+00   0.0000000e+00   2.0000000e+00   1.0000000e+00   0.0000000e+00   2.3333333e+00
   6.3000000e+01   4.0000000e+00   2.0000000e+00   9.0000000e+00   6.0000000e+00   3.0000000e+00   2.0000000e+00   0.0000000e+00   2.0000000e+00   2.0000000e+00   0.0000000e+00   2.2500000e+00
   6.3000000e+01   3.0000000e+00   2.0000000e+00   9.0000000e+00   7.0000000e+00   3.5000000e+00   3.0000000e+00   0.0000000e+00   2.0000000e+00   1.0000000e+00   0.0000000e+00   3.0000000e+00
   6.3000000e+01   4.0000000e+00   2.0000000e+00   1.2000000e+01   7.0000000e+00   3.5000000e+00   3.0000000e+00   0.0000000e+00   2.0000000e+00   2.0000000e+00   0.0000000e+00   3.0000000e+00
   6.3000000e+01   3.0000000e+00   2.0000000e+00   9.0000000e+00   7.0000000e+00   3.5000000e+00   3.0000000e+00   0.0000000e+00   2.0000000e+00   1.0000000e+00   0.0000000e+00   3.0000000e+00
   1.1723008e+03   4.6000000e+01   7.2000000e+01   5.0000000e+02   5.1000000e+01   2.5500000e+01   2.9625000e+01   8.5555556e+00   2.0000000e+00   8.0000000e+00   3.6000000e+01   5.6759259e+00
   6.3000000e+01   3.0000000e+00   2.0000000e+00   7.0000000e+00   6.0000000e+00   3.0000000e+00   2.0000000e+00   0.0000000e+00   2.0000000e+00   1.0000000e+00   0.0000000e+00   2.3333333e+00
   6.3000000e+01   3.0000000e+00   2.0000000e+00   9.0000000e+00   7.0000000e+00   3.5000000e+00   3.0000000e+00   0.0000000e+00   2.0000000e+00   1.0000000e+00   0.0000000e+00   3.0000000e+00
   1.3177662e+03   4.7000000e+01   7.6000000e+01   5.4800000e+02   5.2000000e+01   2.6000000e+01   2.8444444e+01   8.9166667e+00   2.0000000e+00   9.0000000e+00   3.6000000e+01   5.7142857e+00
   6.3000000e+01   3.0000000e+00   2.0000000e+00   9.0000000e+00   7.0000000e+00   3.5000000e+00   3.0000000e+00   0.0000000e+00   2.0000000e+00   1.0000000e+00   0.0000000e+00   3.0000000e+00
   6.3000000e+01   3.0000000e+00   2.0000000e+00   7.0000000e+00   6.0000000e+00   3.0000000e+00   2.0000000e+00   0.0000000e+00   2.0000000e+00   1.0000000e+00   0.0000000e+00   2.3333333e+00
   1.0543256e+03   4.1000000e+01   7.0000000e+01   5.4200000e+02   5.1000000e+01   2.5500000e+01   3.2285714e+01   1.0656250e+01   2.0000000e+00   7.0000000e+00   3.2000000e+01   6.3203883e+00
   6.3000000e+01   3.0000000e+00   2.0000000e+00   9.0000000e+00   7.0000000e+00   3.5000000e+00   3.0000000e+00   0.0000000e+00   2.0000000e+00   1.0000000e+00   0.0000000e+00   3.0000000e+00
   6.3000000e+01   4.0000000e+00   2.0000000e+00   9.0000000e+00   6.0000000e+00   3.0000000e+00   2.0000000e+00   0.0000000e+00   2.0000000e+00   2.0000000e+00   0.0000000e+00   2.2500000e+00
   6.3000000e+01   3.0000000e+00   2.0000000e+00   9.0000000e+00   7.0000000e+00   3.5000000e+00   3.0000000e+00   0.0000000e+00   2.0000000e+00   1.0000000e+00   0.0000000e+00   3.0000000e+00
   6.3000000e+01   3.0000000e+00   2.0000000e+00   9.0000000e+00   7.0000000e+00   3.5000000e+00   3.0000000e+00   0.0000000e+00   2.0000000e+00   1.0000000e+00   0.0000000e+00   3.0000000e+00
   6.3000000e+01   3.0000000e+00   2.0000000e+00   9.0000000e+00   7.0000000e+00   3.5000000e+00   3.0000000e+00   0.0000000e+00   2.0000000e+00   1.0000000e+00   0.0000000e+00   3.0000000e+00
   1.4564388e+03   4.9000000e+01   8.4000000e+01   5.8000000e+02   5.2000000e+01   2.6000000e+01   3.1625000e+01   9.5641026e+00   2.0000000e+00   8.0000000e+00   3.9000000e+01   5.5546875e+00
   1.2379885e+03   4.4000000e+01   7.5000000e+01   4.9500000e+02   5.0000000e+01   2.5000000e+01   2.6250000e+01   9.4117647e+00   2.0000000e+00   8.0000000e+00   3.4000000e+01   5.5178571e+00
   6.3000000e+01   4.0000000e+00   2.0000000e+00   1.2000000e+01   7.0000000e+00   3.5000000e+00   3.0000000e+00   0.0000000e+00   2.0000000e+00   2.0000000e+00   0.0000000e+00   3.0000000e+00
   6.3000000e+01   3.0000000e+00   2.0000000e+00   9.0000000e+00   7.0000000e+00   3.5000000e+00   3.0000000e+00   0.0000000e+00   2.0000000e+00   1.0000000e+00   0.0000000e+00   3.0000000e+00
   6.3000000e+01   3.0000000e+00   2.0000000e+00   7.0000000e+00   6.0000000e+00   3.0000000e+00   2.0000000e+00   0.0000000e+00   2.0000000e+00   1.0000000e+00   0.0000000e+00   2.3333333e+00
   1.4876677e+03   5.4000000e+01   8.5000000e+01   5.7600000e+02   5.3000000e+01   2.6500000e+01   2.9333333e+01   8.3720930e+00   2.0000000e+00   9.0000000e+00   4.3000000e+01   5.9083969e+00
   1.0602689e+03   4.1000000e+01   6.9000000e+01   4.8300000e+02   5.1000000e+01   2.5500000e+01   2.6500000e+01   9.6129032e+00   2.0000000e+00   8.0000000e+00   3.1000000e+01   5.9417476e+00
   6.3000000e+01   4.0000000e+00   2.0000000e+00   9.0000000e+00   6.0000000e+00   3.0000000e+00   2.0000000e+00   0.0000000e+00   2.0000000e+00   2.0000000e+00   0.0000000e+00   2.2500000e+00
   6.3000000e+01   4.0000000e+00   2.0000000e+00   1.2000000e+01   7.0000000e+00   3.5000000e+00   3.0000000e+00   0.0000000e+00   2.0000000e+00   2.0000000e+00   0.0000000e+00   3.0000000e+00
   6.3000000e+01   3.0000000e+00   2.0000000e+00   9.0000000e+00   7.0000000e+00   3.5000000e+00   3.0000000e+00   0.0000000e+00   2.0000000e+00   1.0000000e+00   0.0000000e+00   3.0000000e+00
   1.0678723e+03   4.2000000e+01   7.0000000e+01   5.1500000e+02   5.3000000e+01   2.6500000e+01   2.9500000e+01   9.7187500e+00   2.0000000e+00   8.0000000e+00   3.2000000e+01   6.1346154e+00
   6.3000000e+01   3.0000000e+00   2.0000000e+00   9.0000000e+00   7.0000000e+00   3.5000000e+00   3.0000000e+00   0.0000000e+00   2.0000000e+00   1.0000000e+00   0.0000000e+00   3.0000000e+00
   6.3000000e+01   3.0000000e+00   2.0000000e+00   9.0000000e+00   7.0000000e+00   3.5000000e+00   3.0000000e+00   0.0000000e+00   2.0000000e+00   1.0000000e+00   0.0000000e+00   3.0000000e+00
   1.2805878e+03   4.5000000e+01   8.0000000e+01   5.8000000e+02   5.1000000e+01   2.5500000e+01   3.1125000e+01   1.0542857e+01   2.0000000e+00   8.0000000e+00   3.5000000e+01   6.0338983e+00
   6.3000000e+01   3.0000000e+00   2.0000000e+00   9.0000000e+00   7.0000000e+00   3.5000000e+00   3.0000000e+00   0.0000000e+00   2.0000000e+00   1.0000000e+00   0.0000000e+00   3.0000000e+00
   6.3000000e+01   3.0000000e+00   2.0000000e+00   7.0000000e+00   6.0000000e+00   3.0000000e+00   2.0000000e+00   0.0000000e+00   2.0000000e+00   1.0000000e+00   0.0000000e+00   2.3333333e+00
   6.3000000e+01   3.0000000e+00   2.0000000e+00   9.0000000e+00   7.0000000e+00   3.5000000e+00   3.0000000e+00   0.0000000e+00   2.0000000e+00   1.0000000e+00   0.0000000e+00   3.0000000e+00
   6.3000000e+01   3.0000000e+00   2.0000000e+00   9.0000000e+00   7.0000000e+00   3.5000000e+00   3.0000000e+00   0.0000000e+00   2.0000000e+00   1.0000000e+00   0.0000000e+00   3.0000000e+00
   6.3000000e+01   3.0000000e+00   2.0000000e+00   9.0000000e+00   7.0000000e+00   3.5000000e+00   3.0000000e+00   0.0000000e+00   2.0000000e+00   1.0000000e+00   0.0000000e+00   3.0000000e+00
   6.3000000e+01   3.0000000e+00   2.0000000e+00   7.0000000e+00   6.0000000e+00   3.0000000e+00   2.0000000e+00   0.0000000e+00   2.0000000e+00   1.0000000e+00   0.0000000e+00   2.3333333e+00
   6.3000000e+01   3.0000000e+00   2.0000000e+00   9.0000000e+00   7.0000000e+00   3.5000000e+00   3.0000000e+00   0.0000000e+00   2.0000000e+00   1.0000000e+00   0.0000000e+00   3.0000000e+00
   6.3000000e+01   3.0000000e+00   2.0000000e+00   7.0000000e+00   6.0000000e+00   3.0000000e+00   2.0000000e+00   0.0000000e+00   2.0000000e+00   1.0000000e+00   0.0000000e+00   2.3333333e+00
   6.3000000e+01   3.0000000e+00   2.0000000e+00   9.0000000e+00   7.0000000e+00   3.5000000e+00   3.0000000e+00   0.0000000e+00   2.0000000e+00   1.0000000e+00   0.0000000e+00   3.0000000e+00
   6.3000000e+01   3.0000000e+00   2.0000000e+00   9.0000000e+00   7.0000000e+00   3.5000000e+00   3.0000000e+00   0.0000000e+00   2.0000000e+00   1.0000000e+00   0.0000000e+00   3.0000000e+00
   6.3000000e+01   3.0000000e+00   2.0000000e+00   9.0000000e+00   7.0000000e+00   3.5000000e+00   3.0000000e+00   0.0000000e+00   2.0000000e+00   1.0000000e+00   0.0000000e+00   3.0000000e+00
   6.3000000e+01   3.0000000e+00   2.0000000e+00   9.0000000e+00   7.0000000e+00   3.5000000e+00   3.0000000e+00   0.0000000e+00   2.0000000e+00   1.0000000e+00   0.0000000e+00   3.0000000e+00
   6.3000000e+01   3.0000000e+00   2.0000000e+00   9.0000000e+00   7.0000000e+00   3.5000000e+00   3.0000000e+00   0.0000000e+00   2.0000000e+00   1.0000000e+00   0.0000000e+00   3.0000000e+00
   6.3000000e+01   4.0000000e+00   2.0000000e+00   1.2000000e+01   7.0000000e+00   3.5000000e+00   3.0000000e+00   0.0000000e+00   2.0000000e+00   2.0000000e+00   0.0000000e+00   3.0000000e+00
   6.3000000e+01   3.0000000e+00   2.0000000e+00   9.0000000e+00   7.0000000e+00   3.5000000e+00   3.0000000e+00   0.0000000e+00   2.0000000e+00   1.0000000e+00   0.0000000e+00   3.0000000e+00
   6.3000000e+01   3.0000000e+00   2.0000000e+00   7.0000000e+00   6.0000000e+00   3.0000000e+00   2.0000000e+00   0.0000000e+00   2.0000000e+00   1.0000000e+00   0.0000000e+00   2.3333333e+00
   6.3000000e+01   3.0000000e+00   2.0000000e+00   7.0000000e+00   6.0000000e+00   3.0000000e+00   2.0000000e+00   0.0000000e+00   2.0000000e+00   1.0000000e+00   0.0000000e+00   2.3333333e+00
   6.3000000e+01   4.0000000e+00   2.0000000e+00   1.2000000e+01   7.0000000e+00   3.5000000e+00   3.0000000e+00   0.0000000e+00   2.0000000e+00   2.0000000e+00   0.0000000e+00   3.0000000e+00
   1.1999233e+03   4.0000000e+01   7.4000000e+01   4.9400000e+02   5.0000000e+01   2.5000000e+01   2.8142857e+01   1.0709677e+01   2.0000000e+00   7.0000000e+00   3.1000000e+01   5.8411215e+00
   1.2709703e+03   5.0000000e+01   7.3000000e+01   5.3300000e+02   5.0000000e+01   2.5000000e+01   2.6500000e+01   7.9736842e+00   2.0000000e+00   1.0000000e+01   3.8000000e+01   5.9661017e+00
   6.3000000e+01   3.0000000e+00   2.0000000e+00   9.0000000e+00   7.0000000e+00   3.5000000e+00   3.0000000e+00   0.0000000e+00   2.0000000e+00   1.0000000e+00   0.0000000e+00   3.0000000e+00
   6.3000000e+01   3.0000000e+00   2.0000000e+00   9.0000000e+00   7.0000000e+00   3.5000000e+00   3.0000000e+00   0.0000000e+00   2.0000000e+00   1.0000000e+00   0.0000000e+00   3.0000000e+00
   6.3000000e+01   3.0000000e+00   2.0000000e+00   9.0000000e+00   7.0000000e+00   3.5000000e+00   3.0000000e+00   0.0000000e+00   2.0000000e+00   1.0000000e+00   0.0000000e+00   3.0000000e+00
   6.3000000e+01   3.0000000e+00   2.0000000e+00   9.0000000e+00   7.0000000e+00   3.5000000e+00   3.0000000e+00   0.0000000e+00   2.0000000e+00   1.0000000e+00   0.0000000e+00   3.0000000e+00
   6.3000000e+01   3.0000000e+00   2.0000000e+00   9.0000000e+00   7.0000000e+00   3.5000000e+00   3.0000000e+00   0.0000000e+00   2.0000000e+00   1.0000000e+00   0.0000000e+00   3.0000000e+00
   6.3000000e+01   3.0000000e+00   2.0000000e+00   9.0000000e+00   7.0000000e+00   3.5000000e+00   3.0000000e+00   0.0000000e+00   2.0000000e+00   1.0000000e+00   0.0000000e+00   3.0000000e+00
   1.4445222e+03   4.2000000e+01   8.3000000e+01   4.9000000e+02   5.2000000e+01   2.6000000e+01   2.7285714e+01   1.0393939e+01   2.0000000e+00   7.0000000e+00   3.3000000e+01   5.3451327e+00
   1.1938855e+03   4.6000000e+01   7.2000000e+01   5.1000000e+02   4.9000000e+01   2.4500000e+01   2.6000000e+01   8.9428571e+00   2.0000000e+00   9.0000000e+00   3.5000000e+01   5.8715596e+00
   1.4252371e+03   6.0000000e+01   8.8000000e+01   5.4700000e+02   4.7000000e+01   2.3500000e+01   2.7600000e+01   6.7291667e+00   2.0000000e+00   1.0000000e+01   4.8000000e+01   5.4087591e+00
   1.2526406e+03   4.0000000e+01   7.6000000e+01   4.9400000e+02   5.2000000e+01   2.6000000e+01   3.0428571e+01   1.0032258e+01   2.0000000e+00   7.0000000e+00   3.1000000e+01   5.4859813e+00
   6.3000000e+01   3.0000000e+00   2.0000000e+00   7.0000000e+00   6.0000000e+00   3.0000000e+00   2.0000000e+00   0.0000000e+00   2.0000000e+00   1.0000000e+00   0.0000000e+00   2.3333333e+00
   6.3000000e+01   3.0000000e+00   2.0000000e+00   9.0000000e+00   7.0000000e+00   3.5000000e+00   3.0000000e+00   0.0000000e+00   2.0000000e+00   1.0000000e+00   0.0000000e+00   3.0000000e+00
   6.3000000e+01   3.0000000e+00   2.0000000e+00   7.0000000e+00   6.0000000e+00   3.0000000e+00   2.0000000e+00   0.0000000e+00   2.0000000e+00   1.0000000e+00   0.0000000e+00   2.3333333e+00
   1.3405255e+03   5.1000000e+01   7.5000000e+01   4.8900000e+02   4.9000000e+01   2.4500000e+01   2.6000000e+01   7.6250000e+00   2.0000000e+00   9.0000000e+00   4.0000000e+01   5.2773109e+00
   1.5493744e+03   4.2000000e+01   8.6000000e+01   5.5300000e+02   5.2000000e+01   2.6000000e+01   2.8000000e+01   1.1387097e+01   2.0000000e+00   9.0000000e+00   3.1000000e+01   5.4873950e+00
   6.3000000e+01   3.0000000e+00   2.0000000e+00   9.0000000e+00   7.0000000e+00   3.5000000e+00   3.0000000e+00   0.0000000e+00   2.0000000e+00   1.0000000e+00   0.0000000e+00   3.0000000e+00
   6.3000000e+01   3.0000000e+00   2.0000000e+00   9.0000000e+00   7.0000000e+00   3.5000000e+00   3.0000000e+00   0.0000000e+00   2.0000000e+00   1.0000000e+00   0.0000000e+00   3.0000000e+00
   6.3000000e+01   3.0000000e+00   2.0000000e+00   7.0000000e+00   6.0000000e+00   3.0000000e+00   2.0000000e+00   0.0000000e+00   2.0000000e+00   1.0000000e+00   0.0000000e+00   2.3333333e+00
   1.5275589e+03   4.3000000e+01   8.1000000e+01   5.1200000e+02   5.3000000e+01   2.6500000e+01   2.5625000e+01   1.0454545e+01   2.0000000e+00   8.0000000e+00   3.3000000e+01   5.1260504e+00
   6.3000000e+01   3.0000000e+00   2.0000000e+00   9.0000000e+00   7.0000000e+00   3.5000000e+00   3.0000000e+00   0.0000000e+00   2.0000000e+00   1.0000000e+00   0.0000000e+00   3.0000000e+00
   1.5324870e+03   5.2000000e+01   9.0000000e+01   5.3800000e+02   4.2000000e+01   2.1000000e+01   2.6666667e+01   8.6341463e+00   2.0000000e+00   9.0000000e+00   4.1000000e+01   5.1954887e+00
