   2.5890455e+03   4.9000000e+01   7.0000000e+01   3.9000000e+02   4.4000000e+01   2.2000000e+01   2.4666667e+01   5.5789474e+00   2.0000000e+00   9.0000000e+00   3.8000000e+01   4.2389381e+00
   2.1024868e+03   4.6000000e+01   7.1000000e+01   3.5600000e+02   4.6000000e+01   2.3000000e+01   1.7700000e+01   6.5000000e+00   2.0000000e+00   1.0000000e+01   3.4000000e+01   4.0560748e+00
   2.4143505e+03   5.2000000e+01   8.2000000e+01   4.5100000e+02   4.9000000e+01   2.4500000e+01   2.0636364e+01   6.7692308e+00   2.0000000e+00   1.1000000e+01   3.9000000e+01   4.4883721e+00
   2.6980467e+03   5.2000000e+01   7.4000000e+01   3.4600000e+02   4.3000000e+01   2.1500000e+01   1.7700000e+01   5.3250000e+00   2.0000000e+00   1.0000000e+01   4.0000000e+01   3.7008547e+00
   2.6118779e+03   5.2000000e+01   8.5000000e+01   4.1000000e+02   4.7000000e+01   2.3500000e+01   1.9000000e+01   6.3076923e+00   2.0000000e+00   1.1000000e+01   3.9000000e+01   3.9047619e+00
   2.9351521e+03   5.2000000e+01   9.5000000e+01   4.3900000e+02   4.6000000e+01   2.3000000e+01   2.2900000e+01   7.0250000e+00   2.0000000e+00   1.0000000e+01   4.0000000e+01   4.0740741e+00
   5.0044938e+02   2.6000000e+01   3.8000000e+01   2.3600000e+02   4.4000000e+01   2.2000000e+01   1.5125000e+01   7.0625000e+00   2.0000000e+00   8.0000000e+00   1.6000000e+01   4.7017544e+00
   2.2860520e+03   4.8000000e+01   6.7000000e+01   3.4500000e+02   4.2000000e+01   2.1000000e+01   1.7727273e+01   5.0857143e+00   2.0000000e+00   1.1000000e+01   3.5000000e+01   3.8317757e+00
   2.5113422e+03   5.9000000e+01   8.6000000e+01   4.6800000e+02   4.6000000e+01   2.3000000e+01   2.1583333e+01   5.8666667e+00   2.0000000e+00   1.2000000e+01   4.5000000e+01   4.2444444e+00
   2.3051002e+03   4.9000000e+01   6.8000000e+01   3.9800000e+02   4.5000000e+01   2.2500000e+01   2.0000000e+01   6.1351351e+00   2.0000000e+00   1.0000000e+01   3.7000000e+01   4.1171171e+00
   2.5072971e+03   4.3000000e+01   6.8000000e+01   3.3100000e+02   4.5000000e+01   2.2500000e+01   1.9777778e+01   5.9062500e+00   2.0000000e+00   9.0000000e+00   3.2000000e+01   3.7475728e+00
   2.9138228e+03   5.6000000e+01   8.6000000e+01   3.9400000e+02   4.4000000e+01   2.2000000e+01   2.2800000e+01   5.2272727e+00   2.0000000e+00   1.0000000e+01   4.4000000e+01   3.6793893e+00
   3.1695124e+03   5.1000000e+01   8.8000000e+01   4.1900000e+02   4.7000000e+01   2.3500000e+01   2.0100000e+01   6.7435897e+00   2.0000000e+00   1.0000000e+01   3.9000000e+01   3.9069767e+00
   2.1762636e+03   4.5000000e+01   6.8000000e+01   3.2100000e+02   4.1000000e+01   2.0500000e+01   2.0222222e+01   5.1176471e+00   2.0000000e+00   9.0000000e+00   3.4000000e+01   3.7500000e+00
   0.0000000e+00   0.0000000e+00   0.0000000e+00   0.0000000e+00   0.0000000e+00   0.0000000e+00   0.0000000e+00   0.0000000e+00   0.0000000e+00   0.0000000e+00   0.0000000e+00   0.0000000e+00
   0.0000000e+00   0.0000000e+00   0.0000000e+00   0.0000000e+00   0.0000000e+00   0.0000000e+00   0.0000000e+00   0.0000000e+00   0.0000000e+00   0.0000000e+00   0.0000000e+00   0.0000000e+00
   0.0000000e+00   0.0000000e+00   0.0000000e+00   0.0000000e+00   0.0000000e+00   0.0000000e+00   0.0000000e+00   0.0000000e+00   0.0000000e+00   0.0000000e+00   0.0000000e+00   0.0000000e+00
   0.0000000e+00   0.0000000e+00   0.0000000e+00   0.0000000e+00   0.0000000e+00   0.0000000e+00   0.0000000e+00   0.0000000e+00   0.0000000e+00   0.0000000e+00   0.0000000e+00   0.0000000e+00
   0.0000000e+00   0.0000000e+00   0.0000000e+00   0.0000000e+00   0.0000000e+00   0.0000000e+00   0.0000000e+00   0.0000000e+00   0.0000000e+00   0.0000000e+00   0.0000000e+00   0.0000000e+00
   0.0000000e+00   0.0000000e+00   0.0000000e+00   0.0000000e+00   0.0000000e+00   0.0000000e+00   0.0000000e+00   0.0000000e+00   0.0000000e+00   0.0000000e+00   0.0000000e+00   0.0000000e+00
   0.0000000e+00   0.0000000e+00   0.0000000e+00   0.0000000e+00   0.0000000e+00   0.0000000e+00   0.0000000e+00   0.0000000e+00   0.0000000e+00   0.0000000e+00   0.0000000e+00   0.0000000e+00
   0.0000000e+00   0.0000000e+00   0.0000000e+00   0.0000000e+00   0.0000000e+00   0.0000000e+00   0.0000000e+00   0.0000000e+00   0.0000000e+00   0.0000000e+00   0.0000000e+00   0.0000000e+00
   0.0000000e+00   0.0000000e+00   0.0000000e+00   0.0000000e+00   0.0000000e+00   0.0000000e+00   0.0000000e+00   0.0000000e+00   0.0000000e+00   0.0000000e+00   0.0000000e+00   0.0000000e+00
   0.0000000e+00   0.0000000e+00   0.0000000e+00   0.0000000e+00   0.0000000e+00   0.0000000e+00   0.0000000e+00   0.0000000e+00   0.0000000e+00   0.0000000e+00   0.0000000e+00   0.0000000e+00
   0.0000000e+00   0.0000000e+00   0.0000000e+00   0.0000000e+00   0.0000000e+00   0.0000000e+00   0.0000000e+00   0.0000000e+00   0.0000000e+00   0.0000000e+00   0.0000000e+00   0.0000000e+00
   0.0000000e+00   0.0000000e+00   0.0000000e+00   0.0000000e+00   0.0000000e+00   0.0000000e+00   0.0000000e+00   0.0000000e+00   0.0000000e+00   0.0000000e+00   0.0000000e+00   0.0000000e+00
   0.0000000e+00   0.0000000e+00   0.0000000e+00   0.0000000e+00   0.0000000e+00   0.0000000e+00   0.0000000e+00   0.0000000e+00   0.0000000e+00   0.0000000e+00   0.0000000e+00   0.0000000e+00
   0.0000000e+00   0.0000000e+00   0.0000000e+00   0.0000000e+00   0.0000000e+00   0.0000000e+00   0.0000000e+00   0.0000000e+00   0.0000000e+00   0.0000000e+00   0.0000000e+00   0.0000000e+00
   0.0000000e+00   0.0000000e+00   0.0000000e+00   0.0000000e+00   0.0000000e+00   0.0000000e+00   0.0000000e+00   0.0000000e+00   0.0000000e+00   0.0000000e+00   0.0000000e+00   0.0000000e+00
   0.0000000e+00   0.0000000e+00   0.0000000e+00   0.0000000e+00   0.0000000e+00   0.0000000e+00   0.0000000e+00   0.0000000e+00   0.0000000e+00   0.0000000e+00   0.0000000e+00   0.0000000e+00
   0.0000000e+00   0.0000000e+00   0.0000000e+00   0.0000000e+00   0.0000000e+00   0.0000000e+00   0.0000000e+00   0.0000000e+00   0.0000000e+00   0.0000000e+00   0.0000000e+00   0.0000000e+00
   0.0000000e+00   0.0000000e+00   0.0000000e+00   0.0000000e+00   0.0000000e+00   0.0000000e+00   0.0000000e+00   0.0000000e+00   0.0000000e+00   0.0000000e+00   0.0000000e+00   0.0000000e+00
   0.0000000e+00   0.0000000e+00   0.0000000e+00   0.0000000e+00   0.0000000e+00   0.0000000e+00   0.0000000e+00   0.0000000e+00   0.0000000e+00   0.0000000e+00   0.0000000e+00   0.0000000e+00
   0.0000000e+00   0.0000000e+00   0.0000000e+00   0.0000000e+00   0.0000000e+00   0.0000000e+00   0.0000000e+00   0.0000000e+00   0.0000000e+00   0.0000000e+00   0.0000000e+00   0.0000000e+00
   0.0000000e+00   0.0000000e+00   0.0000000e+00   0.0000000e+00   0.0000000e+00   0.0000000e+00   0.0000000e+00   0.0000000e+00   0.0000000e+00   0.0000000e+00   0.0000000e+00   0.0000000e+00
   0.0000000e+00   0.0000000e+00   0.0000000e+00   0.0000000e+00   0.0000000e+00   0.0000000e+00   0.0000000e+00   0.0000000e+00   0.0000000e+00   0.0000000e+00   0.0000000e+00   0.0000000e+00
   0.0000000e+00   0.0000000e+00   0.0000000e+00   0.0000000e+00   0.0000000e+00   0.0000000e+00   0.0000000e+00   0.0000000e+00   0.0000000e+00   0.0000000e+00   0.0000000e+00   0.0000000e+00
   0.0000000e+00   0.0000000e+00   0.0000000e+00   0.0000000e+00   0.0000000e+00   0.0000000e+00   0.0000000e+00   0.0000000e+00   0.0000000e+00   0.0000000e+00   0.0000000e+00   0.0000000e+00
   0.0000000e+00   0.0000000e+00   0.0000000e+00   0.0000000e+00   0.0000000e+00   0.0000000e+00   0.0000000e+00   0.0000000e+00   0.0000000e+00   0.0000000e+00   0.0000000e+00   0.0000000e+00
   0.0000000e+00   0.0000000e+00   0.0000000e+00   0.0000000e+00   0.0000000e+00   0.0000000e+00   0.0000000e+00   0.0000000e+00   0.0000000e+00   0.0000000e+00   0.0000000e+00   0.0000000e+00
   0.0000000e+00   0.0000000e+00   0.0000000e+00   0.0000000e+00   0.0000000e+00   0.0000000e+00   0.0000000e+00   0.0000000e+00   0.0000000e+00   0.0000000e+00   0.0000000e+00   0.0000000e+00
   0.0000000e+00   0.0000000e+00   0.0000000e+00   0.0000000e+00   0.0000000e+00   0.0000000e+00   0.0000000e+00   0.0000000e+00   0.0000000e+00   0.0000000e+00   0.0000000e+00   0.0000000e+00
   0.0000000e+00   0.0000000e+00   0.0000000e+00   0.0000000e+00   0.0000000e+00   0.0000000e+00   0.0000000e+00   0.0000000e+00   0.0000000e+00   0.0000000e+00   0.0000000e+00   0.0000000e+00
   0.0000000e+00   0.0000000e+00   0.0000000e+00   0.0000000e+00   0.0000000e+00   0.0000000e+00   0.0000000e+00   0.0000000e+00   0.0000000e+00   0.0000000e+00   0.0000000e+00   0.0000000e+00
   0.0000000e+00   0.0000000e+00   0.0000000e+00   0.0000000e+00   0.0000000e+00   0.0000000e+00   0.0000000e+00   0.0000000e+00   0.0000000e+00   0.0000000e+00   0.0000000e+00   0.0000000e+00
   0.0000000e+00   0.0000000e+00   0.0000000e+00   0.0000000e+00   0.0000000e+00   0.0000000e+00   0.0000000e+00   0.0000000e+00   0.0000000e+00   0.0000000e+00   0.0000000e+00   0.0000000e+00
   0.0000000e+00   0.0000000e+00   0.0000000e+00   0.0000000e+00   0.0000000e+00   0.0000000e+00   0.0000000e+00   0.0000000e+00   0.0000000e+00   0.0000000e+00   0.0000000e+00   0.0000000e+00
   0.0000000e+00   0.0000000e+00   0.0000000e+00   0.0000000e+00   0.0000000e+00   0.0000000e+00   0.0000000e+00   0.0000000e+00   0.0000000e+00   0.0000000e+00   0.0000000e+00   0.0000000e+00
   0.0000000e+00   0.0000000e+00   0.0000000e+00   0.0000000e+00   0.0000000e+00   0.0000000e+00   0.0000000e+00   0.0000000e+00   0.0000000e+00   0.0000000e+00   0.0000000e+00   0.0000000e+00
   0.0000000e+00   0.0000000e+00   0.0000000e+00   0.0000000e+00   0.0000000e+00   0.0000000e+00   0.0000000e+00   0.0000000e+00   0.0000000e+00   0.0000000e+00   0.0000000e+00   0.0000000e+00
   0.0000000e+00   0.0000000e+00   0.0000000e+00   0.0000000e+00   0.0000000e+00   0.0000000e+00   0.0000000e+00   0.0000000e+00   0.0000000e+00   0.0000000e+00   0.0000000e+00   0.0000000e+00
   0.0000000e+00   0.0000000e+00   0.0000000e+00   0.0000000e+00   0.0000000e+00   0.0000000e+00   0.0000000e+00   0.0000000e+00   0.0000000e+00   0.0000000e+00   0.0000000e+00   0.0000000e+00
   0.0000000e+00   0.0000000e+00   0.0000000e+00   0.0000000e+00   0.0000000e+00   0.0000000e+00   0.0000000e+00   0.0000000e+00   0.0000000e+00   0.0000000e+00   0.0000000e+00   0.0000000e+00
   0.0000000e+00   0.0000000e+00   0.0000000e+00   0.0000000e+00   0.0000000e+00   0.0000000e+00   0.0000000e+00   0.0000000e+00   0.0000000e+00   0.0000000e+00   0.0000000e+00   0.0000000e+00
   0.0000000e+00   0.0000000e+00   0.0000000e+00   0.0000000e+00   0.0000000e+00   0.0000000e+00   0.0000000e+00   0.0000000e+00   0.0000000e+00   0.0000000e+00   0.0000000e+00   0.0000000e+00
   0.0000000e+00   0.0000000e+00   0.0000000e+00   0.0000000e+00   0.0000000e+00   0.0000000e+00   0.0000000e+00   0.0000000e+00   0.0000000e+00   0.0000000e+00   0.0000000e+00   0.0000000e+00
   0.0000000e+00   0.0000000e+00   0.0000000e+00   0.0000000e+00   0.0000000e+00   0.0000000e+00   0.0000000e+00   0.0000000e+00   0.0000000e+00   0.0000000e+00   0.0000000e+00   0.0000000e+00
   0.0000000e+00   0.0000000e+00   0.0000000e+00   0.0000000e+00   0.0000000e+00   0.0000000e+00   0.0000000e+00   0.0000000e+00   0.0000000e+00   0.0000000e+00   0.0000000e+00   0.0000000e+00
   0.0000000e+00   0.0000000e+00   0.0000000e+00   0.0000000e+00   0.0000000e+00   0.0000000e+00   0.0000000e+00   0.0000000e+00   0.0000000e+00   0.0000000e+00   0.0000000e+00   0.0000000e+00
   0.0000000e+00   0.0000000e+00   0.0000000e+00   0.0000000e+00   0.0000000e+00   0.0000000e+00   0.0000000e+00   0.0000000e+00   0.0000000e+00   0.0000000e+00   0.0000000e+00   0.0000000e+00
   0.0000000e+00   0.0000000e+00   0.0000000e+00   0.0000000e+00   0.0000000e+00   0.0000000e+00   0.0000000e+00   0.0000000e+00   0.0000000e+00   0.0000000e+00   0.0000000e+00   0.0000000e+00
   0.0000000e+00   0.0000000e+00   0.0000000e+00   0.0000000e+00   0.0000000e+00   0.0000000e+00   0.0000000e+00   0.0000000e+00   0.0000000e+00   0.0000000e+00   0.0000000e+00   0.0000000e+00
   0.0000000e+00   0.0000000e+00   0.0000000e+00   0.0000000e+00   0.0000000e+00   0.0000000e+00   0.0000000e+00   0.0000000e+00   0.0000000e+00   0.0000000e+00   0.0000000e+00   0.0000000e+00
   0.0000000e+00   0.0000000e+00   0.0000000e+00   0.0000000e+00   0.0000000e+00   0.0000000e+00   0.0000000e+00   0.0000000e+00   0.0000000e+00   0.0000000e+00   0.0000000e+00   0.0000000e+00
   0.0000000e+00   0.0000000e+00   0.0000000e+00   0.0000000e+00   0.0000000e+00   0.0000000e+00   0.0000000e+00   0.0000000e+00   0.0000000e+00   0.0000000e+00   0.0000000e+00   0.0000000e+00
   0.0000000e+00   0.0000000e+00   0.0000000e+00   0.0000000e+00   0.0000000e+00   0.0000000e+00   0.0000000e+00   0.0000000e+00   0.0000000e+00   0.0000000e+00   0.0000000e+00   0.0000000e+00
   0.0000000e+00   0.0000000e+00   0.0000000e+00   0.0000000e+00   0.0000000e+00   0.0000000e+00   0.0000000e+00   0.0000000e+00   0.0000000e+00   0.0000000e+00   0.0000000e+00   0.0000000e+00
   0.0000000e+00   0.0000000e+00   0.0000000e+00   0.0000000e+00   0.0000000e+00   0.0000000e+00   0.0000000e+00   0.0000000e+00   0.0000000e+00   0.0000000e+00   0.0000000e+00   0.0000000e+00
   0.0000000e+00   0.0000000e+00   0.0000000e+00   0.0000000e+00   0.0000000e+00   0.0000000e+00   0.0000000e+00   0.0000000e+00   0.0000000e+00   0.0000000e+00   0.0000000e+00   0.0000000e+00
   0.0000000e+00   0.0000000e+00   0.0000000e+00   0.0000000e+00   0.0000000e+00   0.0000000e+00   0.0000000e+00   0.0000000e+00   0.0000000e+00   0.0000000e+00   0.0000000e+00   0.0000000e+00
   0.0000000e+00   0.0000000e+00   0.0000000e+00   0.0000000e+00   0.0000000e+00   0.0000000e+00   0.0000000e+00   0.0000000e+00   0.0000000e+00   0.0000000e+00   0.0000000e+00   0.0000000e+00
   0.0000000e+00   0.0000000e+00   0.0000000e+00   0.0000000e+00   0.0000000e+00   0.0000000e+00   0.0000000e+00   0.0000000e+00   0.0000000e+00   0.0000000e+00   0.0000000e+00   0.0000000e+00
   0.0000000e+00   0.0000000e+00   0.0000000e+00   0.0000000e+00   0.0000000e+00   0.0000000e+00   0.0000000e+00   0.0000000e+00   0.0000000e+00   0.0000000e+00   0.0000000e+00   0.0000000e+00
   0.0000000e+00   0.0000000e+00   0.0000000e+00   0.0000000e+00   0.0000000e+00   0.0000000e+00   0.0000000e+00   0.0000000e+00   0.0000000e+00   0.0000000e+00   0.0000000e+00   0.0000000e+00
   0.0000000e+00   0.0000000e+00   0.0000000e+00   0.0000000e+00   0.0000000e+00   0.0000000e+00   0.0000000e+00   0.0000000e+00   0.0000000e+00   0.0000000e+00   0.0000000e+00   0.0000000e+00
   0.0000000e+00   0.0000000e+00   0.0000000e+00   0.0000000e+00   0.0000000e+00   0.0000000e+00   0.0000000e+00   0.0000000e+00   0.0000000e+00   0.0000000e+00   0.0000000e+00   0.0000000e+00
   0.0000000e+00   0.0000000e+00   0.0000000e+00   0.0000000e+00   0.0000000e+00   0.0000000e+00   0.0000000e+00   0.0000000e+00   0.0000000e+00   0.0000000e+00   0.0000000e+00   0.0000000e+00
   0.0000000e+00   0.0000000e+00   0.0000000e+00   0.0000000e+00   0.0000000e+00   0.0000000e+00   0.0000000e+00   0.0000000e+00   0.0000000e+00   0.0000000e+00   0.0000000e+00   0.0000000e+00
   0.0000000e+00   0.0000000e+00   0.0000000e+00   0.0000000e+00   0.0000000e+00   0.0000000e+00   0.0000000e+00   0.0000000e+00   0.0000000e+00   0.0000000e+00   0.0000000e+00   0.0000000e+00
   0.0000000e+00   0.0000000e+00   0.0000000e+00   0.0000000e+00   0.0000000e+00   0.0000000e+00   0.0000000e+00   0.0000000e+00   0.0000000e+00   0.0000000e+00   0.0000000e+00   0.0000000e+00
   5.0788170e+02   2.4000000e+01   3.3000000e+01   1.9700000e+02   3.6000000e+01   1.8000000e+01   1.5428571e+01   5.7333333e+00   2.0000000e+00   7.0000000e+00   1.5000000e+01   4.5490196e+00
   2.8942502e+03   5.7000000e+01   9.2000000e+01   4.5000000e+02   4.4000000e+01   2.2000000e+01   2.2800000e+01   6.2666667e+00   2.0000000e+00   1.0000000e+01   4.5000000e+01   3.8676471e+00
   2.2957465e+03   4.8000000e+01   7.5000000e+01   3.9700000e+02   4.6000000e+01   2.3000000e+01   2.2333333e+01   6.3243243e+00   2.0000000e+00   9.0000000e+00   3.7000000e+01   4.3217391e+00
   3.1224200e+02   2.0000000e+01   2.1000000e+01   1.5100000e+02   3.7000000e+01   1.8500000e+01   1.2285714e+01   4.5454545e+00   2.0000000e+00   7.0000000e+00   1.1000000e+01   4.5135135e+00
   2.1253019e+03   4.7000000e+01   7.0000000e+01   3.7000000e+02   4.4000000e+01   2.2000000e+01   2.0900000e+01   5.4285714e+00   2.0000000e+00   1.0000000e+01   3.5000000e+01   4.0270270e+00
   2.4520868e+03   2.8000000e+01   7.7000000e+01   3.3600000e+02   3.9000000e+01   7.0000000e+00   3.8333333e+01   1.2608696e+01   2.0000000e+00   3.0000000e+00   2.3000000e+01   3.9081633e+00
   9.1560543e+02   1.3000000e+01   3.2000000e+01   1.5900000e+02   4.1000000e+01   3.0000000e+00   4.1000000e+01   1.4300000e+01   2.0000000e+00   1.0000000e+00   1.0000000e+01   4.1463415e+00
   2.3290716e+03   5.3000000e+01   8.1000000e+01   4.3000000e+02   4.7000000e+01   2.3500000e+01   2.0909091e+01   6.1000000e+00   2.0000000e+00   1.1000000e+01   4.0000000e+01   4.2460317e+00
   2.7787434e+03   5.4000000e+01   8.7000000e+01   4.4900000e+02   4.1000000e+01   2.0500000e+01   2.4700000e+01   6.2857143e+00   2.0000000e+00   1.0000000e+01   4.2000000e+01   4.1538462e+00
   2.8290831e+03   4.9000000e+01   8.3000000e+01   3.5200000e+02   4.4000000e+01   2.2000000e+01   2.1111111e+01   5.7105263e+00   2.0000000e+00   9.0000000e+00   3.8000000e+01   3.6639344e+00
   2.3139722e+03   5.2000000e+01   6.9000000e+01   3.3500000e+02   4.5000000e+01   2.2500000e+01   1.8600000e+01   4.4000000e+00   2.0000000e+00   1.0000000e+01   4.0000000e+01   3.8990826e+00
   2.7015949e+03   5.0000000e+01   7.4000000e+01   3.9300000e+02   4.8000000e+01   2.4000000e+01   2.1100000e+01   5.6315789e+00   2.0000000e+00   1.0000000e+01   3.8000000e+01   3.9083333e+00
   2.0449614e+03   4.5000000e+01   6.3000000e+01   3.4100000e+02   4.6000000e+01   2.3000000e+01   1.9500000e+01   5.0000000e+00   2.0000000e+00   1.0000000e+01   3.3000000e+01   4.0000000e+00
   2.4608490e+03   4.0000000e+01   7.3000000e+01   3.3900000e+02   4.8000000e+01   2.4000000e+01   1.8222222e+01   7.0000000e+00   2.0000000e+00   9.0000000e+00   2.9000000e+01   3.9142857e+00
   1.9195911e+03   4.1000000e+01   6.1000000e+01   2.9800000e+02   4.4000000e+01   2.2000000e+01   1.9111111e+01   4.8000000e+00   2.0000000e+00   9.0000000e+00   3.0000000e+01   3.8602151e+00
   3.3600371e+03   6.5000000e+01   9.8000000e+01   4.8300000e+02   4.8000000e+01   2.4000000e+01   2.1833333e+01   5.5490196e+00   2.0000000e+00   1.2000000e+01   5.1000000e+01   3.8627451e+00
   2.7639583e+03   5.4000000e+01   8.3000000e+01   4.1400000e+02   4.7000000e+01   2.3500000e+01   2.3300000e+01   5.2857143e+00   2.0000000e+00   1.0000000e+01   4.2000000e+01   3.6923077e+00
   2.2824511e+03   4.2000000e+01   6.5000000e+01   2.9500000e+02   4.5000000e+01   2.2500000e+01   1.8222222e+01   5.0322581e+00   2.0000000e+00   9.0000000e+00   3.1000000e+01   3.8020833e+00
   2.3189576e+03   4.6000000e+01   6.6000000e+01   3.3600000e+02   4.7000000e+01   2.3500000e+01   1.8666667e+01   5.5142857e+00   2.0000000e+00   9.0000000e+00   3.5000000e+01   3.7961165e+00
   2.2819320e+03   5.0000000e+01   7.7000000e+01   4.1400000e+02   4.7000000e+01   2.3500000e+01   2.0909091e+01   6.0270270e+00   2.0000000e+00   1.1000000e+01   3.7000000e+01   4.3529412e+00
