   7.0189020e+02   3.0000000e+01   4.0000000e+01   2.8400000e+02   4.6000000e+01   2.3000000e+01   2.1428571e+01   6.2380952e+00   2.0000000e+00   7.0000000e+00   2.1000000e+01   5.0000000e+00
   1.3389230e+03   4.0000000e+01   6.5000000e+01   4.3600000e+02   4.9000000e+01   2.4500000e+01   2.8500000e+01   7.8333333e+00   2.0000000e+00   8.0000000e+00   3.0000000e+01   5.3636364e+00
   1.0859534e+03   3.6000000e+01   5.7000000e+01   3.9600000e+02   5.2000000e+01   2.6000000e+01   2.4571429e+01   8.7777778e+00   2.0000000e+00   7.0000000e+00   2.7000000e+01   5.6067416e+00
   1.6721945e+03   4.8000000e+01   7.3000000e+01   5.2000000e+02   5.1000000e+01   2.5500000e+01   2.8888889e+01   7.9729730e+00   2.0000000e+00   9.0000000e+00   3.7000000e+01   5.2672414e+00
   1.2139406e+03   3.7000000e+01   5.6000000e+01   3.7600000e+02   4.9000000e+01   2.4500000e+01   2.4000000e+01   7.7857143e+00   2.0000000e+00   7.0000000e+00   2.8000000e+01   5.1162791e+00
   1.5324137e+03   3.7000000e+01   6.6000000e+01   4.2300000e+02   4.7000000e+01   2.3500000e+01   2.4285714e+01   9.7857143e+00   2.0000000e+00   7.0000000e+00   2.8000000e+01   5.0606061e+00
   1.5607114e+03   4.5000000e+01   8.1000000e+01   5.5800000e+02   5.0000000e+01   2.5000000e+01   3.0125000e+01   1.0485714e+01   2.0000000e+00   8.0000000e+00   3.5000000e+01   5.5982906e+00
   1.4646090e+03   4.3000000e+01   6.8000000e+01   4.6900000e+02   5.0000000e+01   2.5000000e+01   2.1400000e+01   9.0322581e+00   2.0000000e+00   1.0000000e+01   3.1000000e+01   5.4230769e+00
   1.2253858e+03   4.2000000e+01   5.9000000e+01   4.4600000e+02   5.1000000e+01   2.5500000e+01   2.5000000e+01   7.6451613e+00   2.0000000e+00   9.0000000e+00   3.1000000e+01   5.5312500e+00
   1.2377794e+03   4.1000000e+01   5.9000000e+01   3.8200000e+02   4.8000000e+01   2.4000000e+01   2.2000000e+01   6.6000000e+00   2.0000000e+00   9.0000000e+00   3.0000000e+01   5.2045455e+00
   1.3481104e+03   4.3000000e+01   7.0000000e+01   4.7000000e+02   5.0000000e+01   2.5000000e+01   2.8250000e+01   8.1818182e+00   2.0000000e+00   8.0000000e+00   3.3000000e+01   5.3619048e+00
   1.2906327e+03   4.0000000e+01   6.1000000e+01   4.2800000e+02   5.1000000e+01   2.5500000e+01   2.3888889e+01   8.2758621e+00   2.0000000e+00   9.0000000e+00   2.9000000e+01   5.5806452e+00
   1.4547878e+03   4.6000000e+01   7.2000000e+01   4.8900000e+02   5.0000000e+01   2.5000000e+01   2.9500000e+01   7.7777778e+00   2.0000000e+00   8.0000000e+00   3.6000000e+01   5.3272727e+00
   0.0000000e+00   0.0000000e+00   0.0000000e+00   0.0000000e+00   0.0000000e+00   0.0000000e+00   0.0000000e+00   0.0000000e+00   0.0000000e+00   0.0000000e+00   0.0000000e+00   0.0000000e+00
   0.0000000e+00   0.0000000e+00   0.0000000e+00   0.0000000e+00   0.0000000e+00   0.0000000e+00   0.0000000e+00   0.0000000e+00   0.0000000e+00   0.0000000e+00   0.0000000e+00   0.0000000e+00
   0.0000000e+00   0.0000000e+00   0.0000000e+00   0.0000000e+00   0.0000000e+00   0.0000000e+00   0.0000000e+00   0.0000000e+00   0.0000000e+00   0.0000000e+00   0.0000000e+00   0.0000000e+00
   1.2903376e+03   3.7000000e+01   6.5000000e+01   4.3500000e+02   5.0000000e+01   2.5000000e+01   2.6285714e+01   9.6071429e+00   2.0000000e+00   7.0000000e+00   2.8000000e+01   5.3402062e+00
   1.3421991e+03   4.9000000e+01   6.5000000e+01   5.1400000e+02   5.1000000e+01   2.5500000e+01   2.8555556e+01   7.4473684e+00   2.0000000e+00   9.0000000e+00   3.8000000e+01   5.6481481e+00
   1.4607320e+03   3.9000000e+01   7.1000000e+01   4.8300000e+02   5.2000000e+01   2.6000000e+01   2.9714286e+01   1.0166667e+01   2.0000000e+00   7.0000000e+00   3.0000000e+01   5.5980392e+00
   1.2988562e+03   4.2000000e+01   6.8000000e+01   4.9200000e+02   5.1000000e+01   2.5500000e+01   2.7750000e+01   9.3437500e+00   2.0000000e+00   8.0000000e+00   3.2000000e+01   5.6078431e+00
   1.1912930e+03   3.4000000e+01   6.7000000e+01   4.4900000e+02   5.2000000e+01   2.6000000e+01   2.8000000e+01   1.1538462e+01   2.0000000e+00   6.0000000e+00   2.6000000e+01   5.5760870e+00
   1.3959824e+03   4.4000000e+01   5.6000000e+01   3.9900000e+02   5.1000000e+01   2.5500000e+01   2.4250000e+01   6.5294118e+00   2.0000000e+00   8.0000000e+00   3.4000000e+01   5.1632653e+00
   1.6195953e+03   5.0000000e+01   7.7000000e+01   4.9900000e+02   5.0000000e+01   2.5000000e+01   2.5777778e+01   7.8974359e+00   2.0000000e+00   9.0000000e+00   3.9000000e+01   5.4736842e+00
   1.4509755e+03   4.0000000e+01   6.6000000e+01   4.3900000e+02   5.2000000e+01   2.6000000e+01   2.8000000e+01   8.1000000e+00   2.0000000e+00   8.0000000e+00   3.0000000e+01   5.3814433e+00
   1.1373083e+03   4.2000000e+01   5.4000000e+01   3.6100000e+02   4.8000000e+01   2.4000000e+01   2.2111111e+01   5.9354839e+00   2.0000000e+00   9.0000000e+00   3.1000000e+01   5.4175824e+00
   1.6012170e+03   4.0000000e+01   7.5000000e+01   5.0400000e+02   5.4000000e+01   2.7000000e+01   2.6500000e+01   1.1000000e+01   2.0000000e+00   8.0000000e+00   3.0000000e+01   5.4017857e+00
   1.6391311e+03   4.1000000e+01   6.9000000e+01   4.4100000e+02   4.9000000e+01   2.4500000e+01   2.7000000e+01   8.1935484e+00   2.0000000e+00   8.0000000e+00   3.1000000e+01   5.2079208e+00
   1.2878854e+03   4.3000000e+01   6.0000000e+01   4.4300000e+02   4.9000000e+01   2.4500000e+01   2.5000000e+01   7.4687500e+00   2.0000000e+00   9.0000000e+00   3.2000000e+01   5.5104167e+00
   0.0000000e+00   0.0000000e+00   0.0000000e+00   0.0000000e+00   0.0000000e+00   0.0000000e+00   0.0000000e+00   0.0000000e+00   0.0000000e+00   0.0000000e+00   0.0000000e+00   0.0000000e+00
   0.0000000e+00   0.0000000e+00   0.0000000e+00   0.0000000e+00   0.0000000e+00   0.0000000e+00   0.0000000e+00   0.0000000e+00   0.0000000e+00   0.0000000e+00   0.0000000e+00   0.0000000e+00
   0.0000000e+00   0.0000000e+00   0.0000000e+00   0.0000000e+00   0.0000000e+00   0.0000000e+00   0.0000000e+00   0.0000000e+00   0.0000000e+00   0.0000000e+00   0.0000000e+00   0.0000000e+00
   0.0000000e+00   0.0000000e+00   0.0000000e+00   0.0000000e+00   0.0000000e+00   0.0000000e+00   0.0000000e+00   0.0000000e+00   0.0000000e+00   0.0000000e+00   0.0000000e+00   0.0000000e+00
   0.0000000e+00   0.0000000e+00   0.0000000e+00   0.0000000e+00   0.0000000e+00   0.0000000e+00   0.0000000e+00   0.0000000e+00   0.0000000e+00   0.0000000e+00   0.0000000e+00   0.0000000e+00
   0.0000000e+00   0.0000000e+00   0.0000000e+00   0.0000000e+00   0.0000000e+00   0.0000000e+00   0.0000000e+00   0.0000000e+00   0.0000000e+00   0.0000000e+00   0.0000000e+00   0.0000000e+00
   0.0000000e+00   0.0000000e+00   0.0000000e+00   0.0000000e+00   0.0000000e+00   0.0000000e+00   0.0000000e+00   0.0000000e+00   0.0000000e+00   0.0000000e+00   0.0000000e+00   0.0000000e+00
   0.0000000e+00   0.0000000e+00   0.0000000e+00   0.0000000e+00   0.0000000e+00   0.0000000e+00   0.0000000e+00   0.0000000e+00   0.0000000e+00   0.0000000e+00   0.0000000e+00   0.0000000e+00
   0.0000000e+00   0.0000000e+00   0.0000000e+00   0.0000000e+00   0.0000000e+00   0.0000000e+00   0.0000000e+00   0.0000000e+00   0.0000000e+00   0.0000000e+00   0.0000000e+00   0.0000000e+00
   0.0000000e+00   0.0000000e+00   0.0000000e+00   0.0000000e+00   0.0000000e+00   0.0000000e+00   0.0000000e+00   0.0000000e+00   0.0000000e+00   0.0000000e+00   0.0000000e+00   0.0000000e+00
   0.0000000e+00   0.0000000e+00   0.0000000e+00   0.0000000e+00   0.0000000e+00   0.0000000e+00   0.0000000e+00   0.0000000e+00   0.0000000e+00   0.0000000e+00   0.0000000e+00   0.0000000e+00
   5.8719441e+02   2.4000000e+01   3.6000000e+01   2.8500000e+02   4.8000000e+01   2.4000000e+01   1.7428571e+01   1.0266667e+01   2.0000000e+00   7.0000000e+00   1.5000000e+01   5.4385965e+00
   1.3513795e+03   4.2000000e+01   5.9000000e+01   4.3600000e+02   4.7000000e+01   2.3500000e+01   2.1000000e+01   8.1333333e+00   2.0000000e+00   1.0000000e+01   3.0000000e+01   5.3469388e+00
   1.6611450e+03   4.2000000e+01   7.4000000e+01   4.7900000e+02   5.0000000e+01   2.5000000e+01   2.8714286e+01   9.4848485e+00   2.0000000e+00   7.0000000e+00   3.3000000e+01   5.2803738e+00
   9.1329462e+02   2.9000000e+01   4.4000000e+01   3.0900000e+02   4.7000000e+01   2.3500000e+01   2.3333333e+01   8.0476190e+00   2.0000000e+00   6.0000000e+00   2.1000000e+01   5.4142857e+00
   1.3380043e+03   4.1000000e+01   6.3000000e+01   4.4400000e+02   4.7000000e+01   2.3500000e+01   2.4333333e+01   8.2333333e+00   2.0000000e+00   9.0000000e+00   3.0000000e+01   5.6122449e+00
   1.9070860e+03   3.9000000e+01   7.9000000e+01   5.0700000e+02   5.2000000e+01   2.6000000e+01   2.7125000e+01   1.1241379e+01   2.0000000e+00   8.0000000e+00   2.9000000e+01   5.1636364e+00
   1.1914389e+03   3.5000000e+01   5.8000000e+01   4.2700000e+02   5.0000000e+01   2.5000000e+01   3.0333333e+01   9.8888889e+00   2.0000000e+00   6.0000000e+00   2.7000000e+01   5.5057471e+00
   1.6765814e+03   4.5000000e+01   8.1000000e+01   5.4400000e+02   5.3000000e+01   2.6500000e+01   2.7111111e+01   1.0147059e+01   2.0000000e+00   9.0000000e+00   3.4000000e+01   5.5254237e+00
   1.0098832e+03   3.5000000e+01   5.2000000e+01   3.5700000e+02   5.0000000e+01   2.5000000e+01   2.2125000e+01   7.6800000e+00   2.0000000e+00   8.0000000e+00   2.5000000e+01   5.3456790e+00
   1.5374872e+03   4.2000000e+01   7.0000000e+01   4.3700000e+02   4.7000000e+01   2.3500000e+01   2.6250000e+01   8.2500000e+00   2.0000000e+00   8.0000000e+00   3.2000000e+01   5.1759259e+00
   1.6984356e+03   4.2000000e+01   7.5000000e+01   5.1500000e+02   5.4000000e+01   2.7000000e+01   3.0142857e+01   1.0363636e+01   2.0000000e+00   7.0000000e+00   3.3000000e+01   5.2882883e+00
   1.2083836e+03   3.7000000e+01   5.5000000e+01   4.0800000e+02   5.2000000e+01   2.6000000e+01   2.2500000e+01   8.7407407e+00   2.0000000e+00   8.0000000e+00   2.7000000e+01   5.8658537e+00
   1.4193477e+03   3.8000000e+01   6.2000000e+01   4.2900000e+02   5.0000000e+01   2.5000000e+01   2.5250000e+01   8.8928571e+00   2.0000000e+00   8.0000000e+00   2.8000000e+01   5.3191489e+00
   1.6060856e+03   4.3000000e+01   6.8000000e+01   4.7300000e+02   5.0000000e+01   2.5000000e+01   2.8375000e+01   8.3030303e+00   2.0000000e+00   8.0000000e+00   3.3000000e+01   5.4368932e+00
   1.4284285e+03   4.7000000e+01   7.1000000e+01   4.7500000e+02   4.9000000e+01   2.4500000e+01   2.6111111e+01   7.7222222e+00   2.0000000e+00   9.0000000e+00   3.6000000e+01   5.4444444e+00
   1.2625392e+03   4.6000000e+01   5.7000000e+01   3.9500000e+02   4.6000000e+01   2.3000000e+01   2.0272727e+01   5.8181818e+00   2.0000000e+00   1.1000000e+01   3.3000000e+01   5.1752577e+00
   1.4244214e+03   4.2000000e+01   6.6000000e+01   4.7900000e+02   4.9000000e+01   2.4500000e+01   2.6333333e+01   8.5483871e+00   2.0000000e+00   9.0000000e+00   3.1000000e+01   5.4285714e+00
   1.8254080e+03   4.2000000e+01   7.7000000e+01   5.0000000e+02   5.0000000e+01   2.5000000e+01   2.8000000e+01   9.6875000e+00   2.0000000e+00   8.0000000e+00   3.2000000e+01   5.2869565e+00
   9.3969050e+02   3.8000000e+01   5.3000000e+01   3.5900000e+02   4.8000000e+01   2.4000000e+01   2.4125000e+01   6.6071429e+00   2.0000000e+00   8.0000000e+00   2.8000000e+01   5.2592593e+00
   1.6671224e+03   5.7000000e+01   6.6000000e+01   5.1600000e+02   4.7000000e+01   2.3500000e+01   2.4272727e+01   6.4772727e+00   2.0000000e+00   1.1000000e+01   4.4000000e+01   5.3793103e+00
   1.1326917e+03   4.1000000e+01   5.4000000e+01   3.8400000e+02   4.8000000e+01   2.4000000e+01   2.3375000e+01   7.1290323e+00   2.0000000e+00   8.0000000e+00   3.1000000e+01   5.1333333e+00
   0.0000000e+00   0.0000000e+00   0.0000000e+00   0.0000000e+00   0.0000000e+00   0.0000000e+00   0.0000000e+00   0.0000000e+00   0.0000000e+00   0.0000000e+00   0.0000000e+00   0.0000000e+00
   0.0000000e+00   0.0000000e+00   0.0000000e+00   0.0000000e+00   0.0000000e+00   0.0000000e+00   0.0000000e+00   0.0000000e+00   0.0000000e+00   0.0000000e+00   0.0000000e+00   0.0000000e+00
   0.0000000e+00   0.0000000e+00   0.0000000e+00   0.0000000e+00   0.0000000e+00   0.0000000e+00   0.0000000e+00   0.0000000e+00   0.0000000e+00   0.0000000e+00   0.0000000e+00   0.0000000e+00
   0.0000000e+00   0.0000000e+00   0.0000000e+00   0.0000000e+00   0.0000000e+00   0.0000000e+00   0.0000000e+00   0.0000000e+00   0.0000000e+00   0.0000000e+00   0.0000000e+00   0.0000000e+00
   0.0000000e+00   0.0000000e+00   0.0000000e+00   0.0000000e+00   0.0000000e+00   0.0000000e+00   0.0000000e+00   0.0000000e+00   0.0000000e+00   0.0000000e+00   0.0000000e+00   0.0000000e+00
   0.0000000e+00   0.0000000e+00   0.0000000e+00   0.0000000e+00   0.0000000e+00   0.0000000e+00   0.0000000e+00   0.0000000e+00   0.0000000e+00   0.0000000e+00   0.0000000e+00   0.0000000e+00
   0.0000000e+00   0.0000000e+00   0.0000000e+00   0.0000000e+00   0.0000000e+00   0.0000000e+00   0.0000000e+00   0.0000000e+00   0.0000000e+00   0.0000000e+00   0.0000000e+00   0.0000000e+00
   0.0000000e+00   0.0000000e+00   0.0000000e+00   0.0000000e+00   0.0000000e+00   0.0000000e+00   0.0000000e+00   0.0000000e+00   0.0000000e+00   0.0000000e+00   0.0000000e+00   0.0000000e+00
   0.0000000e+00   0.0000000e+00   0.0000000e+00   0.0000000e+00   0.0000000e+00   0.0000000e+00   0.0000000e+00   0.0000000e+00   0.0000000e+00   0.0000000e+00   0.0000000e+00   0.0000000e+00
   0.0000000e+00   0.0000000e+00   0.0000000e+00   0.0000000e+00   0.0000000e+00   0.0000000e+00   0.0000000e+00   0.0000000e+00   0.0000000e+00   0.0000000e+00   0.0000000e+00   0.0000000e+00
   0.0000000e+00   0.0000000e+00   0.0000000e+00   0.0000000e+00   0.0000000e+00   0.0000000e+00   0.0000000e+00   0.0000000e+00   0.0000000e+00   0.0000000e+00   0.0000000e+00   0.0000000e+00
   0.0000000e+00   0.0000000e+00   0.0000000e+00   0.0000000e+00   0.0000000e+00   0.0000000e+00   0.0000000e+00   0.0000000e+00   0.0000000e+00   0.0000000e+00   0.0000000e+00   0.0000000e+00
   0.0000000e+00   0.0000000e+00   0.0000000e+00   0.0000000e+00   0.0000000e+00   0.0000000e+00   0.0000000e+00   0.0000000e+00   0.0000000e+00   0.0000000e+00   0.0000000e+00   0.0000000e+00
   0.0000000e+00   0.0000000e+00   0.0000000e+00   0.0000000e+00   0.0000000e+00   0.0000000e+00   0.0000000e+00   0.0000000e+00   0.0000000e+00   0.0000000e+00   0.0000000e+00   0.0000000e+00
   5.6343277e+02   2.7000000e+01   3.7000000e+01   3.1800000e+02   4.7000000e+01   2.3500000e+01   2.5500000e+01   8.5789474e+00   2.0000000e+00   6.0000000e+00   1.9000000e+01   5.7457627e+00
   1.1852741e+03   4.1000000e+01   5.9000000e+01   4.6300000e+02   5.2000000e+01   2.6000000e+01   2.9857143e+01   8.5312500e+00   2.0000000e+00   7.0000000e+00   3.2000000e+01   5.8421053e+00
   1.2850714e+03   3.4000000e+01   6.7000000e+01   4.4900000e+02   4.9000000e+01   2.4500000e+01   2.5000000e+01   1.1920000e+01   2.0000000e+00   7.0000000e+00   2.5000000e+01   5.6373626e+00
   1.5315041e+03   3.6000000e+01   6.7000000e+01   4.3700000e+02   5.1000000e+01   2.5500000e+01   2.7571429e+01   9.8518519e+00   2.0000000e+00   7.0000000e+00   2.7000000e+01   5.2989691e+00
   1.0905693e+03   4.1000000e+01   5.6000000e+01   3.9000000e+02   4.6000000e+01   2.3000000e+01   2.3875000e+01   6.9677419e+00   2.0000000e+00   8.0000000e+00   3.1000000e+01   5.5555556e+00
   8.0716240e+02   3.7000000e+01   4.7000000e+01   3.4000000e+02   4.6000000e+01   2.3000000e+01   2.0222222e+01   6.2307692e+00   2.0000000e+00   9.0000000e+00   2.6000000e+01   5.3333333e+00
   1.3307764e+03   4.2000000e+01   6.3000000e+01   4.6800000e+02   4.8000000e+01   2.4000000e+01   2.6222222e+01   8.3225806e+00   2.0000000e+00   9.0000000e+00   3.1000000e+01   5.6363636e+00
   1.1757597e+03   3.7000000e+01   6.0000000e+01   4.4700000e+02   4.9000000e+01   2.4500000e+01   2.7857143e+01   9.9285714e+00   2.0000000e+00   7.0000000e+00   2.8000000e+01   5.7717391e+00
   1.0977528e+03   3.6000000e+01   5.5000000e+01   4.1300000e+02   5.0000000e+01   2.5000000e+01   2.5000000e+01   9.4444444e+00   2.0000000e+00   7.0000000e+00   2.7000000e+01   5.8470588e+00
   1.5258597e+03   4.4000000e+01   6.8000000e+01   4.2400000e+02   5.1000000e+01   2.5500000e+01   2.2777778e+01   7.4545455e+00   2.0000000e+00   9.0000000e+00   3.3000000e+01   5.1089109e+00
   1.2349348e+03   3.9000000e+01   6.7000000e+01   4.6200000e+02   5.6000000e+01   2.8000000e+01   2.5875000e+01   9.3448276e+00   2.0000000e+00   8.0000000e+00   2.9000000e+01   5.6800000e+00
   1.3649495e+03   4.4000000e+01   6.0000000e+01   4.2300000e+02   4.9000000e+01   2.4500000e+01   2.4555556e+01   6.6969697e+00   2.0000000e+00   9.0000000e+00   3.3000000e+01   5.2600000e+00
   1.3309517e+03   4.1000000e+01   7.0000000e+01   4.8800000e+02   5.4000000e+01   2.7000000e+01   2.9142857e+01   9.6562500e+00   2.0000000e+00   7.0000000e+00   3.2000000e+01   5.4660194e+00
   1.4058240e+03   4.1000000e+01   6.8000000e+01   4.6300000e+02   4.9000000e+01   2.4500000e+01   3.0285714e+01   8.6562500e+00   2.0000000e+00   7.0000000e+00   3.2000000e+01   5.6274510e+00
   1.2956624e+03   3.6000000e+01   5.8000000e+01   3.9200000e+02   4.8000000e+01   2.4000000e+01   2.1625000e+01   9.4230769e+00   2.0000000e+00   8.0000000e+00   2.6000000e+01   5.4285714e+00
   1.2549824e+03   4.2000000e+01   6.3000000e+01   4.1500000e+02   4.7000000e+01   2.3500000e+01   2.4777778e+01   6.8064516e+00   2.0000000e+00   9.0000000e+00   3.1000000e+01   5.2040816e+00
   1.4421155e+03   4.2000000e+01   6.7000000e+01   4.2500000e+02   4.8000000e+01   2.4000000e+01   2.5750000e+01   7.6875000e+00   2.0000000e+00   8.0000000e+00   3.2000000e+01   5.1359223e+00
   1.4517434e+03   3.8000000e+01   6.9000000e+01   4.8500000e+02   5.1000000e+01   2.5500000e+01   2.9142857e+01   1.0586207e+01   2.0000000e+00   7.0000000e+00   2.9000000e+01   5.8571429e+00
   1.3195572e+03   4.4000000e+01   6.1000000e+01   4.0900000e+02   4.8000000e+01   2.4000000e+01   2.5000000e+01   6.4242424e+00   2.0000000e+00   9.0000000e+00   3.3000000e+01   5.2244898e+00
   1.5169140e+03   3.5000000e+01   6.9000000e+01   4.6700000e+02   5.6000000e+01   2.8000000e+01   2.3500000e+01   1.2200000e+01   2.0000000e+00   8.0000000e+00   2.5000000e+01   5.6262626e+00
   1.4754361e+03   3.7000000e+01   7.1000000e+01   4.9400000e+02   5.2000000e+01   2.6000000e+01   2.9428571e+01   1.1142857e+01   2.0000000e+00   7.0000000e+00   2.8000000e+01   5.4901961e+00
   1.1757411e+03   3.6000000e+01   6.1000000e+01   4.0800000e+02   4.7000000e+01   2.3500000e+01   2.5428571e+01   9.2962963e+00   2.0000000e+00   7.0000000e+00   2.7000000e+01   5.4090909e+00
   6.0932723e+02   2.9000000e+01   3.7000000e+01   2.7100000e+02   4.0000000e+01   2.0000000e+01   2.2166667e+01   6.9523810e+00   2.0000000e+00   6.0000000e+00   2.1000000e+01   5.1587302e+00
   1.1847514e+03   3.6000000e+01   6.2000000e+01   4.5100000e+02   5.1000000e+01   2.5500000e+01   2.6250000e+01   9.8461538e+00   2.0000000e+00   8.0000000e+00   2.6000000e+01   5.8314607e+00
   1.5391577e+03   4.6000000e+01   7.1000000e+01   4.5800000e+02   5.1000000e+01   2.5500000e+01   2.5555556e+01   7.3714286e+00   2.0000000e+00   9.0000000e+00   3.5000000e+01   5.2385321e+00
   1.4031044e+03   3.6000000e+01   6.7000000e+01   4.6400000e+02   4.9000000e+01   2.4500000e+01   3.0000000e+01   1.0481481e+01   2.0000000e+00   7.0000000e+00   2.7000000e+01   5.4897959e+00
