   7.1909633e+02   2.1000000e+01   3.3000000e+01   4.9900000e+02   5.5000000e+01   2.7500000e+01   3.7800000e+01   2.0785714e+01   2.0000000e+00   5.0000000e+00   1.4000000e+01   1.1431373e+01
   1.1769637e+03   2.5000000e+01   3.8000000e+01   5.8900000e+02   6.5000000e+01   3.2500000e+01   3.8333333e+01   1.9882353e+01   2.0000000e+00   6.0000000e+00   1.7000000e+01   1.1311475e+01
   1.3782381e+03   2.4000000e+01   4.0000000e+01   5.8000000e+02   6.5000000e+01   3.2500000e+01   3.8500000e+01   2.0687500e+01   2.0000000e+00   6.0000000e+00   1.6000000e+01   1.1774194e+01
   1.2643976e+03   2.4000000e+01   4.5000000e+01   6.0100000e+02   7.2000000e+01   3.6000000e+01   4.4200000e+01   2.0941176e+01   2.0000000e+00   5.0000000e+00   1.7000000e+01   1.1587302e+01
   1.1258143e+03   2.9000000e+01   3.7000000e+01   5.8600000e+02   6.1000000e+01   3.0500000e+01   3.9500000e+01   1.6380952e+01   2.0000000e+00   6.0000000e+00   2.1000000e+01   1.1793651e+01
   1.0849321e+03   2.3000000e+01   4.4000000e+01   5.8400000e+02   7.0000000e+01   3.5000000e+01   4.8500000e+01   2.1705882e+01   2.0000000e+00   4.0000000e+00   1.7000000e+01   1.1919355e+01
   1.0358635e+03   2.6000000e+01   3.9000000e+01   6.0300000e+02   6.3000000e+01   3.1500000e+01   4.5000000e+01   1.8947368e+01   2.0000000e+00   5.0000000e+00   1.9000000e+01   1.1983051e+01
   1.2251424e+03   2.9000000e+01   4.2000000e+01   6.1300000e+02   6.2000000e+01   3.1000000e+01   3.6571429e+01   1.7500000e+01   2.0000000e+00   7.0000000e+00   2.0000000e+01   1.1220588e+01
   1.0366030e+03   2.2000000e+01   3.8000000e+01   5.6400000e+02   6.4000000e+01   3.2000000e+01   3.8800000e+01   2.3200000e+01   2.0000000e+00   5.0000000e+00   1.5000000e+01   1.1517857e+01
   1.0067036e+03   2.3000000e+01   3.7000000e+01   5.6300000e+02   6.4000000e+01   3.2000000e+01   4.3800000e+01   2.0187500e+01   2.0000000e+00   5.0000000e+00   1.6000000e+01   1.1625000e+01
   1.6446039e+03   2.6000000e+01   4.1000000e+01   5.6800000e+02   6.4000000e+01   3.2000000e+01   3.9166667e+01   1.7500000e+01   2.0000000e+00   6.0000000e+00   1.8000000e+01   1.0857143e+01
   1.5589697e+03   2.5000000e+01   4.5000000e+01   6.1500000e+02   6.4000000e+01   3.2000000e+01   4.3400000e+01   2.1722222e+01   2.0000000e+00   5.0000000e+00   1.8000000e+01   1.1257576e+01
   1.0913258e+03   2.8000000e+01   3.9000000e+01   5.4500000e+02   6.3000000e+01   3.1500000e+01   3.5857143e+01   1.4842105e+01   2.0000000e+00   7.0000000e+00   1.9000000e+01   1.1578125e+01
   1.3275195e+03   2.1000000e+01   4.3000000e+01   5.8100000e+02   5.2000000e+01   2.3500000e+01   5.0250000e+01   2.5266667e+01   2.0000000e+00   4.0000000e+00   1.5000000e+01   1.1278689e+01
   1.3937676e+03   2.9000000e+01   4.7000000e+01   6.3300000e+02   6.0000000e+01   3.0000000e+01   4.0500000e+01   1.8380952e+01   2.0000000e+00   6.0000000e+00   2.1000000e+01   1.0944444e+01
   1.2142769e+03   2.6000000e+01   4.3000000e+01   6.2300000e+02   6.3000000e+01   3.1500000e+01   4.0833333e+01   2.0500000e+01   2.0000000e+00   6.0000000e+00   1.8000000e+01   1.1461538e+01
   9.4680125e+02   2.3000000e+01   3.4000000e+01   5.3300000e+02   6.5000000e+01   3.2500000e+01   3.2666667e+01   2.0533333e+01   2.0000000e+00   6.0000000e+00   1.5000000e+01   1.2018868e+01
   1.0909993e+03   2.5000000e+01   4.1000000e+01   5.8600000e+02   6.6000000e+01   3.3000000e+01   4.2800000e+01   2.0166667e+01   2.0000000e+00   5.0000000e+00   1.8000000e+01   1.1492063e+01
   1.3684048e+03   2.6000000e+01   4.4000000e+01   5.6900000e+02   6.5000000e+01   3.2500000e+01   4.1333333e+01   1.6944444e+01   2.0000000e+00   6.0000000e+00   1.8000000e+01   1.1283333e+01
   1.3262851e+03   2.1000000e+01   3.6000000e+01   5.2300000e+02   6.8000000e+01   3.4000000e+01   4.4600000e+01   1.9428571e+01   2.0000000e+00   5.0000000e+00   1.4000000e+01   1.1418182e+01
   1.1430745e+03   2.8000000e+01   4.0000000e+01   6.1300000e+02   6.2000000e+01   3.1000000e+01   3.8571429e+01   1.7526316e+01   2.0000000e+00   7.0000000e+00   1.9000000e+01   1.1846154e+01
   1.0962948e+03   2.3000000e+01   4.0000000e+01   5.7100000e+02   6.7000000e+01   3.3500000e+01   3.7666667e+01   2.1600000e+01   2.0000000e+00   6.0000000e+00   1.5000000e+01   1.0933333e+01
   1.1006723e+03   2.3000000e+01   4.1000000e+01   5.9900000e+02   6.7000000e+01   3.3500000e+01   4.3400000e+01   2.2250000e+01   2.0000000e+00   5.0000000e+00   1.6000000e+01   1.2098361e+01
   1.3019355e+03   2.8000000e+01   4.0000000e+01   5.7000000e+02   6.2000000e+01   3.1000000e+01   3.6500000e+01   1.7100000e+01   2.0000000e+00   6.0000000e+00   2.0000000e+01   1.1174603e+01
   1.4212047e+03   3.1000000e+01   4.5000000e+01   6.2900000e+02   6.2000000e+01   3.1000000e+01   3.7714286e+01   1.6318182e+01   2.0000000e+00   7.0000000e+00   2.2000000e+01   1.1154930e+01
   1.2218035e+03   2.0000000e+01   3.6000000e+01   5.0100000e+02   7.1000000e+01   3.5500000e+01   3.7600000e+01   2.1923077e+01   2.0000000e+00   5.0000000e+00   1.3000000e+01   1.1203704e+01
   1.2361242e+03   2.3000000e+01   4.0000000e+01   5.0300000e+02   6.3000000e+01   3.1500000e+01   3.8200000e+01   1.8125000e+01   2.0000000e+00   5.0000000e+00   1.6000000e+01   1.0857143e+01
   1.1049600e+03   1.9000000e+01   3.6000000e+01   5.0600000e+02   6.6000000e+01   3.3000000e+01   3.4800000e+01   2.5333333e+01   2.0000000e+00   5.0000000e+00   1.2000000e+01   1.1442308e+01
   1.0850529e+03   2.7000000e+01   3.5000000e+01   5.4800000e+02   6.4000000e+01   3.2000000e+01   3.7333333e+01   1.6157895e+01   2.0000000e+00   6.0000000e+00   1.9000000e+01   1.1864407e+01
   9.9859540e+02   2.1000000e+01   3.7000000e+01   5.2100000e+02   7.2000000e+01   3.6000000e+01   3.8600000e+01   2.1571429e+01   2.0000000e+00   5.0000000e+00   1.4000000e+01   1.1625000e+01
   1.0826634e+03   2.3000000e+01   3.4000000e+01   5.0900000e+02   6.2000000e+01   3.1000000e+01   4.3400000e+01   1.7000000e+01   2.0000000e+00   5.0000000e+00   1.6000000e+01   1.1148148e+01
   1.3209513e+03   2.3000000e+01   3.7000000e+01   5.1300000e+02   6.3000000e+01   3.1500000e+01   3.5800000e+01   1.9500000e+01   2.0000000e+00   5.0000000e+00   1.6000000e+01   1.0963636e+01
   1.4172008e+03   2.3000000e+01   3.8000000e+01   5.2900000e+02   6.7000000e+01   3.3500000e+01   3.8400000e+01   1.9687500e+01   2.0000000e+00   5.0000000e+00   1.6000000e+01   1.0844828e+01
   1.1230050e+03   2.7000000e+01   3.7000000e+01   5.2400000e+02   6.0000000e+01   3.0000000e+01   3.5000000e+01   1.6000000e+01   2.0000000e+00   6.0000000e+00   1.9000000e+01   1.0933333e+01
   1.0459050e+03   3.0000000e+01   3.7000000e+01   5.8900000e+02   6.2000000e+01   3.1000000e+01   3.7285714e+01   1.4666667e+01   2.0000000e+00   7.0000000e+00   2.1000000e+01   1.1887097e+01
   1.3414137e+03   2.3000000e+01   4.1000000e+01   6.0000000e+02   6.6000000e+01   3.3000000e+01   4.3600000e+01   2.2500000e+01   2.0000000e+00   5.0000000e+00   1.6000000e+01   1.1483871e+01
   1.4616907e+03   2.8000000e+01   4.3000000e+01   5.8600000e+02   7.0000000e+01   3.5000000e+01   4.0500000e+01   1.6150000e+01   2.0000000e+00   6.0000000e+00   2.0000000e+01   1.1222222e+01
   1.0044884e+03   2.8000000e+01   3.8000000e+01   5.7500000e+02   6.3000000e+01   3.1500000e+01   3.5142857e+01   1.6368421e+01   2.0000000e+00   7.0000000e+00   1.9000000e+01   1.1698413e+01
   1.5538548e+03   2.8000000e+01   4.5000000e+01   5.9800000e+02   6.3000000e+01   3.1500000e+01   3.3714286e+01   1.8578947e+01   2.0000000e+00   7.0000000e+00   1.9000000e+01   1.0571429e+01
   9.7236523e+02   2.3000000e+01   2.7000000e+01   4.6000000e+02   5.9000000e+01   2.9500000e+01   3.8000000e+01   1.5375000e+01   2.0000000e+00   5.0000000e+00   1.6000000e+01   1.1062500e+01
   1.0694379e+03   2.3000000e+01   4.1000000e+01   5.6100000e+02   6.3000000e+01   3.1500000e+01   4.3600000e+01   2.0375000e+01   2.0000000e+00   5.0000000e+00   1.6000000e+01   1.1475410e+01
   1.6359900e+03   2.4000000e+01   4.4000000e+01   6.0300000e+02   6.8000000e+01   3.4000000e+01   4.4200000e+01   2.1352941e+01   2.0000000e+00   5.0000000e+00   1.7000000e+01   1.0906250e+01
   1.0645262e+03   2.4000000e+01   3.8000000e+01   5.7200000e+02   7.2000000e+01   3.6000000e+01   4.2800000e+01   1.9235294e+01   2.0000000e+00   5.0000000e+00   1.7000000e+01   1.2216667e+01
   1.0718809e+03   3.0000000e+01   3.9000000e+01   6.0200000e+02   6.4000000e+01   3.2000000e+01   3.3250000e+01   1.6150000e+01   2.0000000e+00   8.0000000e+00   2.0000000e+01   1.1892308e+01
   1.0299181e+03   2.4000000e+01   3.6000000e+01   6.0000000e+02   6.8000000e+01   3.4000000e+01   4.3600000e+01   2.1000000e+01   2.0000000e+00   5.0000000e+00   1.7000000e+01   1.2280702e+01
   7.4045662e+02   2.3000000e+01   3.6000000e+01   5.2200000e+02   6.5000000e+01   3.2500000e+01   4.0833333e+01   1.6733333e+01   2.0000000e+00   6.0000000e+00   1.5000000e+01   1.1892857e+01
   1.4573791e+03   2.8000000e+01   4.1000000e+01   5.7700000e+02   6.2000000e+01   3.1000000e+01   3.9833333e+01   1.6350000e+01   2.0000000e+00   6.0000000e+00   2.0000000e+01   1.1179104e+01
   1.1516645e+03   2.5000000e+01   4.0000000e+01   5.4300000e+02   6.7000000e+01   3.3500000e+01   3.5166667e+01   1.8411765e+01   2.0000000e+00   6.0000000e+00   1.7000000e+01   1.0790323e+01
   1.2176972e+03   3.2000000e+01   4.0000000e+01   6.0000000e+02   5.5000000e+01   2.7500000e+01   3.5714286e+01   1.5086957e+01   2.0000000e+00   7.0000000e+00   2.3000000e+01   1.1303030e+01
   1.2337530e+03   2.7000000e+01   3.8000000e+01   6.2400000e+02   6.4000000e+01   3.2000000e+01   3.7714286e+01   1.8888889e+01   2.0000000e+00   7.0000000e+00   1.8000000e+01   1.2193548e+01
   1.0761621e+03   2.3000000e+01   3.8000000e+01   5.5700000e+02   6.4000000e+01   3.2000000e+01   4.2600000e+01   2.0125000e+01   2.0000000e+00   5.0000000e+00   1.6000000e+01   1.1403509e+01
   1.0870407e+03   2.5000000e+01   3.7000000e+01   5.4200000e+02   6.1000000e+01   3.0500000e+01   4.2200000e+01   1.7722222e+01   2.0000000e+00   5.0000000e+00   1.8000000e+01   1.1844828e+01
   1.0018803e+03   2.9000000e+01   3.6000000e+01   5.6300000e+02   6.5000000e+01   3.2500000e+01   3.8000000e+01   1.4857143e+01   2.0000000e+00   6.0000000e+00   2.1000000e+01   1.1645161e+01
   1.3563508e+03   3.0000000e+01   3.8000000e+01   5.6100000e+02   5.9000000e+01   2.9500000e+01   3.3375000e+01   1.4100000e+01   2.0000000e+00   8.0000000e+00   2.0000000e+01   1.1365079e+01
   1.0941458e+03   2.1000000e+01   3.6000000e+01   5.2200000e+02   7.1000000e+01   3.5500000e+01   3.3500000e+01   2.2076923e+01   2.0000000e+00   6.0000000e+00   1.3000000e+01   1.2264151e+01
   1.4134909e+03   2.8000000e+01   3.7000000e+01   5.4500000e+02   6.4000000e+01   3.2000000e+01   3.4000000e+01   1.6000000e+01   2.0000000e+00   6.0000000e+00   2.0000000e+01   1.0952381e+01
   9.4151364e+02   2.3000000e+01   3.8000000e+01   5.6600000e+02   6.4000000e+01   3.2000000e+01   4.2200000e+01   2.1000000e+01   2.0000000e+00   5.0000000e+00   1.6000000e+01   1.1789474e+01
   1.2331935e+03   2.5000000e+01   4.1000000e+01   5.6000000e+02   6.7000000e+01   3.3500000e+01   3.3166667e+01   1.9882353e+01   2.0000000e+00   6.0000000e+00   1.7000000e+01   1.1754098e+01
   1.3019055e+03   2.1000000e+01   3.6000000e+01   5.0000000e+02   6.7000000e+01   3.3500000e+01   3.7800000e+01   2.1428571e+01   2.0000000e+00   5.0000000e+00   1.4000000e+01   1.1277778e+01
   1.3601383e+03   2.2000000e+01   4.1000000e+01   6.0000000e+02   7.1000000e+01   3.5500000e+01   4.5200000e+01   2.3466667e+01   2.0000000e+00   5.0000000e+00   1.5000000e+01   1.1762712e+01
   1.0171212e+03   2.2000000e+01   3.6000000e+01   5.7400000e+02   6.7000000e+01   3.3500000e+01   4.5200000e+01   2.1800000e+01   2.0000000e+00   5.0000000e+00   1.5000000e+01   1.2236364e+01
   1.2289702e+03   2.4000000e+01   4.4000000e+01   6.0700000e+02   6.9000000e+01   3.4500000e+01   4.7000000e+01   2.1888889e+01   2.0000000e+00   4.0000000e+00   1.8000000e+01   1.1531250e+01
   1.2030496e+03   3.0000000e+01   4.0000000e+01   6.4400000e+02   6.2000000e+01   3.1000000e+01   3.6285714e+01   1.7952381e+01   2.0000000e+00   7.0000000e+00   2.1000000e+01   1.2000000e+01
   1.2601567e+03   2.1000000e+01   3.7000000e+01   5.5000000e+02   7.0000000e+01   3.5000000e+01   3.1833333e+01   2.5538462e+01   2.0000000e+00   6.0000000e+00   1.3000000e+01   1.1592593e+01
   1.1491761e+03   2.4000000e+01   3.2000000e+01   5.5600000e+02   6.3000000e+01   3.1500000e+01   3.9000000e+01   1.9764706e+01   2.0000000e+00   5.0000000e+00   1.7000000e+01   1.2259259e+01
   1.2892173e+03   2.7000000e+01   3.6000000e+01   5.4300000e+02   5.9000000e+01   2.9500000e+01   3.5142857e+01   1.5555556e+01   2.0000000e+00   7.0000000e+00   1.8000000e+01   1.1450000e+01
   1.0224868e+03   2.4000000e+01   3.4000000e+01   5.1600000e+02   6.6000000e+01   3.3000000e+01   3.3833333e+01   1.7687500e+01   2.0000000e+00   6.0000000e+00   1.6000000e+01   1.1490909e+01
   1.1751230e+03   3.1000000e+01   4.0000000e+01   5.7100000e+02   6.0000000e+01   3.0000000e+01   3.4857143e+01   1.4318182e+01   2.0000000e+00   7.0000000e+00   2.2000000e+01   1.1432836e+01
   1.1324185e+03   2.6000000e+01   4.1000000e+01   6.0500000e+02   7.2000000e+01   3.6000000e+01   4.2833333e+01   1.8055556e+01   2.0000000e+00   6.0000000e+00   1.8000000e+01   1.1783333e+01
   1.1559242e+03   2.9000000e+01   3.8000000e+01   5.8700000e+02   6.1000000e+01   3.0500000e+01   3.8333333e+01   1.6476190e+01   2.0000000e+00   6.0000000e+00   2.1000000e+01   1.1437500e+01
   1.3734063e+03   2.6000000e+01   4.0000000e+01   5.8900000e+02   6.4000000e+01   3.2000000e+01   3.9500000e+01   1.8611111e+01   2.0000000e+00   6.0000000e+00   1.8000000e+01   1.1063492e+01
   1.1233017e+03   2.8000000e+01   4.0000000e+01   5.7500000e+02   6.2000000e+01   3.1000000e+01   3.5571429e+01   1.6421053e+01   2.0000000e+00   7.0000000e+00   1.9000000e+01   1.1435484e+01
   8.8140329e+02   2.1000000e+01   3.6000000e+01   5.5700000e+02   7.2000000e+01   3.6000000e+01   4.3400000e+01   2.1857143e+01   2.0000000e+00   5.0000000e+00   1.4000000e+01   1.2150943e+01
   1.3644315e+03   2.3000000e+01   3.8000000e+01   5.2500000e+02   6.8000000e+01   3.4000000e+01   4.2400000e+01   1.8125000e+01   2.0000000e+00   5.0000000e+00   1.6000000e+01   1.0824561e+01
   1.1297901e+03   2.4000000e+01   4.2000000e+01   6.0800000e+02   6.3000000e+01   3.1500000e+01   4.3400000e+01   2.1941176e+01   2.0000000e+00   5.0000000e+00   1.7000000e+01   1.1887097e+01
   1.1100880e+03   2.4000000e+01   3.8000000e+01   5.3400000e+02   6.5000000e+01   3.2500000e+01   3.6400000e+01   1.9352941e+01   2.0000000e+00   5.0000000e+00   1.7000000e+01   1.1254237e+01
   9.8640933e+02   2.5000000e+01   3.7000000e+01   5.2900000e+02   6.4000000e+01   3.2000000e+01   3.3333333e+01   1.8235294e+01   2.0000000e+00   6.0000000e+00   1.7000000e+01   1.1482759e+01
   1.0469970e+03   1.8000000e+01   3.3000000e+01   4.8800000e+02   7.2000000e+01   3.6000000e+01   3.5800000e+01   2.4727273e+01   2.0000000e+00   5.0000000e+00   1.1000000e+01   1.2148936e+01
   1.1725088e+03   2.8000000e+01   4.2000000e+01   5.8600000e+02   6.8000000e+01   3.4000000e+01   3.6666667e+01   1.7200000e+01   2.0000000e+00   6.0000000e+00   2.0000000e+01   1.1343750e+01
   1.3358268e+03   2.5000000e+01   4.3000000e+01   6.1200000e+02   6.7000000e+01   3.3500000e+01   3.7833333e+01   2.1764706e+01   2.0000000e+00   6.0000000e+00   1.7000000e+01   1.1681818e+01
   1.3667072e+03   2.4000000e+01   4.3000000e+01   5.9600000e+02   7.3000000e+01   3.6500000e+01   4.1600000e+01   2.1823529e+01   2.0000000e+00   5.0000000e+00   1.7000000e+01   1.1296875e+01
   1.1913778e+03   2.2000000e+01   4.4000000e+01   6.2900000e+02   7.3000000e+01   3.6500000e+01   4.5800000e+01   2.4866667e+01   2.0000000e+00   5.0000000e+00   1.5000000e+01   1.2300000e+01
   7.2857572e+02   2.1000000e+01   2.8000000e+01   4.4800000e+02   6.2000000e+01   3.1000000e+01   4.3000000e+01   1.7266667e+01   2.0000000e+00   4.0000000e+00   1.5000000e+01   1.1630435e+01
   1.2339950e+03   2.8000000e+01   4.0000000e+01   6.1000000e+02   6.2000000e+01   3.1000000e+01   4.1500000e+01   1.7350000e+01   2.0000000e+00   6.0000000e+00   2.0000000e+01   1.2129032e+01
   9.0951258e+02   2.2000000e+01   3.0000000e+01   4.6100000e+02   6.5000000e+01   3.2500000e+01   3.4600000e+01   1.7400000e+01   2.0000000e+00   5.0000000e+00   1.5000000e+01   1.1500000e+01
   1.4696235e+03   2.7000000e+01   4.1000000e+01   6.0500000e+02   6.4000000e+01   3.2000000e+01   3.4500000e+01   2.0263158e+01   2.0000000e+00   6.0000000e+00   1.9000000e+01   1.1516129e+01
   9.8247889e+02   1.8000000e+01   3.2000000e+01   4.6000000e+02   7.0000000e+01   3.5000000e+01   3.1200000e+01   2.4363636e+01   2.0000000e+00   5.0000000e+00   1.1000000e+01   1.1382979e+01
   1.3472725e+03   2.7000000e+01   3.9000000e+01   5.4900000e+02   6.2000000e+01   3.1000000e+01   3.4428571e+01   1.6333333e+01   2.0000000e+00   7.0000000e+00   1.8000000e+01   1.0761905e+01
   1.3354276e+03   2.1000000e+01   3.8000000e+01   5.0300000e+02   6.3000000e+01   3.1500000e+01   3.7400000e+01   2.0857143e+01   2.0000000e+00   5.0000000e+00   1.4000000e+01   1.0763636e+01
   1.0315609e+03   2.2000000e+01   3.7000000e+01   5.2100000e+02   6.5000000e+01   3.2500000e+01   3.4166667e+01   2.1142857e+01   2.0000000e+00   6.0000000e+00   1.4000000e+01   1.1722222e+01
   1.0354993e+03   2.3000000e+01   3.3000000e+01   5.0100000e+02   6.2000000e+01   3.1000000e+01   3.4500000e+01   1.7666667e+01   2.0000000e+00   6.0000000e+00   1.5000000e+01   1.1660377e+01
   1.3087767e+03   2.9000000e+01   4.1000000e+01   6.1400000e+02   6.0000000e+01   3.0000000e+01   3.6285714e+01   1.7250000e+01   2.0000000e+00   7.0000000e+00   2.0000000e+01   1.1880597e+01
   1.0834404e+03   2.3000000e+01   3.7000000e+01   5.3300000e+02   6.4000000e+01   3.2000000e+01   3.7333333e+01   1.9333333e+01   2.0000000e+00   6.0000000e+00   1.5000000e+01   1.1839286e+01
   1.3303345e+03   2.7000000e+01   4.2000000e+01   6.2000000e+02   6.6000000e+01   3.3000000e+01   3.6571429e+01   1.9555556e+01   2.0000000e+00   7.0000000e+00   1.8000000e+01   1.1575758e+01
   1.2416346e+03   2.2000000e+01   4.1000000e+01   6.1600000e+02   7.3000000e+01   3.6500000e+01   4.1166667e+01   2.4642857e+01   2.0000000e+00   6.0000000e+00   1.4000000e+01   1.1770492e+01
   1.4510308e+03   3.3000000e+01   4.3000000e+01   6.1500000e+02   6.1000000e+01   3.0500000e+01   3.3875000e+01   1.4695652e+01   2.0000000e+00   8.0000000e+00   2.3000000e+01   1.1067568e+01
   9.8801662e+02   2.8000000e+01   3.7000000e+01   5.8500000e+02   5.9000000e+01   2.9500000e+01   3.7857143e+01   1.6210526e+01   2.0000000e+00   7.0000000e+00   1.9000000e+01   1.1704918e+01
   1.2285796e+03   2.1000000e+01   3.9000000e+01   5.6300000e+02   7.0000000e+01   3.5000000e+01   4.2750000e+01   2.4600000e+01   2.0000000e+00   4.0000000e+00   1.5000000e+01   1.1607143e+01
   9.6052926e+02   2.1000000e+01   3.6000000e+01   5.2800000e+02   7.0000000e+01   3.5000000e+01   4.3200000e+01   2.0571429e+01   2.0000000e+00   5.0000000e+00   1.4000000e+01   1.1592593e+01
   1.0541848e+03   2.2000000e+01   3.7000000e+01   5.0900000e+02   6.8000000e+01   3.4000000e+01   3.7000000e+01   1.9533333e+01   2.0000000e+00   5.0000000e+00   1.5000000e+01   1.1245283e+01
