   4.1870542e+01   3.0000000e+00   2.0000000e+00   3.9000000e+01   2.7000000e+01   1.3500000e+01   1.3000000e+01   0.0000000e+00   2.0000000e+00   1.0000000e+00   0.0000000e+00   1.3000000e+01
   7.4113196e+01   5.0000000e+00   4.0000000e+00   7.9000000e+01   3.8000000e+01   1.9000000e+01   1.7000000e+01   1.0000000e+01   2.0000000e+00   2.0000000e+00   1.0000000e+00   1.1285714e+01
   1.0311368e+02   7.0000000e+00   5.0000000e+00   1.1500000e+02   4.8000000e+01   2.4000000e+01   1.4750000e+01   1.2000000e+01   2.0000000e+00   4.0000000e+00   1.0000000e+00   1.1600000e+01
   5.9293020e+02   2.8000000e+01   3.5000000e+01   4.4800000e+02   5.2000000e+01   2.6000000e+01   2.8285714e+01   1.2789474e+01   2.0000000e+00   7.0000000e+00   1.9000000e+01   1.0107143e+01
   6.7440801e+02   2.9000000e+01   3.6000000e+01   5.6100000e+02   6.4000000e+01   3.2000000e+01   3.0142857e+01   1.6450000e+01   2.0000000e+00   7.0000000e+00   2.0000000e+01   1.0951613e+01
   6.6673411e+02   2.5000000e+01   4.0000000e+01   5.2500000e+02   6.7000000e+01   3.3500000e+01   3.8333333e+01   1.6294118e+01   2.0000000e+00   6.0000000e+00   1.7000000e+01   1.0596774e+01
   4.6686746e+02   2.1000000e+01   2.7000000e+01   3.2800000e+02   5.7000000e+01   2.8500000e+01   2.8400000e+01   1.1642857e+01   2.0000000e+00   5.0000000e+00   1.4000000e+01   9.8837209e+00
   1.0021968e+02   8.0000000e+00   7.0000000e+00   1.0600000e+02   4.4000000e+01   2.2000000e+01   1.8333333e+01   4.3333333e+00   2.0000000e+00   3.0000000e+00   3.0000000e+00   1.0076923e+01
   8.4276842e+02   3.2000000e+01   4.2000000e+01   6.0400000e+02   5.8000000e+01   2.9000000e+01   3.7571429e+01   1.4608696e+01   2.0000000e+00   7.0000000e+00   2.3000000e+01   1.0760563e+01
   6.4934145e+02   2.6000000e+01   3.9000000e+01   5.3300000e+02   5.9000000e+01   2.9500000e+01   3.6666667e+01   1.6388889e+01   2.0000000e+00   6.0000000e+00   1.8000000e+01   1.0317460e+01
   9.8727287e+01   5.0000000e+00   4.0000000e+00   7.5000000e+01   4.5000000e+01   2.2500000e+01   1.1000000e+01   0.0000000e+00   2.0000000e+00   3.0000000e+00   0.0000000e+00   1.0714286e+01
   4.9222919e+01   4.0000000e+00   4.0000000e+00   7.2000000e+01   2.6000000e+01   1.2000000e+01   2.6000000e+01   2.5000000e+01   2.0000000e+00   1.0000000e+00   1.0000000e+00   1.2000000e+01
   8.1367068e+02   2.4000000e+01   4.1000000e+01   5.3700000e+02   6.5000000e+01   3.2500000e+01   3.3000000e+01   2.0062500e+01   2.0000000e+00   6.0000000e+00   1.6000000e+01   1.0316667e+01
   7.4935041e+02   2.8000000e+01   4.3000000e+01   5.4300000e+02   6.7000000e+01   3.3500000e+01   2.9714286e+01   1.6578947e+01   2.0000000e+00   7.0000000e+00   1.9000000e+01   1.0409091e+01
   9.1985350e+02   2.1000000e+01   4.3000000e+01   5.4800000e+02   6.8000000e+01   3.4000000e+01   4.1000000e+01   2.3000000e+01   2.0000000e+00   5.0000000e+00   1.4000000e+01   1.0655738e+01
   1.0008613e+02   7.0000000e+00   5.0000000e+00   8.1000000e+01   3.3000000e+01   1.6500000e+01   1.7000000e+01   6.0000000e+00   2.0000000e+00   2.0000000e+00   3.0000000e+00   9.3000000e+00
   4.8115394e+01   5.0000000e+00   4.0000000e+00   7.3000000e+01   3.4000000e+01   1.7000000e+01   1.5500000e+01   1.1000000e+01   2.0000000e+00   2.0000000e+00   1.0000000e+00   1.0428571e+01
   1.2060261e+02   7.0000000e+00   4.0000000e+00   8.4000000e+01   3.1000000e+01   1.5500000e+01   1.2000000e+01   1.0000000e+01   2.0000000e+00   3.0000000e+00   2.0000000e+00   9.3333333e+00
   2.4624955e+02   1.5000000e+01   1.8000000e+01   2.3900000e+02   5.1000000e+01   2.5500000e+01   2.4000000e+01   1.1125000e+01   2.0000000e+00   5.0000000e+00   8.0000000e+00   1.0689655e+01
   8.3948356e+02   2.7000000e+01   4.1000000e+01   5.3500000e+02   6.2000000e+01   3.1000000e+01   3.9000000e+01   1.6450000e+01   2.0000000e+00   5.0000000e+00   2.0000000e+01   1.0296875e+01
   8.2107252e+02   3.1000000e+01   3.9000000e+01   5.6300000e+02   6.0000000e+01   3.0000000e+01   3.7000000e+01   1.3227273e+01   2.0000000e+00   7.0000000e+00   2.2000000e+01   1.0424242e+01
   6.5415815e+02   2.0000000e+01   3.2000000e+01   4.6200000e+02   5.1000000e+01   2.5500000e+01   4.4000000e+01   1.9571429e+01   2.0000000e+00   4.0000000e+00   1.4000000e+01   1.1042553e+01
   3.3757153e+02   1.7000000e+01   2.2000000e+01   3.1000000e+02   5.7000000e+01   2.8500000e+01   3.4250000e+01   1.2454545e+01   2.0000000e+00   4.0000000e+00   1.1000000e+01   1.0864865e+01
   8.2758312e+02   2.6000000e+01   4.2000000e+01   5.6100000e+02   6.2000000e+01   3.1000000e+01   3.5833333e+01   1.8333333e+01   2.0000000e+00   6.0000000e+00   1.8000000e+01   1.0047619e+01
   6.3159338e+02   2.1000000e+01   4.2000000e+01   5.3900000e+02   6.8000000e+01   3.4000000e+01   3.7600000e+01   2.3214286e+01   2.0000000e+00   5.0000000e+00   1.4000000e+01   1.0688525e+01
   8.0402923e+02   2.9000000e+01   4.4000000e+01   6.0000000e+02   6.2000000e+01   3.1000000e+01   3.6285714e+01   1.6550000e+01   2.0000000e+00   7.0000000e+00   2.0000000e+01   1.0565217e+01
   8.5619234e+02   2.5000000e+01   4.7000000e+01   6.0300000e+02   6.5000000e+01   3.2500000e+01   4.2600000e+01   2.0833333e+01   2.0000000e+00   5.0000000e+00   1.8000000e+01   1.0545455e+01
   7.7325050e+02   2.5000000e+01   4.5000000e+01   5.6000000e+02   6.4000000e+01   3.2000000e+01   4.0200000e+01   1.9277778e+01   2.0000000e+00   5.0000000e+00   1.8000000e+01   1.0411765e+01
   7.4973400e+01   7.0000000e+00   4.0000000e+00   1.0100000e+02   3.9000000e+01   1.9500000e+01   1.4250000e+01   8.0000000e+00   2.0000000e+00   4.0000000e+00   1.0000000e+00   1.1222222e+01
   1.2243174e+02   1.2000000e+01   7.0000000e+00   1.2400000e+02   2.7000000e+01   1.3500000e+01   1.6000000e+01   6.5000000e+00   2.0000000e+00   4.0000000e+00   6.0000000e+00   1.0764706e+01
   3.2774706e+02   1.6000000e+01   1.9000000e+01   2.8600000e+02   5.5000000e+01   2.7500000e+01   3.4500000e+01   1.1200000e+01   2.0000000e+00   4.0000000e+00   1.0000000e+01   1.1100000e+01
   7.7355710e+02   2.6000000e+01   3.8000000e+01   5.9700000e+02   6.4000000e+01   3.2000000e+01   3.9666667e+01   1.9000000e+01   2.0000000e+00   6.0000000e+00   1.8000000e+01   1.1806452e+01
   6.7047930e+02   3.4000000e+01   4.3000000e+01   5.6400000e+02   5.0000000e+01   2.5000000e+01   3.5000000e+01   1.3000000e+01   2.0000000e+00   7.0000000e+00   2.5000000e+01   9.8611111e+00
   7.9517717e+02   2.8000000e+01   4.1000000e+01   6.0900000e+02   6.4000000e+01   3.2000000e+01   4.0000000e+01   1.7450000e+01   2.0000000e+00   6.0000000e+00   2.0000000e+01   1.1196970e+01
   6.4420637e+02   2.6000000e+01   3.8000000e+01   5.4500000e+02   6.8000000e+01   3.4000000e+01   3.6833333e+01   1.6500000e+01   2.0000000e+00   6.0000000e+00   1.8000000e+01   1.0881356e+01
   9.2603262e+02   2.7000000e+01   4.6000000e+01   5.9300000e+02   6.0000000e+01   3.0000000e+01   4.0400000e+01   1.9300000e+01   2.0000000e+00   5.0000000e+00   2.0000000e+01   1.0608696e+01
   8.5131878e+02   3.0000000e+01   4.4000000e+01   5.8800000e+02   6.0000000e+01   3.0000000e+01   3.0375000e+01   1.6450000e+01   2.0000000e+00   8.0000000e+00   2.0000000e+01   1.0275362e+01
   8.1134733e+02   2.3000000e+01   4.7000000e+01   6.0900000e+02   7.5000000e+01   3.7500000e+01   4.5200000e+01   2.2437500e+01   2.0000000e+00   5.0000000e+00   1.6000000e+01   1.0772727e+01
   8.5905130e+02   2.7000000e+01   4.2000000e+01   5.5900000e+02   6.3000000e+01   3.1500000e+01   3.6833333e+01   1.6894737e+01   2.0000000e+00   6.0000000e+00   1.9000000e+01   1.0661538e+01
   8.2394829e+02   3.2000000e+01   4.2000000e+01   6.1100000e+02   6.3000000e+01   3.1500000e+01   3.8666667e+01   1.4916667e+01   2.0000000e+00   6.0000000e+00   2.4000000e+01   1.0352113e+01
   6.5290477e+02   2.7000000e+01   4.4000000e+01   5.7600000e+02   6.8000000e+01   3.4000000e+01   4.0000000e+01   1.6947368e+01   2.0000000e+00   6.0000000e+00   1.9000000e+01   1.0391304e+01
   7.4636526e+01   5.0000000e+00   4.0000000e+00   7.5000000e+01   3.6000000e+01   1.8000000e+01   1.6000000e+01   1.0000000e+01   2.0000000e+00   2.0000000e+00   1.0000000e+00   1.0714286e+01
   7.5554336e+02   3.1000000e+01   4.3000000e+01   5.7500000e+02   5.8000000e+01   2.9000000e+01   3.2857143e+01   1.5545455e+01   2.0000000e+00   7.0000000e+00   2.2000000e+01   1.0253521e+01
   7.0410057e+02   2.6000000e+01   3.9000000e+01   5.1700000e+02   6.5000000e+01   3.2500000e+01   3.5666667e+01   1.5500000e+01   2.0000000e+00   6.0000000e+00   1.8000000e+01   1.0550000e+01
   7.8079526e+01   8.0000000e+00   5.0000000e+00   1.0900000e+02   3.4000000e+01   1.7000000e+01   1.6666667e+01   9.6666667e+00   2.0000000e+00   3.0000000e+00   3.0000000e+00   9.9090909e+00
   7.1878255e+02   3.0000000e+01   4.3000000e+01   5.9900000e+02   6.3000000e+01   3.1500000e+01   3.4714286e+01   1.6190476e+01   2.0000000e+00   7.0000000e+00   2.1000000e+01   1.0797101e+01
   1.0015600e+02   5.0000000e+00   4.0000000e+00   6.9000000e+01   3.1000000e+01   9.5000000e+00   3.1000000e+01   1.1000000e+01   2.0000000e+00   1.0000000e+00   2.0000000e+00   9.8571429e+00
   4.7637223e+02   1.9000000e+01   2.8000000e+01   3.7200000e+02   5.7000000e+01   2.8500000e+01   3.7000000e+01   1.5076923e+01   2.0000000e+00   4.0000000e+00   1.3000000e+01   1.0454545e+01
   1.4071315e+02   1.2000000e+01   1.4000000e+01   1.8900000e+02   4.7000000e+01   2.3500000e+01   2.4000000e+01   9.8333333e+00   2.0000000e+00   4.0000000e+00   6.0000000e+00   1.0818182e+01
   8.2164613e+02   2.6000000e+01   4.1000000e+01   5.7800000e+02   6.5000000e+01   3.2500000e+01   4.3600000e+01   1.8000000e+01   2.0000000e+00   5.0000000e+00   1.9000000e+01   1.0682540e+01
   6.2425039e+02   3.0000000e+01   4.0000000e+01   6.0900000e+02   6.3000000e+01   3.1500000e+01   3.5857143e+01   1.6333333e+01   2.0000000e+00   7.0000000e+00   2.1000000e+01   1.1029851e+01
   7.8042417e+01   6.0000000e+00   5.0000000e+00   9.7000000e+01   3.6000000e+01   1.8000000e+01   2.2000000e+01   1.0500000e+01   2.0000000e+00   2.0000000e+00   2.0000000e+00   1.0777778e+01
   3.8517218e+02   2.0000000e+01   2.3000000e+01   3.4600000e+02   5.3000000e+01   2.6500000e+01   3.1000000e+01   1.0916667e+01   2.0000000e+00   6.0000000e+00   1.2000000e+01   1.1026316e+01
   6.0943525e+02   2.5000000e+01   3.9000000e+01   5.5600000e+02   6.2000000e+01   3.1000000e+01   4.2200000e+01   1.8611111e+01   2.0000000e+00   5.0000000e+00   1.8000000e+01   1.1050847e+01
   7.1263921e+02   2.3000000e+01   4.4000000e+01   5.4500000e+02   6.8000000e+01   3.4000000e+01   3.1000000e+01   2.2533333e+01   2.0000000e+00   6.0000000e+00   1.5000000e+01   1.0412698e+01
   1.0206228e+02   6.0000000e+00   5.0000000e+00   9.8000000e+01   4.5000000e+01   1.1000000e+01   4.5000000e+01   1.1666667e+01   2.0000000e+00   1.0000000e+00   3.0000000e+00   1.1222222e+01
   5.0152427e+02   1.8000000e+01   2.8000000e+01   3.7200000e+02   6.3000000e+01   3.1500000e+01   2.7600000e+01   1.8181818e+01   2.0000000e+00   5.0000000e+00   1.1000000e+01   9.9069767e+00
   2.2817402e+02   1.2000000e+01   1.6000000e+01   2.2300000e+02   5.3000000e+01   2.6500000e+01   3.0333333e+01   1.3428571e+01   2.0000000e+00   3.0000000e+00   7.0000000e+00   1.1000000e+01
   4.2232387e+02   1.9000000e+01   2.9000000e+01   3.9900000e+02   6.7000000e+01   3.3500000e+01   2.6000000e+01   1.9181818e+01   2.0000000e+00   6.0000000e+00   1.1000000e+01   1.1186047e+01
   1.2058769e+02   6.0000000e+00   4.0000000e+00   6.9000000e+01   2.8000000e+01   9.0000000e+00   1.9000000e+01   8.0000000e+00   2.0000000e+00   2.0000000e+00   2.0000000e+00   8.6250000e+00
   8.8100124e+02   3.4000000e+01   4.0000000e+01   5.4800000e+02   5.5000000e+01   2.7500000e+01   2.7888889e+01   1.2913043e+01   2.0000000e+00   9.0000000e+00   2.3000000e+01   9.8088235e+00
   5.1036519e+02   2.0000000e+01   2.8000000e+01   3.7600000e+02   5.6000000e+01   2.8000000e+01   3.3600000e+01   1.4230769e+01   2.0000000e+00   5.0000000e+00   1.3000000e+01   1.0511111e+01
   7.0555525e+02   2.8000000e+01   4.0000000e+01   5.7900000e+02   5.9000000e+01   2.9500000e+01   3.6666667e+01   1.7000000e+01   2.0000000e+00   6.0000000e+00   2.0000000e+01   1.0861538e+01
   9.0719354e+02   2.4000000e+01   4.3000000e+01   5.9100000e+02   6.7000000e+01   3.3500000e+01   4.2600000e+01   2.1000000e+01   2.0000000e+00   5.0000000e+00   1.7000000e+01   1.0661538e+01
   7.5708809e+02   3.0000000e+01   4.8000000e+01   6.5000000e+02   6.4000000e+01   3.2000000e+01   3.9571429e+01   1.7809524e+01   2.0000000e+00   7.0000000e+00   2.1000000e+01   1.1041096e+01
   6.8517288e+02   2.8000000e+01   3.8000000e+01   4.8500000e+02   6.3000000e+01   3.1500000e+01   3.3333333e+01   1.3650000e+01   2.0000000e+00   6.0000000e+00   2.0000000e+01   1.0245902e+01
   6.9807806e+02   2.5000000e+01   3.8000000e+01   5.1400000e+02   6.2000000e+01   3.1000000e+01   3.4333333e+01   1.6882353e+01   2.0000000e+00   6.0000000e+00   1.7000000e+01   1.0389831e+01
   1.0312176e+02   6.0000000e+00   5.0000000e+00   9.2000000e+01   4.4000000e+01   2.2000000e+01   1.4000000e+01   1.0000000e+01   2.0000000e+00   3.0000000e+00   1.0000000e+00   1.0333333e+01
   8.1005525e+02   2.4000000e+01   4.4000000e+01   5.6300000e+02   6.5000000e+01   3.2500000e+01   4.4400000e+01   1.8941176e+01   2.0000000e+00   5.0000000e+00   1.7000000e+01   1.0203125e+01
   8.9384402e+02   2.5000000e+01   4.6000000e+01   5.9700000e+02   6.7000000e+01   3.3500000e+01   4.3400000e+01   2.0333333e+01   2.0000000e+00   5.0000000e+00   1.8000000e+01   1.0275362e+01
   7.8305722e+02   3.0000000e+01   4.4000000e+01   5.8600000e+02   6.1000000e+01   3.0500000e+01   3.8142857e+01   1.4666667e+01   2.0000000e+00   7.0000000e+00   2.1000000e+01   1.0405797e+01
   2.5057749e+02   1.4000000e+01   1.5000000e+01   2.4200000e+02   5.5000000e+01   2.7500000e+01   2.5750000e+01   1.2500000e+01   2.0000000e+00   4.0000000e+00   8.0000000e+00   1.1461538e+01
   2.9132059e+02   1.4000000e+01   1.8000000e+01   2.5400000e+02   5.8000000e+01   2.9000000e+01   2.7250000e+01   1.3000000e+01   2.0000000e+00   4.0000000e+00   8.0000000e+00   1.1074074e+01
   4.2426547e+02   2.4000000e+01   3.4000000e+01   4.5800000e+02   5.7000000e+01   2.8500000e+01   3.5666667e+01   1.4062500e+01   2.0000000e+00   6.0000000e+00   1.6000000e+01   1.0200000e+01
   8.2271612e+02   2.7000000e+01   4.9000000e+01   6.2100000e+02   6.5000000e+01   3.2500000e+01   3.9666667e+01   1.9631579e+01   2.0000000e+00   6.0000000e+00   1.9000000e+01   1.0338028e+01
   7.3444127e+02   2.8000000e+01   3.6000000e+01   5.2400000e+02   6.0000000e+01   3.0000000e+01   2.8625000e+01   1.5111111e+01   2.0000000e+00   8.0000000e+00   1.8000000e+01   1.0583333e+01
   7.3534785e+01   7.0000000e+00   4.0000000e+00   9.9000000e+01   2.5000000e+01   1.1500000e+01   2.2500000e+01   1.1333333e+01   2.0000000e+00   2.0000000e+00   3.0000000e+00   1.1000000e+01
   7.5706070e+02   2.9000000e+01   4.6000000e+01   6.3100000e+02   7.1000000e+01   3.5500000e+01   3.9333333e+01   1.7857143e+01   2.0000000e+00   6.0000000e+00   2.1000000e+01   1.1294118e+01
   5.8267929e+02   2.2000000e+01   3.2000000e+01   4.3100000e+02   6.4000000e+01   3.2000000e+01   3.1400000e+01   1.6066667e+01   2.0000000e+00   5.0000000e+00   1.5000000e+01   1.0160000e+01
   6.3805222e+02   2.7000000e+01   4.2000000e+01   5.9700000e+02   6.7000000e+01   3.3500000e+01   4.0000000e+01   1.7842105e+01   2.0000000e+00   6.0000000e+00   1.9000000e+01   1.0875000e+01
   8.4250705e+02   2.6000000e+01   4.3000000e+01   5.9300000e+02   6.8000000e+01   3.4000000e+01   3.4333333e+01   2.0388889e+01   2.0000000e+00   6.0000000e+00   1.8000000e+01   1.0953125e+01
   7.7089648e+02   2.3000000e+01   3.7000000e+01   4.9500000e+02   6.5000000e+01   3.2500000e+01   3.7200000e+01   1.8437500e+01   2.0000000e+00   5.0000000e+00   1.6000000e+01   1.0928571e+01
   7.4104446e+01   1.1000000e+01   8.0000000e+00   1.2500000e+02   3.2000000e+01   1.6000000e+01   2.3000000e+01   5.1666667e+00   2.0000000e+00   3.0000000e+00   6.0000000e+00   1.0375000e+01
   1.1714370e+02   7.0000000e+00   8.0000000e+00   1.0600000e+02   4.1000000e+01   2.0500000e+01   1.6000000e+01   1.2000000e+01   2.0000000e+00   3.0000000e+00   2.0000000e+00   1.1166667e+01
   7.4034750e+02   2.4000000e+01   3.9000000e+01   4.7600000e+02   5.8000000e+01   2.9000000e+01   3.0285714e+01   1.7133333e+01   2.0000000e+00   7.0000000e+00   1.5000000e+01   9.8947368e+00
   5.8441292e+02   2.7000000e+01   3.9000000e+01   5.3800000e+02   5.9000000e+01   2.9500000e+01   3.5666667e+01   1.6263158e+01   2.0000000e+00   6.0000000e+00   1.9000000e+01   1.0903226e+01
   7.3915360e+01   5.0000000e+00   4.0000000e+00   7.3000000e+01   3.4000000e+01   1.7000000e+01   1.6000000e+01   1.0000000e+01   2.0000000e+00   2.0000000e+00   1.0000000e+00   1.0428571e+01
   9.7093105e+02   2.7000000e+01   4.7000000e+01   5.8600000e+02   6.4000000e+01   3.2000000e+01   3.8666667e+01   1.8157895e+01   2.0000000e+00   6.0000000e+00   1.9000000e+01   1.0471429e+01
   7.8929987e+02   2.3000000e+01   3.5000000e+01   5.1000000e+02   6.4000000e+01   3.2000000e+01   3.9200000e+01   1.8250000e+01   2.0000000e+00   5.0000000e+00   1.6000000e+01   1.0963636e+01
   5.0592191e+02   2.4000000e+01   2.9000000e+01   4.1500000e+02   5.5000000e+01   2.7500000e+01   3.0000000e+01   1.2333333e+01   2.0000000e+00   7.0000000e+00   1.5000000e+01   1.0306122e+01
   9.3408401e+02   2.9000000e+01   4.5000000e+01   5.9700000e+02   6.4000000e+01   3.2000000e+01   3.4714286e+01   1.7100000e+01   2.0000000e+00   7.0000000e+00   2.0000000e+01   1.0671429e+01
   9.6505296e+01   4.0000000e+00   4.0000000e+00   6.3000000e+01   2.4000000e+01   1.2000000e+01   2.1000000e+01   2.1000000e+01   2.0000000e+00   1.0000000e+00   1.0000000e+00   1.0500000e+01
   6.1157876e+02   2.4000000e+01   3.5000000e+01   5.3400000e+02   6.4000000e+01   3.2000000e+01   3.6000000e+01   1.7200000e+01   2.0000000e+00   7.0000000e+00   1.5000000e+01   1.1107143e+01
   8.1676228e+02   2.8000000e+01   4.0000000e+01   5.7100000e+02   6.2000000e+01   3.1000000e+01   3.9166667e+01   1.5900000e+01   2.0000000e+00   6.0000000e+00   2.0000000e+01   1.1030303e+01
   7.1491176e+02   2.6000000e+01   3.9000000e+01   5.2400000e+02   6.4000000e+01   3.2000000e+01   3.4500000e+01   1.6611111e+01   2.0000000e+00   6.0000000e+00   1.8000000e+01   1.0540984e+01
   7.9002474e+01   8.0000000e+00   5.0000000e+00   1.2100000e+02   3.5000000e+01   1.7500000e+01   1.7500000e+01   1.0000000e+01   2.0000000e+00   4.0000000e+00   2.0000000e+00   1.1000000e+01
   9.1428964e+02   2.7000000e+01   4.5000000e+01   5.6100000e+02   6.2000000e+01   3.1000000e+01   4.1200000e+01   1.7250000e+01   2.0000000e+00   5.0000000e+00   2.0000000e+01   1.0287879e+01
   5.9313344e+02   2.2000000e+01   2.9000000e+01   3.8800000e+02   5.8000000e+01   2.9000000e+01   3.0000000e+01   1.4133333e+01   2.0000000e+00   5.0000000e+00   1.5000000e+01   9.8723404e+00
   8.5493450e+01   7.0000000e+00   6.0000000e+00   1.0200000e+02   3.9000000e+01   1.9500000e+01   1.6000000e+01   1.0000000e+01   2.0000000e+00   3.0000000e+00   2.0000000e+00   9.2727273e+00
   7.3330073e+01   5.0000000e+00   4.0000000e+00   7.9000000e+01   3.4000000e+01   1.7000000e+01   1.7500000e+01   1.3000000e+01   2.0000000e+00   2.0000000e+00   1.0000000e+00   1.1285714e+01
