   1.7061668e+03   3.2000000e+01   5.5000000e+01   5.2800000e+02   5.5000000e+01   2.7500000e+01   3.5333333e+01   1.3416667e+01   2.0000000e+00   6.0000000e+00   2.4000000e+01   7.8536585e+00
   1.2951000e+03   3.7000000e+01   5.5000000e+01   5.6900000e+02   5.3000000e+01   2.6500000e+01   3.2375000e+01   1.1888889e+01   2.0000000e+00   8.0000000e+00   2.7000000e+01   7.8651685e+00
   1.0665565e+03   3.4000000e+01   5.4000000e+01   5.8800000e+02   5.4000000e+01   2.7000000e+01   3.3857143e+01   1.4200000e+01   2.0000000e+00   7.0000000e+00   2.5000000e+01   8.7738095e+00
   7.7887499e+02   2.4000000e+01   3.8000000e+01   4.1000000e+02   5.4000000e+01   2.7000000e+01   2.8833333e+01   1.4250000e+01   2.0000000e+00   6.0000000e+00   1.6000000e+01   8.5517241e+00
   1.3245145e+03   3.2000000e+01   5.6000000e+01   5.3500000e+02   5.5000000e+01   2.7500000e+01   3.4666667e+01   1.4000000e+01   2.0000000e+00   6.0000000e+00   2.4000000e+01   7.8095238e+00
   1.0202272e+03   3.3000000e+01   4.5000000e+01   5.2900000e+02   5.5000000e+01   2.7500000e+01   3.3714286e+01   1.2125000e+01   2.0000000e+00   7.0000000e+00   2.4000000e+01   8.5000000e+00
   0.0000000e+00   0.0000000e+00   0.0000000e+00   0.0000000e+00   0.0000000e+00   0.0000000e+00   0.0000000e+00   0.0000000e+00   0.0000000e+00   0.0000000e+00   0.0000000e+00   0.0000000e+00
   0.0000000e+00   0.0000000e+00   0.0000000e+00   0.0000000e+00   0.0000000e+00   0.0000000e+00   0.0000000e+00   0.0000000e+00   0.0000000e+00   0.0000000e+00   0.0000000e+00   0.0000000e+00
   0.0000000e+00   0.0000000e+00   0.0000000e+00   0.0000000e+00   0.0000000e+00   0.0000000e+00   0.0000000e+00   0.0000000e+00   0.0000000e+00   0.0000000e+00   0.0000000e+00   0.0000000e+00
   0.0000000e+00   0.0000000e+00   0.0000000e+00   0.0000000e+00   0.0000000e+00   0.0000000e+00   0.0000000e+00   0.0000000e+00   0.0000000e+00   0.0000000e+00   0.0000000e+00   0.0000000e+00
   0.0000000e+00   0.0000000e+00   0.0000000e+00   0.0000000e+00   0.0000000e+00   0.0000000e+00   0.0000000e+00   0.0000000e+00   0.0000000e+00   0.0000000e+00   0.0000000e+00   0.0000000e+00
   0.0000000e+00   0.0000000e+00   0.0000000e+00   0.0000000e+00   0.0000000e+00   0.0000000e+00   0.0000000e+00   0.0000000e+00   0.0000000e+00   0.0000000e+00   0.0000000e+00   0.0000000e+00
   0.0000000e+00   0.0000000e+00   0.0000000e+00   0.0000000e+00   0.0000000e+00   0.0000000e+00   0.0000000e+00   0.0000000e+00   0.0000000e+00   0.0000000e+00   0.0000000e+00   0.0000000e+00
   0.0000000e+00   0.0000000e+00   0.0000000e+00   0.0000000e+00   0.0000000e+00   0.0000000e+00   0.0000000e+00   0.0000000e+00   0.0000000e+00   0.0000000e+00   0.0000000e+00   0.0000000e+00
   0.0000000e+00   0.0000000e+00   0.0000000e+00   0.0000000e+00   0.0000000e+00   0.0000000e+00   0.0000000e+00   0.0000000e+00   0.0000000e+00   0.0000000e+00   0.0000000e+00   0.0000000e+00
   0.0000000e+00   0.0000000e+00   0.0000000e+00   0.0000000e+00   0.0000000e+00   0.0000000e+00   0.0000000e+00   0.0000000e+00   0.0000000e+00   0.0000000e+00   0.0000000e+00   0.0000000e+00
   0.0000000e+00   0.0000000e+00   0.0000000e+00   0.0000000e+00   0.0000000e+00   0.0000000e+00   0.0000000e+00   0.0000000e+00   0.0000000e+00   0.0000000e+00   0.0000000e+00   0.0000000e+00
   0.0000000e+00   0.0000000e+00   0.0000000e+00   0.0000000e+00   0.0000000e+00   0.0000000e+00   0.0000000e+00   0.0000000e+00   0.0000000e+00   0.0000000e+00   0.0000000e+00   0.0000000e+00
   0.0000000e+00   0.0000000e+00   0.0000000e+00   0.0000000e+00   0.0000000e+00   0.0000000e+00   0.0000000e+00   0.0000000e+00   0.0000000e+00   0.0000000e+00   0.0000000e+00   0.0000000e+00
   0.0000000e+00   0.0000000e+00   0.0000000e+00   0.0000000e+00   0.0000000e+00   0.0000000e+00   0.0000000e+00   0.0000000e+00   0.0000000e+00   0.0000000e+00   0.0000000e+00   0.0000000e+00
   0.0000000e+00   0.0000000e+00   0.0000000e+00   0.0000000e+00   0.0000000e+00   0.0000000e+00   0.0000000e+00   0.0000000e+00   0.0000000e+00   0.0000000e+00   0.0000000e+00   0.0000000e+00
   0.0000000e+00   0.0000000e+00   0.0000000e+00   0.0000000e+00   0.0000000e+00   0.0000000e+00   0.0000000e+00   0.0000000e+00   0.0000000e+00   0.0000000e+00   0.0000000e+00   0.0000000e+00
   0.0000000e+00   0.0000000e+00   0.0000000e+00   0.0000000e+00   0.0000000e+00   0.0000000e+00   0.0000000e+00   0.0000000e+00   0.0000000e+00   0.0000000e+00   0.0000000e+00   0.0000000e+00
   0.0000000e+00   0.0000000e+00   0.0000000e+00   0.0000000e+00   0.0000000e+00   0.0000000e+00   0.0000000e+00   0.0000000e+00   0.0000000e+00   0.0000000e+00   0.0000000e+00   0.0000000e+00
   0.0000000e+00   0.0000000e+00   0.0000000e+00   0.0000000e+00   0.0000000e+00   0.0000000e+00   0.0000000e+00   0.0000000e+00   0.0000000e+00   0.0000000e+00   0.0000000e+00   0.0000000e+00
   0.0000000e+00   0.0000000e+00   0.0000000e+00   0.0000000e+00   0.0000000e+00   0.0000000e+00   0.0000000e+00   0.0000000e+00   0.0000000e+00   0.0000000e+00   0.0000000e+00   0.0000000e+00
   0.0000000e+00   0.0000000e+00   0.0000000e+00   0.0000000e+00   0.0000000e+00   0.0000000e+00   0.0000000e+00   0.0000000e+00   0.0000000e+00   0.0000000e+00   0.0000000e+00   0.0000000e+00
   0.0000000e+00   0.0000000e+00   0.0000000e+00   0.0000000e+00   0.0000000e+00   0.0000000e+00   0.0000000e+00   0.0000000e+00   0.0000000e+00   0.0000000e+00   0.0000000e+00   0.0000000e+00
   0.0000000e+00   0.0000000e+00   0.0000000e+00   0.0000000e+00   0.0000000e+00   0.0000000e+00   0.0000000e+00   0.0000000e+00   0.0000000e+00   0.0000000e+00   0.0000000e+00   0.0000000e+00
   0.0000000e+00   0.0000000e+00   0.0000000e+00   0.0000000e+00   0.0000000e+00   0.0000000e+00   0.0000000e+00   0.0000000e+00   0.0000000e+00   0.0000000e+00   0.0000000e+00   0.0000000e+00
   0.0000000e+00   0.0000000e+00   0.0000000e+00   0.0000000e+00   0.0000000e+00   0.0000000e+00   0.0000000e+00   0.0000000e+00   0.0000000e+00   0.0000000e+00   0.0000000e+00   0.0000000e+00
   0.0000000e+00   0.0000000e+00   0.0000000e+00   0.0000000e+00   0.0000000e+00   0.0000000e+00   0.0000000e+00   0.0000000e+00   0.0000000e+00   0.0000000e+00   0.0000000e+00   0.0000000e+00
   0.0000000e+00   0.0000000e+00   0.0000000e+00   0.0000000e+00   0.0000000e+00   0.0000000e+00   0.0000000e+00   0.0000000e+00   0.0000000e+00   0.0000000e+00   0.0000000e+00   0.0000000e+00
   1.7472299e+03   3.2000000e+01   5.4000000e+01   5.4900000e+02   5.9000000e+01   2.9500000e+01   3.6666667e+01   1.3750000e+01   2.0000000e+00   6.0000000e+00   2.4000000e+01   8.2025316e+00
   1.3605809e+03   3.2000000e+01   5.8000000e+01   5.7000000e+02   5.3000000e+01   2.6500000e+01   3.6333333e+01   1.5125000e+01   2.0000000e+00   6.0000000e+00   2.4000000e+01   7.9540230e+00
   1.3738982e+03   3.9000000e+01   5.8000000e+01   5.8300000e+02   5.4000000e+01   2.7000000e+01   3.2125000e+01   1.1827586e+01   2.0000000e+00   8.0000000e+00   2.9000000e+01   8.0107527e+00
   9.3233686e+02   3.0000000e+01   4.2000000e+01   4.8700000e+02   5.5000000e+01   2.7500000e+01   2.9125000e+01   1.2750000e+01   2.0000000e+00   8.0000000e+00   2.0000000e+01   8.4852941e+00
   8.7367637e+02   3.1000000e+01   4.7000000e+01   4.9700000e+02   5.7000000e+01   2.8500000e+01   2.8142857e+01   1.3545455e+01   2.0000000e+00   7.0000000e+00   2.2000000e+01   8.5616438e+00
   8.3852135e+02   2.4000000e+01   3.4000000e+01   3.8300000e+02   5.9000000e+01   2.9500000e+01   2.3000000e+01   1.3266667e+01   2.0000000e+00   7.0000000e+00   1.5000000e+01   8.0892857e+00
   8.4166618e+02   3.2000000e+01   4.3000000e+01   4.9500000e+02   5.5000000e+01   2.7500000e+01   2.9750000e+01   1.1681818e+01   2.0000000e+00   8.0000000e+00   2.2000000e+01   8.9577465e+00
   1.2180229e+03   2.9000000e+01   4.9000000e+01   5.0700000e+02   5.4000000e+01   2.7000000e+01   3.3000000e+01   1.4666667e+01   2.0000000e+00   6.0000000e+00   2.1000000e+01   8.0400000e+00
   1.0192371e+03   3.2000000e+01   4.8000000e+01   5.1700000e+02   5.9000000e+01   2.9500000e+01   2.9857143e+01   1.3347826e+01   2.0000000e+00   7.0000000e+00   2.3000000e+01   8.8082192e+00
   1.0301425e+03   3.1000000e+01   4.4000000e+01   4.6100000e+02   5.4000000e+01   2.7000000e+01   2.9285714e+01   1.1681818e+01   2.0000000e+00   7.0000000e+00   2.2000000e+01   7.9452055e+00
   1.3523055e+03   3.8000000e+01   5.6000000e+01   6.0600000e+02   5.7000000e+01   2.8500000e+01   3.4375000e+01   1.2250000e+01   2.0000000e+00   8.0000000e+00   2.8000000e+01   8.2000000e+00
   9.9651794e+02   2.7000000e+01   4.2000000e+01   4.2900000e+02   5.7000000e+01   2.8500000e+01   2.6857143e+01   1.3277778e+01   2.0000000e+00   7.0000000e+00   1.8000000e+01   8.3333333e+00
   1.0772872e+03   2.8000000e+01   4.7000000e+01   4.6400000e+02   6.1000000e+01   3.0500000e+01   2.8571429e+01   1.3210526e+01   2.0000000e+00   7.0000000e+00   1.9000000e+01   8.5857143e+00
   9.9980864e+02   3.2000000e+01   3.8000000e+01   4.2900000e+02   5.5000000e+01   2.7500000e+01   2.9142857e+01   9.8695652e+00   2.0000000e+00   7.0000000e+00   2.3000000e+01   8.1194030e+00
   1.2596111e+03   3.3000000e+01   4.9000000e+01   4.4300000e+02   5.3000000e+01   2.6500000e+01   2.2666667e+01   1.1272727e+01   2.0000000e+00   9.0000000e+00   2.2000000e+01   7.4400000e+00
   1.3288036e+03   3.8000000e+01   5.6000000e+01   5.5300000e+02   5.5000000e+01   2.7500000e+01   3.0375000e+01   1.1464286e+01   2.0000000e+00   8.0000000e+00   2.8000000e+01   8.1666667e+00
   1.0182431e+03   3.1000000e+01   4.7000000e+01   5.1200000e+02   5.7000000e+01   2.8500000e+01   3.2142857e+01   1.2954545e+01   2.0000000e+00   7.0000000e+00   2.2000000e+01   8.3424658e+00
   0.0000000e+00   0.0000000e+00   0.0000000e+00   0.0000000e+00   0.0000000e+00   0.0000000e+00   0.0000000e+00   0.0000000e+00   0.0000000e+00   0.0000000e+00   0.0000000e+00   0.0000000e+00
   0.0000000e+00   0.0000000e+00   0.0000000e+00   0.0000000e+00   0.0000000e+00   0.0000000e+00   0.0000000e+00   0.0000000e+00   0.0000000e+00   0.0000000e+00   0.0000000e+00   0.0000000e+00
   0.0000000e+00   0.0000000e+00   0.0000000e+00   0.0000000e+00   0.0000000e+00   0.0000000e+00   0.0000000e+00   0.0000000e+00   0.0000000e+00   0.0000000e+00   0.0000000e+00   0.0000000e+00
   0.0000000e+00   0.0000000e+00   0.0000000e+00   0.0000000e+00   0.0000000e+00   0.0000000e+00   0.0000000e+00   0.0000000e+00   0.0000000e+00   0.0000000e+00   0.0000000e+00   0.0000000e+00
   0.0000000e+00   0.0000000e+00   0.0000000e+00   0.0000000e+00   0.0000000e+00   0.0000000e+00   0.0000000e+00   0.0000000e+00   0.0000000e+00   0.0000000e+00   0.0000000e+00   0.0000000e+00
   0.0000000e+00   0.0000000e+00   0.0000000e+00   0.0000000e+00   0.0000000e+00   0.0000000e+00   0.0000000e+00   0.0000000e+00   0.0000000e+00   0.0000000e+00   0.0000000e+00   0.0000000e+00
   0.0000000e+00   0.0000000e+00   0.0000000e+00   0.0000000e+00   0.0000000e+00   0.0000000e+00   0.0000000e+00   0.0000000e+00   0.0000000e+00   0.0000000e+00   0.0000000e+00   0.0000000e+00
   0.0000000e+00   0.0000000e+00   0.0000000e+00   0.0000000e+00   0.0000000e+00   0.0000000e+00   0.0000000e+00   0.0000000e+00   0.0000000e+00   0.0000000e+00   0.0000000e+00   0.0000000e+00
   0.0000000e+00   0.0000000e+00   0.0000000e+00   0.0000000e+00   0.0000000e+00   0.0000000e+00   0.0000000e+00   0.0000000e+00   0.0000000e+00   0.0000000e+00   0.0000000e+00   0.0000000e+00
   0.0000000e+00   0.0000000e+00   0.0000000e+00   0.0000000e+00   0.0000000e+00   0.0000000e+00   0.0000000e+00   0.0000000e+00   0.0000000e+00   0.0000000e+00   0.0000000e+00   0.0000000e+00
   0.0000000e+00   0.0000000e+00   0.0000000e+00   0.0000000e+00   0.0000000e+00   0.0000000e+00   0.0000000e+00   0.0000000e+00   0.0000000e+00   0.0000000e+00   0.0000000e+00   0.0000000e+00
   0.0000000e+00   0.0000000e+00   0.0000000e+00   0.0000000e+00   0.0000000e+00   0.0000000e+00   0.0000000e+00   0.0000000e+00   0.0000000e+00   0.0000000e+00   0.0000000e+00   0.0000000e+00
   0.0000000e+00   0.0000000e+00   0.0000000e+00   0.0000000e+00   0.0000000e+00   0.0000000e+00   0.0000000e+00   0.0000000e+00   0.0000000e+00   0.0000000e+00   0.0000000e+00   0.0000000e+00
   0.0000000e+00   0.0000000e+00   0.0000000e+00   0.0000000e+00   0.0000000e+00   0.0000000e+00   0.0000000e+00   0.0000000e+00   0.0000000e+00   0.0000000e+00   0.0000000e+00   0.0000000e+00
   0.0000000e+00   0.0000000e+00   0.0000000e+00   0.0000000e+00   0.0000000e+00   0.0000000e+00   0.0000000e+00   0.0000000e+00   0.0000000e+00   0.0000000e+00   0.0000000e+00   0.0000000e+00
   0.0000000e+00   0.0000000e+00   0.0000000e+00   0.0000000e+00   0.0000000e+00   0.0000000e+00   0.0000000e+00   0.0000000e+00   0.0000000e+00   0.0000000e+00   0.0000000e+00   0.0000000e+00
   0.0000000e+00   0.0000000e+00   0.0000000e+00   0.0000000e+00   0.0000000e+00   0.0000000e+00   0.0000000e+00   0.0000000e+00   0.0000000e+00   0.0000000e+00   0.0000000e+00   0.0000000e+00
   0.0000000e+00   0.0000000e+00   0.0000000e+00   0.0000000e+00   0.0000000e+00   0.0000000e+00   0.0000000e+00   0.0000000e+00   0.0000000e+00   0.0000000e+00   0.0000000e+00   0.0000000e+00
   0.0000000e+00   0.0000000e+00   0.0000000e+00   0.0000000e+00   0.0000000e+00   0.0000000e+00   0.0000000e+00   0.0000000e+00   0.0000000e+00   0.0000000e+00   0.0000000e+00   0.0000000e+00
   0.0000000e+00   0.0000000e+00   0.0000000e+00   0.0000000e+00   0.0000000e+00   0.0000000e+00   0.0000000e+00   0.0000000e+00   0.0000000e+00   0.0000000e+00   0.0000000e+00   0.0000000e+00
   0.0000000e+00   0.0000000e+00   0.0000000e+00   0.0000000e+00   0.0000000e+00   0.0000000e+00   0.0000000e+00   0.0000000e+00   0.0000000e+00   0.0000000e+00   0.0000000e+00   0.0000000e+00
   0.0000000e+00   0.0000000e+00   0.0000000e+00   0.0000000e+00   0.0000000e+00   0.0000000e+00   0.0000000e+00   0.0000000e+00   0.0000000e+00   0.0000000e+00   0.0000000e+00   0.0000000e+00
   1.9878862e+03   3.7000000e+01   6.3000000e+01   5.8200000e+02   5.7000000e+01   2.8500000e+01   3.1875000e+01   1.2666667e+01   2.0000000e+00   8.0000000e+00   2.7000000e+01   7.8913043e+00
   8.8955917e+02   3.4000000e+01   4.0000000e+01   4.6900000e+02   5.2000000e+01   2.6000000e+01   2.3777778e+01   1.0782609e+01   2.0000000e+00   9.0000000e+00   2.3000000e+01   8.8873239e+00
   7.6330308e+02   2.8000000e+01   4.1000000e+01   4.9400000e+02   6.1000000e+01   3.0500000e+01   3.5833333e+01   1.3250000e+01   2.0000000e+00   6.0000000e+00   2.0000000e+01   9.2063492e+00
   1.2380486e+03   3.2000000e+01   5.1000000e+01   5.1200000e+02   5.5000000e+01   2.7500000e+01   3.0125000e+01   1.2545455e+01   2.0000000e+00   8.0000000e+00   2.2000000e+01   7.9493671e+00
   9.5100313e+02   3.0000000e+01   4.6000000e+01   4.9500000e+02   4.8000000e+01   2.4000000e+01   2.8000000e+01   1.3650000e+01   2.0000000e+00   8.0000000e+00   2.0000000e+01   8.4722222e+00
   1.0518112e+03   2.9000000e+01   4.9000000e+01   4.6000000e+02   5.2000000e+01   2.6000000e+01   3.2833333e+01   1.3380952e+01   2.0000000e+00   6.0000000e+00   2.1000000e+01   8.1506849e+00
   1.1878097e+03   3.8000000e+01   5.1000000e+01   5.2500000e+02   5.4000000e+01   2.7000000e+01   3.2625000e+01   9.6071429e+00   2.0000000e+00   8.0000000e+00   2.8000000e+01   7.8823529e+00
   1.2077033e+03   3.4000000e+01   5.0000000e+01   5.5300000e+02   5.3000000e+01   2.6500000e+01   3.2875000e+01   1.2541667e+01   2.0000000e+00   8.0000000e+00   2.4000000e+01   8.4000000e+00
   1.2795045e+03   3.2000000e+01   5.4000000e+01   5.4900000e+02   5.8000000e+01   2.9000000e+01   3.2571429e+01   1.4173913e+01   2.0000000e+00   7.0000000e+00   2.3000000e+01   8.2125000e+00
   7.2848161e+02   3.2000000e+01   4.4000000e+01   5.0500000e+02   5.6000000e+01   2.8000000e+01   3.2000000e+01   1.1913043e+01   2.0000000e+00   7.0000000e+00   2.3000000e+01   9.1428571e+00
   9.7483629e+02   3.4000000e+01   4.6000000e+01   4.5500000e+02   5.5000000e+01   2.7500000e+01   2.8375000e+01   9.5833333e+00   2.0000000e+00   8.0000000e+00   2.4000000e+01   8.0921053e+00
   0.0000000e+00   0.0000000e+00   0.0000000e+00   0.0000000e+00   0.0000000e+00   0.0000000e+00   0.0000000e+00   0.0000000e+00   0.0000000e+00   0.0000000e+00   0.0000000e+00   0.0000000e+00
   0.0000000e+00   0.0000000e+00   0.0000000e+00   0.0000000e+00   0.0000000e+00   0.0000000e+00   0.0000000e+00   0.0000000e+00   0.0000000e+00   0.0000000e+00   0.0000000e+00   0.0000000e+00
   1.5051231e+03   3.5000000e+01   5.3000000e+01   5.1600000e+02   5.2000000e+01   2.6000000e+01   2.9500000e+01   1.1560000e+01   2.0000000e+00   8.0000000e+00   2.5000000e+01   8.0000000e+00
   1.0349152e+03   3.6000000e+01   4.7000000e+01   5.1500000e+02   5.4000000e+01   2.7000000e+01   3.2285714e+01   1.0666667e+01   2.0000000e+00   7.0000000e+00   2.7000000e+01   8.5569620e+00
   1.1902566e+03   3.1000000e+01   5.0000000e+01   5.0900000e+02   5.6000000e+01   2.8000000e+01   3.5666667e+01   1.2956522e+01   2.0000000e+00   6.0000000e+00   2.3000000e+01   8.0540541e+00
   1.2455477e+03   3.1000000e+01   5.7000000e+01   5.8000000e+02   6.0000000e+01   3.0000000e+01   3.6000000e+01   1.5181818e+01   2.0000000e+00   7.0000000e+00   2.2000000e+01   8.4285714e+00
   1.2248242e+03   3.3000000e+01   5.2000000e+01   5.4400000e+02   5.9000000e+01   2.9500000e+01   3.3142857e+01   1.3333333e+01   2.0000000e+00   7.0000000e+00   2.4000000e+01   8.5000000e+00
   1.0611167e+03   2.9000000e+01   5.1000000e+01   5.5400000e+02   5.4000000e+01   2.7000000e+01   3.4428571e+01   1.6200000e+01   2.0000000e+00   7.0000000e+00   2.0000000e+01   8.7532468e+00
   0.0000000e+00   0.0000000e+00   0.0000000e+00   0.0000000e+00   0.0000000e+00   0.0000000e+00   0.0000000e+00   0.0000000e+00   0.0000000e+00   0.0000000e+00   0.0000000e+00   0.0000000e+00
   0.0000000e+00   0.0000000e+00   0.0000000e+00   0.0000000e+00   0.0000000e+00   0.0000000e+00   0.0000000e+00   0.0000000e+00   0.0000000e+00   0.0000000e+00   0.0000000e+00   0.0000000e+00
   0.0000000e+00   0.0000000e+00   0.0000000e+00   0.0000000e+00   0.0000000e+00   0.0000000e+00   0.0000000e+00   0.0000000e+00   0.0000000e+00   0.0000000e+00   0.0000000e+00   0.0000000e+00
   0.0000000e+00   0.0000000e+00   0.0000000e+00   0.0000000e+00   0.0000000e+00   0.0000000e+00   0.0000000e+00   0.0000000e+00   0.0000000e+00   0.0000000e+00   0.0000000e+00   0.0000000e+00
   1.0867312e+03   3.4000000e+01   4.4000000e+01   4.3600000e+02   5.2000000e+01   2.6000000e+01   2.8571429e+01   9.3200000e+00   2.0000000e+00   7.0000000e+00   2.5000000e+01   7.6111111e+00
   1.2035791e+03   3.6000000e+01   5.3000000e+01   5.1400000e+02   5.1000000e+01   2.5500000e+01   3.4428571e+01   1.0703704e+01   2.0000000e+00   7.0000000e+00   2.7000000e+01   8.1084337e+00
   1.1902385e+03   3.1000000e+01   5.2000000e+01   5.1000000e+02   6.0000000e+01   3.0000000e+01   3.2333333e+01   1.3608696e+01   2.0000000e+00   6.0000000e+00   2.3000000e+01   8.2051282e+00
   1.2973270e+03   3.9000000e+01   5.5000000e+01   5.6900000e+02   5.5000000e+01   2.7500000e+01   2.8875000e+01   1.2034483e+01   2.0000000e+00   8.0000000e+00   2.9000000e+01   7.9222222e+00
   1.6642435e+03   4.1000000e+01   6.6000000e+01   5.7000000e+02   5.3000000e+01   2.6500000e+01   3.3250000e+01   1.0580645e+01   2.0000000e+00   8.0000000e+00   3.1000000e+01   7.3960396e+00
