   7.5216471e+02   2.5000000e+01   3.4000000e+01   5.7900000e+02   7.0000000e+01   3.5000000e+01   4.2500000e+01   1.7823529e+01   2.0000000e+00   6.0000000e+00   1.7000000e+01   1.3685185e+01
   5.8301323e+02   2.1000000e+01   3.0000000e+01   5.2400000e+02   6.3000000e+01   3.1500000e+01   3.6800000e+01   2.2142857e+01   2.0000000e+00   5.0000000e+00   1.4000000e+01   1.3104167e+01
   3.6000000e+01   2.0000000e+00   1.0000000e+00   1.4000000e+01   1.4000000e+01   7.0000000e+00   0.0000000e+00   0.0000000e+00   2.0000000e+00   0.0000000e+00   0.0000000e+00   1.4000000e+01
   3.6000000e+01   2.0000000e+00   1.0000000e+00   1.4000000e+01   1.4000000e+01   7.0000000e+00   0.0000000e+00   0.0000000e+00   2.0000000e+00   0.0000000e+00   0.0000000e+00   1.4000000e+01
   3.6000000e+01   2.0000000e+00   1.0000000e+00   1.5000000e+01   1.5000000e+01   7.5000000e+00   0.0000000e+00   0.0000000e+00   2.0000000e+00   0.0000000e+00   0.0000000e+00   1.5000000e+01
   3.6000000e+01   2.0000000e+00   1.0000000e+00   1.2000000e+01   1.2000000e+01   6.0000000e+00   0.0000000e+00   0.0000000e+00   2.0000000e+00   0.0000000e+00   0.0000000e+00   1.2000000e+01
   3.6000000e+01   2.0000000e+00   1.0000000e+00   1.0000000e+01   1.0000000e+01   5.0000000e+00   0.0000000e+00   0.0000000e+00   2.0000000e+00   0.0000000e+00   0.0000000e+00   1.0000000e+01
   3.6000000e+01   2.0000000e+00   1.0000000e+00   1.2000000e+01   1.2000000e+01   6.0000000e+00   0.0000000e+00   0.0000000e+00   2.0000000e+00   0.0000000e+00   0.0000000e+00   1.2000000e+01
   3.6000000e+01   2.0000000e+00   1.0000000e+00   1.2000000e+01   1.2000000e+01   6.0000000e+00   0.0000000e+00   0.0000000e+00   2.0000000e+00   0.0000000e+00   0.0000000e+00   1.2000000e+01
   3.6000000e+01   2.0000000e+00   1.0000000e+00   1.4000000e+01   1.4000000e+01   7.0000000e+00   0.0000000e+00   0.0000000e+00   2.0000000e+00   0.0000000e+00   0.0000000e+00   1.4000000e+01
   3.6000000e+01   2.0000000e+00   1.0000000e+00   9.0000000e+00   9.0000000e+00   4.5000000e+00   0.0000000e+00   0.0000000e+00   2.0000000e+00   0.0000000e+00   0.0000000e+00   9.0000000e+00
   6.4030594e+02   2.3000000e+01   3.7000000e+01   5.5100000e+02   6.7000000e+01   3.3500000e+01   3.7833333e+01   2.0066667e+01   2.0000000e+00   6.0000000e+00   1.5000000e+01   1.2571429e+01
   3.6000000e+01   2.0000000e+00   1.0000000e+00   9.0000000e+00   9.0000000e+00   4.5000000e+00   0.0000000e+00   0.0000000e+00   2.0000000e+00   0.0000000e+00   0.0000000e+00   9.0000000e+00
   3.6000000e+01   2.0000000e+00   1.0000000e+00   1.1000000e+01   1.1000000e+01   5.5000000e+00   0.0000000e+00   0.0000000e+00   2.0000000e+00   0.0000000e+00   0.0000000e+00   1.1000000e+01
   3.6000000e+01   2.0000000e+00   1.0000000e+00   1.6000000e+01   1.6000000e+01   8.0000000e+00   0.0000000e+00   0.0000000e+00   2.0000000e+00   0.0000000e+00   0.0000000e+00   1.6000000e+01
   3.6000000e+01   2.0000000e+00   1.0000000e+00   1.4000000e+01   1.4000000e+01   7.0000000e+00   0.0000000e+00   0.0000000e+00   2.0000000e+00   0.0000000e+00   0.0000000e+00   1.4000000e+01
   7.1486873e+02   2.3000000e+01   3.3000000e+01   5.4900000e+02   6.4000000e+01   3.2000000e+01   4.2800000e+01   1.9250000e+01   2.0000000e+00   5.0000000e+00   1.6000000e+01   1.2442308e+01
   3.6000000e+01   2.0000000e+00   1.0000000e+00   1.1000000e+01   1.1000000e+01   5.5000000e+00   0.0000000e+00   0.0000000e+00   2.0000000e+00   0.0000000e+00   0.0000000e+00   1.1000000e+01
   3.6000000e+01   2.0000000e+00   1.0000000e+00   1.3000000e+01   1.3000000e+01   6.5000000e+00   0.0000000e+00   0.0000000e+00   2.0000000e+00   0.0000000e+00   0.0000000e+00   1.3000000e+01
   3.6000000e+01   2.0000000e+00   1.0000000e+00   1.3000000e+01   1.3000000e+01   6.5000000e+00   0.0000000e+00   0.0000000e+00   2.0000000e+00   0.0000000e+00   0.0000000e+00   1.3000000e+01
   3.6000000e+01   2.0000000e+00   1.0000000e+00   1.4000000e+01   1.4000000e+01   7.0000000e+00   0.0000000e+00   0.0000000e+00   2.0000000e+00   0.0000000e+00   0.0000000e+00   1.4000000e+01
   3.6000000e+01   2.0000000e+00   1.0000000e+00   1.2000000e+01   1.2000000e+01   6.0000000e+00   0.0000000e+00   0.0000000e+00   2.0000000e+00   0.0000000e+00   0.0000000e+00   1.2000000e+01
   3.6000000e+01   2.0000000e+00   1.0000000e+00   1.2000000e+01   1.2000000e+01   6.0000000e+00   0.0000000e+00   0.0000000e+00   2.0000000e+00   0.0000000e+00   0.0000000e+00   1.2000000e+01
   3.6000000e+01   2.0000000e+00   1.0000000e+00   1.5000000e+01   1.5000000e+01   7.5000000e+00   0.0000000e+00   0.0000000e+00   2.0000000e+00   0.0000000e+00   0.0000000e+00   1.5000000e+01
   3.6000000e+01   2.0000000e+00   1.0000000e+00   1.1000000e+01   1.1000000e+01   5.5000000e+00   0.0000000e+00   0.0000000e+00   2.0000000e+00   0.0000000e+00   0.0000000e+00   1.1000000e+01
   3.6000000e+01   2.0000000e+00   1.0000000e+00   1.4000000e+01   1.4000000e+01   7.0000000e+00   0.0000000e+00   0.0000000e+00   2.0000000e+00   0.0000000e+00   0.0000000e+00   1.4000000e+01
   3.6000000e+01   2.0000000e+00   1.0000000e+00   1.1000000e+01   1.1000000e+01   5.5000000e+00   0.0000000e+00   0.0000000e+00   2.0000000e+00   0.0000000e+00   0.0000000e+00   1.1000000e+01
   3.6000000e+01   2.0000000e+00   1.0000000e+00   1.3000000e+01   1.3000000e+01   6.5000000e+00   0.0000000e+00   0.0000000e+00   2.0000000e+00   0.0000000e+00   0.0000000e+00   1.3000000e+01
   3.6000000e+01   2.0000000e+00   1.0000000e+00   1.4000000e+01   1.4000000e+01   7.0000000e+00   0.0000000e+00   0.0000000e+00   2.0000000e+00   0.0000000e+00   0.0000000e+00   1.4000000e+01
   3.6000000e+01   2.0000000e+00   1.0000000e+00   1.4000000e+01   1.4000000e+01   7.0000000e+00   0.0000000e+00   0.0000000e+00   2.0000000e+00   0.0000000e+00   0.0000000e+00   1.4000000e+01
   3.6000000e+01   2.0000000e+00   1.0000000e+00   1.6000000e+01   1.6000000e+01   8.0000000e+00   0.0000000e+00   0.0000000e+00   2.0000000e+00   0.0000000e+00   0.0000000e+00   1.6000000e+01
   3.6000000e+01   2.0000000e+00   1.0000000e+00   1.4000000e+01   1.4000000e+01   7.0000000e+00   0.0000000e+00   0.0000000e+00   2.0000000e+00   0.0000000e+00   0.0000000e+00   1.4000000e+01
   3.6000000e+01   2.0000000e+00   1.0000000e+00   1.3000000e+01   1.3000000e+01   6.5000000e+00   0.0000000e+00   0.0000000e+00   2.0000000e+00   0.0000000e+00   0.0000000e+00   1.3000000e+01
   3.6000000e+01   2.0000000e+00   1.0000000e+00   1.4000000e+01   1.4000000e+01   7.0000000e+00   0.0000000e+00   0.0000000e+00   2.0000000e+00   0.0000000e+00   0.0000000e+00   1.4000000e+01
   3.6000000e+01   2.0000000e+00   1.0000000e+00   1.1000000e+01   1.1000000e+01   5.5000000e+00   0.0000000e+00   0.0000000e+00   2.0000000e+00   0.0000000e+00   0.0000000e+00   1.1000000e+01
   3.6000000e+01   2.0000000e+00   1.0000000e+00   1.6000000e+01   1.6000000e+01   8.0000000e+00   0.0000000e+00   0.0000000e+00   2.0000000e+00   0.0000000e+00   0.0000000e+00   1.6000000e+01
   3.6000000e+01   2.0000000e+00   1.0000000e+00   1.0000000e+01   1.0000000e+01   5.0000000e+00   0.0000000e+00   0.0000000e+00   2.0000000e+00   0.0000000e+00   0.0000000e+00   1.0000000e+01
   3.6000000e+01   2.0000000e+00   1.0000000e+00   9.0000000e+00   9.0000000e+00   4.5000000e+00   0.0000000e+00   0.0000000e+00   2.0000000e+00   0.0000000e+00   0.0000000e+00   9.0000000e+00
   3.6000000e+01   2.0000000e+00   1.0000000e+00   1.0000000e+01   1.0000000e+01   5.0000000e+00   0.0000000e+00   0.0000000e+00   2.0000000e+00   0.0000000e+00   0.0000000e+00   1.0000000e+01
   3.6000000e+01   2.0000000e+00   1.0000000e+00   1.0000000e+01   1.0000000e+01   5.0000000e+00   0.0000000e+00   0.0000000e+00   2.0000000e+00   0.0000000e+00   0.0000000e+00   1.0000000e+01
   3.6000000e+01   2.0000000e+00   1.0000000e+00   1.2000000e+01   1.2000000e+01   6.0000000e+00   0.0000000e+00   0.0000000e+00   2.0000000e+00   0.0000000e+00   0.0000000e+00   1.2000000e+01
   3.6000000e+01   2.0000000e+00   1.0000000e+00   1.5000000e+01   1.5000000e+01   7.5000000e+00   0.0000000e+00   0.0000000e+00   2.0000000e+00   0.0000000e+00   0.0000000e+00   1.5000000e+01
   3.6000000e+01   2.0000000e+00   1.0000000e+00   1.1000000e+01   1.1000000e+01   5.5000000e+00   0.0000000e+00   0.0000000e+00   2.0000000e+00   0.0000000e+00   0.0000000e+00   1.1000000e+01
   6.3902642e+02   2.3000000e+01   3.4000000e+01   5.5800000e+02   6.1000000e+01   3.0500000e+01   4.1500000e+01   1.9933333e+01   2.0000000e+00   6.0000000e+00   1.5000000e+01   1.2388889e+01
   3.6000000e+01   2.0000000e+00   1.0000000e+00   1.5000000e+01   1.5000000e+01   7.5000000e+00   0.0000000e+00   0.0000000e+00   2.0000000e+00   0.0000000e+00   0.0000000e+00   1.5000000e+01
   3.6000000e+01   2.0000000e+00   1.0000000e+00   1.4000000e+01   1.4000000e+01   7.0000000e+00   0.0000000e+00   0.0000000e+00   2.0000000e+00   0.0000000e+00   0.0000000e+00   1.4000000e+01
   3.6000000e+01   2.0000000e+00   1.0000000e+00   1.4000000e+01   1.4000000e+01   7.0000000e+00   0.0000000e+00   0.0000000e+00   2.0000000e+00   0.0000000e+00   0.0000000e+00   1.4000000e+01
   5.8784698e+02   2.0000000e+01   2.8000000e+01   4.3700000e+02   6.3000000e+01   3.1500000e+01   3.0666667e+01   1.8500000e+01   2.0000000e+00   6.0000000e+00   1.2000000e+01   1.2750000e+01
   3.6000000e+01   2.0000000e+00   1.0000000e+00   1.3000000e+01   1.3000000e+01   6.5000000e+00   0.0000000e+00   0.0000000e+00   2.0000000e+00   0.0000000e+00   0.0000000e+00   1.3000000e+01
   3.6000000e+01   2.0000000e+00   1.0000000e+00   1.6000000e+01   1.6000000e+01   8.0000000e+00   0.0000000e+00   0.0000000e+00   2.0000000e+00   0.0000000e+00   0.0000000e+00   1.6000000e+01
   3.6000000e+01   2.0000000e+00   1.0000000e+00   1.2000000e+01   1.2000000e+01   6.0000000e+00   0.0000000e+00   0.0000000e+00   2.0000000e+00   0.0000000e+00   0.0000000e+00   1.2000000e+01
   3.6000000e+01   2.0000000e+00   1.0000000e+00   1.1000000e+01   1.1000000e+01   5.5000000e+00   0.0000000e+00   0.0000000e+00   2.0000000e+00   0.0000000e+00   0.0000000e+00   1.1000000e+01
   3.6000000e+01   2.0000000e+00   1.0000000e+00   1.4000000e+01   1.4000000e+01   7.0000000e+00   0.0000000e+00   0.0000000e+00   2.0000000e+00   0.0000000e+00   0.0000000e+00   1.4000000e+01
   3.6000000e+01   2.0000000e+00   1.0000000e+00   1.1000000e+01   1.1000000e+01   5.5000000e+00   0.0000000e+00   0.0000000e+00   2.0000000e+00   0.0000000e+00   0.0000000e+00   1.1000000e+01
   3.6000000e+01   2.0000000e+00   1.0000000e+00   1.3000000e+01   1.3000000e+01   6.5000000e+00   0.0000000e+00   0.0000000e+00   2.0000000e+00   0.0000000e+00   0.0000000e+00   1.3000000e+01
   3.6000000e+01   2.0000000e+00   1.0000000e+00   1.1000000e+01   1.1000000e+01   5.5000000e+00   0.0000000e+00   0.0000000e+00   2.0000000e+00   0.0000000e+00   0.0000000e+00   1.1000000e+01
   3.6000000e+01   2.0000000e+00   1.0000000e+00   1.6000000e+01   1.6000000e+01   8.0000000e+00   0.0000000e+00   0.0000000e+00   2.0000000e+00   0.0000000e+00   0.0000000e+00   1.6000000e+01
   3.6000000e+01   2.0000000e+00   1.0000000e+00   1.5000000e+01   1.5000000e+01   7.5000000e+00   0.0000000e+00   0.0000000e+00   2.0000000e+00   0.0000000e+00   0.0000000e+00   1.5000000e+01
   3.6000000e+01   2.0000000e+00   1.0000000e+00   1.0000000e+01   1.0000000e+01   5.0000000e+00   0.0000000e+00   0.0000000e+00   2.0000000e+00   0.0000000e+00   0.0000000e+00   1.0000000e+01
   3.6000000e+01   2.0000000e+00   1.0000000e+00   1.2000000e+01   1.2000000e+01   6.0000000e+00   0.0000000e+00   0.0000000e+00   2.0000000e+00   0.0000000e+00   0.0000000e+00   1.2000000e+01
   3.6000000e+01   2.0000000e+00   1.0000000e+00   1.1000000e+01   1.1000000e+01   5.5000000e+00   0.0000000e+00   0.0000000e+00   2.0000000e+00   0.0000000e+00   0.0000000e+00   1.1000000e+01
   3.6000000e+01   2.0000000e+00   1.0000000e+00   1.1000000e+01   1.1000000e+01   5.5000000e+00   0.0000000e+00   0.0000000e+00   2.0000000e+00   0.0000000e+00   0.0000000e+00   1.1000000e+01
   3.6000000e+01   2.0000000e+00   1.0000000e+00   1.0000000e+01   1.0000000e+01   5.0000000e+00   0.0000000e+00   0.0000000e+00   2.0000000e+00   0.0000000e+00   0.0000000e+00   1.0000000e+01
   3.6000000e+01   2.0000000e+00   1.0000000e+00   1.6000000e+01   1.6000000e+01   8.0000000e+00   0.0000000e+00   0.0000000e+00   2.0000000e+00   0.0000000e+00   0.0000000e+00   1.6000000e+01
   3.6000000e+01   2.0000000e+00   1.0000000e+00   1.3000000e+01   1.3000000e+01   6.5000000e+00   0.0000000e+00   0.0000000e+00   2.0000000e+00   0.0000000e+00   0.0000000e+00   1.3000000e+01
   7.9209132e+02   2.0000000e+01   3.2000000e+01   5.1100000e+02   7.3000000e+01   3.6500000e+01   3.8600000e+01   2.1384615e+01   2.0000000e+00   5.0000000e+00   1.3000000e+01   1.2775510e+01
   5.6030803e+02   2.2000000e+01   2.8000000e+01   4.7900000e+02   6.1000000e+01   3.0500000e+01   3.2500000e+01   1.7857143e+01   2.0000000e+00   6.0000000e+00   1.4000000e+01   1.3152174e+01
   3.6000000e+01   2.0000000e+00   1.0000000e+00   1.5000000e+01   1.5000000e+01   7.5000000e+00   0.0000000e+00   0.0000000e+00   2.0000000e+00   0.0000000e+00   0.0000000e+00   1.5000000e+01
   3.6000000e+01   2.0000000e+00   1.0000000e+00   1.4000000e+01   1.4000000e+01   7.0000000e+00   0.0000000e+00   0.0000000e+00   2.0000000e+00   0.0000000e+00   0.0000000e+00   1.4000000e+01
   5.8911045e+02   2.1000000e+01   2.8000000e+01   4.9200000e+02   5.8000000e+01   2.9000000e+01   4.1000000e+01   1.8500000e+01   2.0000000e+00   5.0000000e+00   1.4000000e+01   1.3173913e+01
   3.6000000e+01   2.0000000e+00   1.0000000e+00   9.0000000e+00   9.0000000e+00   4.5000000e+00   0.0000000e+00   0.0000000e+00   2.0000000e+00   0.0000000e+00   0.0000000e+00   9.0000000e+00
   3.6000000e+01   2.0000000e+00   1.0000000e+00   1.2000000e+01   1.2000000e+01   6.0000000e+00   0.0000000e+00   0.0000000e+00   2.0000000e+00   0.0000000e+00   0.0000000e+00   1.2000000e+01
   3.6000000e+01   2.0000000e+00   1.0000000e+00   1.5000000e+01   1.5000000e+01   7.5000000e+00   0.0000000e+00   0.0000000e+00   2.0000000e+00   0.0000000e+00   0.0000000e+00   1.5000000e+01
   3.6000000e+01   2.0000000e+00   1.0000000e+00   1.1000000e+01   1.1000000e+01   5.5000000e+00   0.0000000e+00   0.0000000e+00   2.0000000e+00   0.0000000e+00   0.0000000e+00   1.1000000e+01
   3.6000000e+01   2.0000000e+00   1.0000000e+00   1.2000000e+01   1.2000000e+01   6.0000000e+00   0.0000000e+00   0.0000000e+00   2.0000000e+00   0.0000000e+00   0.0000000e+00   1.2000000e+01
   3.6000000e+01   2.0000000e+00   1.0000000e+00   1.3000000e+01   1.3000000e+01   6.5000000e+00   0.0000000e+00   0.0000000e+00   2.0000000e+00   0.0000000e+00   0.0000000e+00   1.3000000e+01
   3.6000000e+01   2.0000000e+00   1.0000000e+00   1.4000000e+01   1.4000000e+01   7.0000000e+00   0.0000000e+00   0.0000000e+00   2.0000000e+00   0.0000000e+00   0.0000000e+00   1.4000000e+01
   3.6000000e+01   2.0000000e+00   1.0000000e+00   1.2000000e+01   1.2000000e+01   6.0000000e+00   0.0000000e+00   0.0000000e+00   2.0000000e+00   0.0000000e+00   0.0000000e+00   1.2000000e+01
   3.6000000e+01   2.0000000e+00   1.0000000e+00   1.3000000e+01   1.3000000e+01   6.5000000e+00   0.0000000e+00   0.0000000e+00   2.0000000e+00   0.0000000e+00   0.0000000e+00   1.3000000e+01
   3.6000000e+01   2.0000000e+00   1.0000000e+00   1.2000000e+01   1.2000000e+01   6.0000000e+00   0.0000000e+00   0.0000000e+00   2.0000000e+00   0.0000000e+00   0.0000000e+00   1.2000000e+01
   3.6000000e+01   2.0000000e+00   1.0000000e+00   9.0000000e+00   9.0000000e+00   4.5000000e+00   0.0000000e+00   0.0000000e+00   2.0000000e+00   0.0000000e+00   0.0000000e+00   9.0000000e+00
   3.6000000e+01   2.0000000e+00   1.0000000e+00   1.2000000e+01   1.2000000e+01   6.0000000e+00   0.0000000e+00   0.0000000e+00   2.0000000e+00   0.0000000e+00   0.0000000e+00   1.2000000e+01
   3.6000000e+01   2.0000000e+00   1.0000000e+00   1.6000000e+01   1.6000000e+01   8.0000000e+00   0.0000000e+00   0.0000000e+00   2.0000000e+00   0.0000000e+00   0.0000000e+00   1.6000000e+01
   3.6000000e+01   2.0000000e+00   1.0000000e+00   1.3000000e+01   1.3000000e+01   6.5000000e+00   0.0000000e+00   0.0000000e+00   2.0000000e+00   0.0000000e+00   0.0000000e+00   1.3000000e+01
   3.6000000e+01   2.0000000e+00   1.0000000e+00   1.2000000e+01   1.2000000e+01   6.0000000e+00   0.0000000e+00   0.0000000e+00   2.0000000e+00   0.0000000e+00   0.0000000e+00   1.2000000e+01
   3.6000000e+01   2.0000000e+00   1.0000000e+00   1.3000000e+01   1.3000000e+01   6.5000000e+00   0.0000000e+00   0.0000000e+00   2.0000000e+00   0.0000000e+00   0.0000000e+00   1.3000000e+01
   3.6000000e+01   2.0000000e+00   1.0000000e+00   1.1000000e+01   1.1000000e+01   5.5000000e+00   0.0000000e+00   0.0000000e+00   2.0000000e+00   0.0000000e+00   0.0000000e+00   1.1000000e+01
   3.6000000e+01   2.0000000e+00   1.0000000e+00   1.4000000e+01   1.4000000e+01   7.0000000e+00   0.0000000e+00   0.0000000e+00   2.0000000e+00   0.0000000e+00   0.0000000e+00   1.4000000e+01
   3.6000000e+01   2.0000000e+00   1.0000000e+00   1.0000000e+01   1.0000000e+01   5.0000000e+00   0.0000000e+00   0.0000000e+00   2.0000000e+00   0.0000000e+00   0.0000000e+00   1.0000000e+01
   3.6000000e+01   2.0000000e+00   1.0000000e+00   9.0000000e+00   9.0000000e+00   4.5000000e+00   0.0000000e+00   0.0000000e+00   2.0000000e+00   0.0000000e+00   0.0000000e+00   9.0000000e+00
   3.6000000e+01   2.0000000e+00   1.0000000e+00   1.0000000e+01   1.0000000e+01   5.0000000e+00   0.0000000e+00   0.0000000e+00   2.0000000e+00   0.0000000e+00   0.0000000e+00   1.0000000e+01
   3.6000000e+01   2.0000000e+00   1.0000000e+00   9.0000000e+00   9.0000000e+00   4.5000000e+00   0.0000000e+00   0.0000000e+00   2.0000000e+00   0.0000000e+00   0.0000000e+00   9.0000000e+00
   3.6000000e+01   2.0000000e+00   1.0000000e+00   1.3000000e+01   1.3000000e+01   6.5000000e+00   0.0000000e+00   0.0000000e+00   2.0000000e+00   0.0000000e+00   0.0000000e+00   1.3000000e+01
   3.6000000e+01   2.0000000e+00   1.0000000e+00   1.4000000e+01   1.4000000e+01   7.0000000e+00   0.0000000e+00   0.0000000e+00   2.0000000e+00   0.0000000e+00   0.0000000e+00   1.4000000e+01
   3.6000000e+01   2.0000000e+00   1.0000000e+00   1.3000000e+01   1.3000000e+01   6.5000000e+00   0.0000000e+00   0.0000000e+00   2.0000000e+00   0.0000000e+00   0.0000000e+00   1.3000000e+01
   3.6000000e+01   2.0000000e+00   1.0000000e+00   1.2000000e+01   1.2000000e+01   6.0000000e+00   0.0000000e+00   0.0000000e+00   2.0000000e+00   0.0000000e+00   0.0000000e+00   1.2000000e+01
   3.6000000e+01   2.0000000e+00   1.0000000e+00   1.0000000e+01   1.0000000e+01   5.0000000e+00   0.0000000e+00   0.0000000e+00   2.0000000e+00   0.0000000e+00   0.0000000e+00   1.0000000e+01
   3.6000000e+01   2.0000000e+00   1.0000000e+00   1.3000000e+01   1.3000000e+01   6.5000000e+00   0.0000000e+00   0.0000000e+00   2.0000000e+00   0.0000000e+00   0.0000000e+00   1.3000000e+01
   3.6000000e+01   2.0000000e+00   1.0000000e+00   1.3000000e+01   1.3000000e+01   6.5000000e+00   0.0000000e+00   0.0000000e+00   2.0000000e+00   0.0000000e+00   0.0000000e+00   1.3000000e+01
   3.6000000e+01   2.0000000e+00   1.0000000e+00   1.5000000e+01   1.5000000e+01   7.5000000e+00   0.0000000e+00   0.0000000e+00   2.0000000e+00   0.0000000e+00   0.0000000e+00   1.5000000e+01
