   6.5907294e+01   4.0000000e+00   2.0000000e+00   2.0000000e+01   1.1000000e+01   5.5000000e+00   5.0000000e+00   0.0000000e+00   2.0000000e+00   2.0000000e+00   0.0000000e+00   5.0000000e+00
   6.5920743e+01   4.0000000e+00   2.0000000e+00   1.8000000e+01   9.0000000e+00   4.5000000e+00   5.0000000e+00   0.0000000e+00   2.0000000e+00   2.0000000e+00   0.0000000e+00   4.5000000e+00
   1.5036903e+03   4.7000000e+01   8.1000000e+01   4.6000000e+02   5.0000000e+01   2.5000000e+01   2.4000000e+01   7.8055556e+00   2.0000000e+00   9.0000000e+00   3.6000000e+01   4.3414634e+00
   6.5898815e+01   3.0000000e+00   2.0000000e+00   1.1000000e+01   9.0000000e+00   4.5000000e+00   3.0000000e+00   0.0000000e+00   2.0000000e+00   1.0000000e+00   0.0000000e+00   3.6666667e+00
   6.5888513e+01   3.0000000e+00   2.0000000e+00   1.1000000e+01   9.0000000e+00   4.5000000e+00   3.0000000e+00   0.0000000e+00   2.0000000e+00   1.0000000e+00   0.0000000e+00   3.6666667e+00
   1.5111746e+03   4.6000000e+01   8.3000000e+01   4.6900000e+02   5.2000000e+01   2.6000000e+01   2.8375000e+01   7.9166667e+00   2.0000000e+00   8.0000000e+00   3.6000000e+01   4.4545455e+00
   1.5964992e+03   5.7000000e+01   9.3000000e+01   5.1800000e+02   4.8000000e+01   2.4000000e+01   2.4300000e+01   7.5111111e+00   2.0000000e+00   1.0000000e+01   4.5000000e+01   4.3777778e+00
   6.5874588e+01   3.0000000e+00   2.0000000e+00   1.3000000e+01   1.0000000e+01   5.0000000e+00   4.0000000e+00   0.0000000e+00   2.0000000e+00   1.0000000e+00   0.0000000e+00   4.3333333e+00
   6.5903094e+01   3.0000000e+00   2.0000000e+00   1.3000000e+01   1.0000000e+01   5.0000000e+00   4.0000000e+00   0.0000000e+00   2.0000000e+00   1.0000000e+00   0.0000000e+00   4.3333333e+00
   6.5903094e+01   3.0000000e+00   2.0000000e+00   1.5000000e+01   1.1000000e+01   5.5000000e+00   5.0000000e+00   0.0000000e+00   2.0000000e+00   1.0000000e+00   0.0000000e+00   5.0000000e+00
   6.5920743e+01   3.0000000e+00   2.0000000e+00   9.0000000e+00   7.0000000e+00   3.5000000e+00   3.0000000e+00   0.0000000e+00   2.0000000e+00   1.0000000e+00   0.0000000e+00   3.0000000e+00
   6.5901676e+01   3.0000000e+00   2.0000000e+00   1.3000000e+01   1.0000000e+01   5.0000000e+00   4.0000000e+00   0.0000000e+00   2.0000000e+00   1.0000000e+00   0.0000000e+00   4.3333333e+00
   1.8481474e+03   5.5000000e+01   9.5000000e+01   5.3000000e+02   5.0000000e+01   2.5000000e+01   2.6666667e+01   7.8863636e+00   2.0000000e+00   9.0000000e+00   4.4000000e+01   4.2183099e+00
   6.5864859e+01   3.0000000e+00   2.0000000e+00   1.1000000e+01   8.0000000e+00   4.0000000e+00   4.0000000e+00   0.0000000e+00   2.0000000e+00   1.0000000e+00   0.0000000e+00   3.6666667e+00
   6.5911416e+01   3.0000000e+00   2.0000000e+00   1.3000000e+01   1.0000000e+01   5.0000000e+00   4.0000000e+00   0.0000000e+00   2.0000000e+00   1.0000000e+00   0.0000000e+00   4.3333333e+00
   6.5871386e+01   3.0000000e+00   2.0000000e+00   1.3000000e+01   1.0000000e+01   5.0000000e+00   4.0000000e+00   0.0000000e+00   2.0000000e+00   1.0000000e+00   0.0000000e+00   4.3333333e+00
   6.5904502e+01   3.0000000e+00   2.0000000e+00   1.3000000e+01   1.0000000e+01   5.0000000e+00   4.0000000e+00   0.0000000e+00   2.0000000e+00   1.0000000e+00   0.0000000e+00   4.3333333e+00
   1.2954882e+03   4.5000000e+01   6.8000000e+01   3.9900000e+02   4.8000000e+01   2.4000000e+01   1.9200000e+01   7.2121212e+00   2.0000000e+00   1.0000000e+01   3.3000000e+01   4.3944954e+00
   1.0609293e+03   3.8000000e+01   6.1000000e+01   3.4300000e+02   4.6000000e+01   2.3000000e+01   1.7555556e+01   7.7777778e+00   2.0000000e+00   9.0000000e+00   2.7000000e+01   4.4111111e+00
   1.5756359e+03   6.1000000e+01   8.7000000e+01   4.7400000e+02   4.7000000e+01   2.3500000e+01   2.3900000e+01   5.9795918e+00   2.0000000e+00   1.0000000e+01   4.9000000e+01   4.3731343e+00
   1.5097939e+03   6.0000000e+01   8.9000000e+01   4.9800000e+02   4.8000000e+01   2.4000000e+01   2.3300000e+01   6.6041667e+00   2.0000000e+00   1.0000000e+01   4.8000000e+01   4.3507463e+00
   6.5925894e+01   3.0000000e+00   2.0000000e+00   1.3000000e+01   9.0000000e+00   4.5000000e+00   5.0000000e+00   0.0000000e+00   2.0000000e+00   1.0000000e+00   0.0000000e+00   4.3333333e+00
   1.2527945e+03   5.4000000e+01   8.2000000e+01   4.7100000e+02   4.6000000e+01   2.3000000e+01   2.4500000e+01   6.5238095e+00   2.0000000e+00   1.0000000e+01   4.2000000e+01   4.3467742e+00
   6.5900250e+01   4.0000000e+00   2.0000000e+00   1.7000000e+01   1.0000000e+01   5.0000000e+00   4.0000000e+00   0.0000000e+00   2.0000000e+00   2.0000000e+00   0.0000000e+00   4.2500000e+00
   6.5904502e+01   4.0000000e+00   2.0000000e+00   1.8000000e+01   9.0000000e+00   4.5000000e+00   5.0000000e+00   0.0000000e+00   2.0000000e+00   2.0000000e+00   0.0000000e+00   4.5000000e+00
   6.5887004e+01   3.0000000e+00   2.0000000e+00   1.1000000e+01   9.0000000e+00   4.5000000e+00   3.0000000e+00   0.0000000e+00   2.0000000e+00   1.0000000e+00   0.0000000e+00   3.6666667e+00
   6.5876175e+01   3.0000000e+00   2.0000000e+00   1.3000000e+01   9.0000000e+00   4.5000000e+00   5.0000000e+00   0.0000000e+00   2.0000000e+00   1.0000000e+00   0.0000000e+00   4.3333333e+00
   6.5912774e+01   4.0000000e+00   2.0000000e+00   1.4000000e+01   9.0000000e+00   4.5000000e+00   3.0000000e+00   0.0000000e+00   2.0000000e+00   2.0000000e+00   0.0000000e+00   3.5000000e+00
   1.4912132e+03   5.4000000e+01   8.2000000e+01   4.9400000e+02   5.0000000e+01   2.5000000e+01   2.2181818e+01   7.0243902e+00   2.0000000e+00   1.1000000e+01   4.1000000e+01   4.5000000e+00
   1.2488504e+03   4.4000000e+01   6.6000000e+01   3.9100000e+02   4.9000000e+01   2.4500000e+01   2.0111111e+01   7.2727273e+00   2.0000000e+00   9.0000000e+00   3.3000000e+01   4.4158416e+00
   6.5876175e+01   3.0000000e+00   2.0000000e+00   1.1000000e+01   9.0000000e+00   4.5000000e+00   3.0000000e+00   0.0000000e+00   2.0000000e+00   1.0000000e+00   0.0000000e+00   3.6666667e+00
   6.5922042e+01   3.0000000e+00   2.0000000e+00   1.1000000e+01   9.0000000e+00   4.5000000e+00   3.0000000e+00   0.0000000e+00   2.0000000e+00   1.0000000e+00   0.0000000e+00   3.6666667e+00
   1.6412547e+03   5.6000000e+01   9.7000000e+01   5.0300000e+02   4.9000000e+01   2.4500000e+01   2.8666667e+01   7.0666667e+00   2.0000000e+00   9.0000000e+00   4.5000000e+01   4.2877698e+00
   1.3946236e+03   4.4000000e+01   6.9000000e+01   4.1400000e+02   4.7000000e+01   2.3500000e+01   2.0200000e+01   7.5000000e+00   2.0000000e+00   1.0000000e+01   3.2000000e+01   4.3809524e+00
   6.5898815e+01   4.0000000e+00   2.0000000e+00   1.4000000e+01   9.0000000e+00   4.5000000e+00   3.0000000e+00   0.0000000e+00   2.0000000e+00   2.0000000e+00   0.0000000e+00   3.5000000e+00
   6.5890012e+01   3.0000000e+00   2.0000000e+00   1.3000000e+01   9.0000000e+00   4.5000000e+00   5.0000000e+00   0.0000000e+00   2.0000000e+00   1.0000000e+00   0.0000000e+00   4.3333333e+00
   6.5885486e+01   3.0000000e+00   2.0000000e+00   1.5000000e+01   1.1000000e+01   5.5000000e+00   5.0000000e+00   0.0000000e+00   2.0000000e+00   1.0000000e+00   0.0000000e+00   5.0000000e+00
   1.5771249e+03   5.3000000e+01   8.9000000e+01   5.0500000e+02   5.2000000e+01   2.6000000e+01   2.4000000e+01   7.5365854e+00   2.0000000e+00   1.0000000e+01   4.1000000e+01   4.3875969e+00
   6.5905902e+01   3.0000000e+00   2.0000000e+00   1.1000000e+01   8.0000000e+00   4.0000000e+00   4.0000000e+00   0.0000000e+00   2.0000000e+00   1.0000000e+00   0.0000000e+00   3.6666667e+00
   1.6619159e+03   6.1000000e+01   9.2000000e+01   5.1200000e+02   4.8000000e+01   2.4000000e+01   2.7000000e+01   6.0408163e+00   2.0000000e+00   1.0000000e+01   4.9000000e+01   4.2027972e+00
   6.5890012e+01   4.0000000e+00   2.0000000e+00   1.7000000e+01   1.0000000e+01   5.0000000e+00   4.0000000e+00   0.0000000e+00   2.0000000e+00   2.0000000e+00   0.0000000e+00   4.2500000e+00
   6.5905902e+01   3.0000000e+00   2.0000000e+00   9.0000000e+00   7.0000000e+00   3.5000000e+00   3.0000000e+00   0.0000000e+00   2.0000000e+00   1.0000000e+00   0.0000000e+00   3.0000000e+00
   6.5918119e+01   3.0000000e+00   2.0000000e+00   1.3000000e+01   9.0000000e+00   4.5000000e+00   5.0000000e+00   0.0000000e+00   2.0000000e+00   1.0000000e+00   0.0000000e+00   4.3333333e+00
   6.5908677e+01   3.0000000e+00   2.0000000e+00   1.1000000e+01   8.0000000e+00   4.0000000e+00   4.0000000e+00   0.0000000e+00   2.0000000e+00   1.0000000e+00   0.0000000e+00   3.6666667e+00
   1.1976587e+03   4.9000000e+01   7.7000000e+01   4.5900000e+02   5.0000000e+01   2.5000000e+01   2.3333333e+01   7.4736842e+00   2.0000000e+00   9.0000000e+00   3.8000000e+01   4.4700855e+00
   6.5890012e+01   3.0000000e+00   2.0000000e+00   1.3000000e+01   1.0000000e+01   5.0000000e+00   4.0000000e+00   0.0000000e+00   2.0000000e+00   1.0000000e+00   0.0000000e+00   4.3333333e+00
   6.5891502e+01   3.0000000e+00   2.0000000e+00   1.3000000e+01   1.0000000e+01   5.0000000e+00   4.0000000e+00   0.0000000e+00   2.0000000e+00   1.0000000e+00   0.0000000e+00   4.3333333e+00
   6.5905902e+01   4.0000000e+00   2.0000000e+00   1.4000000e+01   9.0000000e+00   4.5000000e+00   3.0000000e+00   0.0000000e+00   2.0000000e+00   2.0000000e+00   0.0000000e+00   3.5000000e+00
   1.3743203e+03   5.8000000e+01   8.2000000e+01   4.7600000e+02   4.7000000e+01   2.3500000e+01   2.0909091e+01   6.6666667e+00   2.0000000e+00   1.1000000e+01   4.5000000e+01   4.3969466e+00
   1.6718496e+03   5.5000000e+01   9.4000000e+01   5.0200000e+02   4.6000000e+01   2.3000000e+01   2.7333333e+01   7.2272727e+00   2.0000000e+00   9.0000000e+00   4.4000000e+01   4.2517986e+00
   1.5560535e+03   4.8000000e+01   9.2000000e+01   4.8800000e+02   4.8000000e+01   2.4000000e+01   2.3777778e+01   9.0000000e+00   2.0000000e+00   9.0000000e+00   3.7000000e+01   4.4218750e+00
   6.5912774e+01   3.0000000e+00   2.0000000e+00   9.0000000e+00   7.0000000e+00   3.5000000e+00   3.0000000e+00   0.0000000e+00   2.0000000e+00   1.0000000e+00   0.0000000e+00   3.0000000e+00
   6.5897370e+01   4.0000000e+00   2.0000000e+00   1.7000000e+01   1.0000000e+01   5.0000000e+00   4.0000000e+00   0.0000000e+00   2.0000000e+00   2.0000000e+00   0.0000000e+00   4.2500000e+00
   6.5922042e+01   3.0000000e+00   2.0000000e+00   1.3000000e+01   9.0000000e+00   4.5000000e+00   5.0000000e+00   0.0000000e+00   2.0000000e+00   1.0000000e+00   0.0000000e+00   4.3333333e+00
   6.5907294e+01   3.0000000e+00   2.0000000e+00   1.1000000e+01   9.0000000e+00   4.5000000e+00   3.0000000e+00   0.0000000e+00   2.0000000e+00   1.0000000e+00   0.0000000e+00   3.6666667e+00
   1.4168893e+03   5.8000000e+01   9.2000000e+01   5.4900000e+02   4.8000000e+01   2.4000000e+01   2.5800000e+01   7.5434783e+00   2.0000000e+00   1.0000000e+01   4.6000000e+01   4.5481481e+00
   1.2967969e+03   3.9000000e+01   7.7000000e+01   4.2700000e+02   4.9000000e+01   2.4500000e+01   2.2375000e+01   9.6206897e+00   2.0000000e+00   8.0000000e+00   2.9000000e+01   4.5471698e+00
   1.3910365e+03   4.9000000e+01   8.4000000e+01   4.5400000e+02   4.7000000e+01   2.3500000e+01   2.3666667e+01   7.5263158e+00   2.0000000e+00   9.0000000e+00   3.8000000e+01   4.3658537e+00
   1.5516777e+03   5.9000000e+01   9.2000000e+01   5.2200000e+02   4.8000000e+01   2.4000000e+01   2.7500000e+01   6.5319149e+00   2.0000000e+00   1.0000000e+01   4.7000000e+01   4.3873239e+00
   6.5891502e+01   3.0000000e+00   2.0000000e+00   1.3000000e+01   1.0000000e+01   5.0000000e+00   4.0000000e+00   0.0000000e+00   2.0000000e+00   1.0000000e+00   0.0000000e+00   4.3333333e+00
   6.5908677e+01   3.0000000e+00   2.0000000e+00   9.0000000e+00   7.0000000e+00   3.5000000e+00   3.0000000e+00   0.0000000e+00   2.0000000e+00   1.0000000e+00   0.0000000e+00   3.0000000e+00
   6.5920743e+01   3.0000000e+00   2.0000000e+00   1.1000000e+01   8.0000000e+00   4.0000000e+00   4.0000000e+00   0.0000000e+00   2.0000000e+00   1.0000000e+00   0.0000000e+00   3.6666667e+00
   6.5892983e+01   4.0000000e+00   2.0000000e+00   2.0000000e+01   1.1000000e+01   5.5000000e+00   5.0000000e+00   0.0000000e+00   2.0000000e+00   2.0000000e+00   0.0000000e+00   5.0000000e+00
   6.5903094e+01   3.0000000e+00   2.0000000e+00   1.3000000e+01   1.0000000e+01   5.0000000e+00   4.0000000e+00   0.0000000e+00   2.0000000e+00   1.0000000e+00   0.0000000e+00   4.3333333e+00
   1.7006972e+03   5.5000000e+01   9.5000000e+01   4.9800000e+02   4.8000000e+01   2.4000000e+01   2.7222222e+01   7.3636364e+00   2.0000000e+00   9.0000000e+00   4.4000000e+01   4.3481481e+00
   6.5919435e+01   3.0000000e+00   2.0000000e+00   1.1000000e+01   8.0000000e+00   4.0000000e+00   4.0000000e+00   0.0000000e+00   2.0000000e+00   1.0000000e+00   0.0000000e+00   3.6666667e+00
   6.5871386e+01   3.0000000e+00   2.0000000e+00   1.3000000e+01   1.0000000e+01   5.0000000e+00   4.0000000e+00   0.0000000e+00   2.0000000e+00   1.0000000e+00   0.0000000e+00   4.3333333e+00
   1.5934069e+03   5.6000000e+01   8.7000000e+01   5.1300000e+02   5.0000000e+01   2.5000000e+01   2.3636364e+01   7.2790698e+00   2.0000000e+00   1.1000000e+01   4.3000000e+01   4.3897059e+00
   1.5763710e+03   5.6000000e+01   8.4000000e+01   4.7600000e+02   4.7000000e+01   2.3500000e+01   2.5300000e+01   6.3636364e+00   2.0000000e+00   1.0000000e+01   4.4000000e+01   4.4538462e+00
   6.5915463e+01   3.0000000e+00   2.0000000e+00   1.3000000e+01   9.0000000e+00   4.5000000e+00   5.0000000e+00   0.0000000e+00   2.0000000e+00   1.0000000e+00   0.0000000e+00   4.3333333e+00
   6.5911416e+01   4.0000000e+00   2.0000000e+00   1.7000000e+01   1.0000000e+01   5.0000000e+00   4.0000000e+00   0.0000000e+00   2.0000000e+00   2.0000000e+00   0.0000000e+00   4.2500000e+00
   6.5910051e+01   3.0000000e+00   2.0000000e+00   1.1000000e+01   8.0000000e+00   4.0000000e+00   4.0000000e+00   0.0000000e+00   2.0000000e+00   1.0000000e+00   0.0000000e+00   3.6666667e+00
   1.8086608e+03   5.6000000e+01   1.0100000e+02   5.6800000e+02   4.9000000e+01   2.4500000e+01   2.8666667e+01   8.3555556e+00   2.0000000e+00   9.0000000e+00   4.5000000e+01   4.3892617e+00
   1.3794352e+03   4.3000000e+01   8.0000000e+01   4.5200000e+02   5.2000000e+01   2.6000000e+01   2.2777778e+01   8.7187500e+00   2.0000000e+00   9.0000000e+00   3.2000000e+01   4.4086957e+00
   6.5885486e+01   3.0000000e+00   2.0000000e+00   1.1000000e+01   9.0000000e+00   4.5000000e+00   3.0000000e+00   0.0000000e+00   2.0000000e+00   1.0000000e+00   0.0000000e+00   3.6666667e+00
   1.6008894e+03   4.6000000e+01   8.0000000e+01   4.3300000e+02   5.0000000e+01   2.5000000e+01   2.3000000e+01   7.6857143e+00   2.0000000e+00   9.0000000e+00   3.5000000e+01   4.3760684e+00
   6.5914122e+01   3.0000000e+00   2.0000000e+00   1.3000000e+01   9.0000000e+00   4.5000000e+00   5.0000000e+00   0.0000000e+00   2.0000000e+00   1.0000000e+00   0.0000000e+00   4.3333333e+00
   1.4204447e+03   5.4000000e+01   8.2000000e+01   4.8300000e+02   4.7000000e+01   2.3500000e+01   2.6222222e+01   6.9069767e+00   2.0000000e+00   9.0000000e+00   4.3000000e+01   4.3730159e+00
   6.5903094e+01   4.0000000e+00   2.0000000e+00   1.4000000e+01   9.0000000e+00   4.5000000e+00   3.0000000e+00   0.0000000e+00   2.0000000e+00   2.0000000e+00   0.0000000e+00   3.5000000e+00
   6.5888513e+01   3.0000000e+00   2.0000000e+00   1.3000000e+01   9.0000000e+00   4.5000000e+00   5.0000000e+00   0.0000000e+00   2.0000000e+00   1.0000000e+00   0.0000000e+00   4.3333333e+00
   1.5323919e+03   5.4000000e+01   9.2000000e+01   4.9900000e+02   5.0000000e+01   2.5000000e+01   2.3600000e+01   7.5952381e+00   2.0000000e+00   1.0000000e+01   4.2000000e+01   4.2962963e+00
   6.5915463e+01   3.0000000e+00   2.0000000e+00   1.3000000e+01   9.0000000e+00   4.5000000e+00   5.0000000e+00   0.0000000e+00   2.0000000e+00   1.0000000e+00   0.0000000e+00   4.3333333e+00
   6.5903094e+01   3.0000000e+00   2.0000000e+00   1.1000000e+01   8.0000000e+00   4.0000000e+00   4.0000000e+00   0.0000000e+00   2.0000000e+00   1.0000000e+00   0.0000000e+00   3.6666667e+00
   6.5900250e+01   3.0000000e+00   2.0000000e+00   1.3000000e+01   9.0000000e+00   4.5000000e+00   5.0000000e+00   0.0000000e+00   2.0000000e+00   1.0000000e+00   0.0000000e+00   4.3333333e+00
   1.6337546e+03   5.6000000e+01   9.0000000e+01   5.2300000e+02   4.9000000e+01   2.4500000e+01   2.8222222e+01   7.2222222e+00   2.0000000e+00   9.0000000e+00   4.5000000e+01   4.3597122e+00
   1.1833911e+03   4.4000000e+01   7.2000000e+01   4.0400000e+02   4.9000000e+01   2.4500000e+01   2.4750000e+01   7.2647059e+00   2.0000000e+00   8.0000000e+00   3.4000000e+01   4.5046729e+00
   1.6992275e+03   5.6000000e+01   1.0500000e+02   5.5300000e+02   4.8000000e+01   2.4000000e+01   2.7500000e+01   7.9545455e+00   2.0000000e+00   1.0000000e+01   4.4000000e+01   4.3378378e+00
   6.5849557e+01   3.0000000e+00   2.0000000e+00   1.5000000e+01   1.1000000e+01   5.5000000e+00   5.0000000e+00   0.0000000e+00   2.0000000e+00   1.0000000e+00   0.0000000e+00   5.0000000e+00
   1.5221054e+03   5.7000000e+01   9.4000000e+01   5.0700000e+02   5.1000000e+01   2.5500000e+01   2.7777778e+01   6.8913043e+00   2.0000000e+00   9.0000000e+00   4.6000000e+01   4.3823529e+00
   1.6127434e+03   5.0000000e+01   9.6000000e+01   5.1000000e+02   4.8000000e+01   2.4000000e+01   2.7500000e+01   8.7000000e+00   2.0000000e+00   8.0000000e+00   4.0000000e+01   4.4275362e+00
   6.5910051e+01   3.0000000e+00   2.0000000e+00   1.5000000e+01   1.1000000e+01   5.5000000e+00   5.0000000e+00   0.0000000e+00   2.0000000e+00   1.0000000e+00   0.0000000e+00   5.0000000e+00
   1.3503101e+03   5.9000000e+01   8.8000000e+01   5.3900000e+02   4.8000000e+01   2.4000000e+01   2.5636364e+01   6.9130435e+00   2.0000000e+00   1.1000000e+01   4.6000000e+01   4.4710145e+00
   1.8287986e+03   5.2000000e+01   1.0700000e+02   5.6700000e+02   5.0000000e+01   2.5000000e+01   2.7222222e+01   9.3902439e+00   2.0000000e+00   9.0000000e+00   4.1000000e+01   4.3691275e+00
   6.5883958e+01   3.0000000e+00   2.0000000e+00   1.3000000e+01   1.0000000e+01   5.0000000e+00   4.0000000e+00   0.0000000e+00   2.0000000e+00   1.0000000e+00   0.0000000e+00   4.3333333e+00
   6.5900250e+01   3.0000000e+00   2.0000000e+00   1.5000000e+01   1.1000000e+01   5.5000000e+00   5.0000000e+00   0.0000000e+00   2.0000000e+00   1.0000000e+00   0.0000000e+00   5.0000000e+00
   6.5885486e+01   3.0000000e+00   2.0000000e+00   1.1000000e+01   8.0000000e+00   4.0000000e+00   4.0000000e+00   0.0000000e+00   2.0000000e+00   1.0000000e+00   0.0000000e+00   3.6666667e+00
   6.5907294e+01   3.0000000e+00   2.0000000e+00   1.3000000e+01   1.0000000e+01   5.0000000e+00   4.0000000e+00   0.0000000e+00   2.0000000e+00   1.0000000e+00   0.0000000e+00   4.3333333e+00
   1.5534576e+03   5.3000000e+01   8.2000000e+01   4.6900000e+02   5.0000000e+01   2.5000000e+01   2.4222222e+01   6.9285714e+00   2.0000000e+00   9.0000000e+00   4.2000000e+01   4.3636364e+00
   6.5910051e+01   3.0000000e+00   2.0000000e+00   1.5000000e+01   1.1000000e+01   5.5000000e+00   5.0000000e+00   0.0000000e+00   2.0000000e+00   1.0000000e+00   0.0000000e+00   5.0000000e+00
   1.4076025e+03   4.8000000e+01   7.2000000e+01   4.4500000e+02   5.1000000e+01   2.5500000e+01   2.3222222e+01   7.2702703e+00   2.0000000e+00   9.0000000e+00   3.7000000e+01   4.4741379e+00
