   2.1152945e+03   4.8000000e+01   8.6000000e+01   4.6400000e+02   4.9000000e+01   2.4500000e+01   2.3777778e+01   7.9189189e+00   2.0000000e+00   9.0000000e+00   3.7000000e+01   4.2400000e+00
   1.0274569e+03   4.1000000e+01   5.8000000e+01   3.3500000e+02   4.3000000e+01   2.1500000e+01   2.1444444e+01   5.5666667e+00   2.0000000e+00   9.0000000e+00   3.0000000e+01   4.2696629e+00
   1.9857338e+03   5.6000000e+01   8.8000000e+01   4.9900000e+02   4.8000000e+01   2.4000000e+01   2.5300000e+01   6.8181818e+00   2.0000000e+00   1.0000000e+01   4.4000000e+01   4.2246377e+00
   1.5159159e+03   5.0000000e+01   7.5000000e+01   4.0900000e+02   4.6000000e+01   2.3000000e+01   2.1727273e+01   5.8378378e+00   2.0000000e+00   1.1000000e+01   3.7000000e+01   4.1228070e+00
   2.2470489e+03   5.5000000e+01   8.7000000e+01   4.9600000e+02   4.9000000e+01   2.4500000e+01   2.2900000e+01   7.2558140e+00   2.0000000e+00   1.0000000e+01   4.3000000e+01   4.3787879e+00
   2.5428089e+03   5.1000000e+01   9.6000000e+01   5.0500000e+02   5.0000000e+01   2.5000000e+01   2.5777778e+01   8.4000000e+00   2.0000000e+00   9.0000000e+00   4.0000000e+01   4.1438849e+00
   4.0890236e+02   2.4000000e+01   2.8000000e+01   1.7000000e+02   4.4000000e+01   2.2000000e+01   1.3285714e+01   4.0666667e+00   2.0000000e+00   7.0000000e+00   1.5000000e+01   4.3829787e+00
   1.9018552e+03   5.0000000e+01   8.5000000e+01   4.2200000e+02   4.7000000e+01   2.3500000e+01   2.1800000e+01   6.7368421e+00   2.0000000e+00   1.0000000e+01   3.8000000e+01   4.0813008e+00
   1.2537245e+03   4.2000000e+01   6.2000000e+01   3.4700000e+02   4.5000000e+01   2.2500000e+01   2.3625000e+01   5.5000000e+00   2.0000000e+00   8.0000000e+00   3.2000000e+01   4.2187500e+00
   2.0794435e+03   5.7000000e+01   8.1000000e+01   4.3400000e+02   4.5000000e+01   2.2500000e+01   2.3800000e+01   5.6888889e+00   2.0000000e+00   1.0000000e+01   4.5000000e+01   4.1023622e+00
   1.7184501e+03   5.4000000e+01   7.9000000e+01   4.4500000e+02   4.7000000e+01   2.3500000e+01   2.3100000e+01   6.0952381e+00   2.0000000e+00   1.0000000e+01   4.2000000e+01   4.2689076e+00
   1.3891100e+03   4.1000000e+01   6.7000000e+01   3.6000000e+02   4.3000000e+01   2.1500000e+01   2.5714286e+01   6.8437500e+00   2.0000000e+00   7.0000000e+00   3.2000000e+01   4.3505155e+00
   2.2924878e+03   5.8000000e+01   9.9000000e+01   5.5400000e+02   5.1000000e+01   2.5500000e+01   2.7000000e+01   7.5000000e+00   2.0000000e+00   1.0000000e+01   4.6000000e+01   4.3355705e+00
   1.8964256e+03   5.9000000e+01   8.4000000e+01   4.5600000e+02   4.9000000e+01   2.4500000e+01   2.5100000e+01   5.4042553e+00   2.0000000e+00   1.0000000e+01   4.7000000e+01   4.0833333e+00
   2.3941874e+03   5.0000000e+01   9.0000000e+01   4.7100000e+02   4.6000000e+01   2.3000000e+01   2.6375000e+01   7.9500000e+00   2.0000000e+00   8.0000000e+00   4.0000000e+01   4.1203008e+00
   1.9143264e+03   5.1000000e+01   7.2000000e+01   4.1100000e+02   4.7000000e+01   2.3500000e+01   2.2888889e+01   6.1000000e+00   2.0000000e+00   9.0000000e+00   4.0000000e+01   4.2086957e+00
   2.2106424e+03   5.2000000e+01   9.1000000e+01   4.9500000e+02   4.7000000e+01   2.3500000e+01   2.6625000e+01   7.8809524e+00   2.0000000e+00   8.0000000e+00   4.2000000e+01   4.2519084e+00
   6.5935196e+02   2.5000000e+01   3.7000000e+01   2.1100000e+02   4.1000000e+01   2.0500000e+01   1.6714286e+01   5.6875000e+00   2.0000000e+00   7.0000000e+00   1.6000000e+01   4.2181818e+00
   1.9487852e+03   5.1000000e+01   8.1000000e+01   4.2600000e+02   4.6000000e+01   2.3000000e+01   1.9300000e+01   7.0769231e+00   2.0000000e+00   1.0000000e+01   3.9000000e+01   4.1880342e+00
   1.1566324e+03   4.6000000e+01   5.9000000e+01   3.4900000e+02   4.6000000e+01   2.3000000e+01   2.1111111e+01   5.1142857e+00   2.0000000e+00   9.0000000e+00   3.5000000e+01   4.1919192e+00
   1.8285732e+03   4.8000000e+01   7.1000000e+01   3.8100000e+02   4.8000000e+01   2.4000000e+01   2.1333333e+01   6.2702703e+00   2.0000000e+00   9.0000000e+00   3.7000000e+01   4.2385321e+00
   1.8225808e+03   5.6000000e+01   7.4000000e+01   4.3200000e+02   4.4000000e+01   2.2000000e+01   2.3400000e+01   5.2727273e+00   2.0000000e+00   1.0000000e+01   4.4000000e+01   4.1147541e+00
   1.4427434e+03   5.4000000e+01   6.3000000e+01   3.8600000e+02   4.3000000e+01   2.1500000e+01   2.0363636e+01   4.8536585e+00   2.0000000e+00   1.1000000e+01   4.1000000e+01   4.3047619e+00
   1.7080615e+03   4.9000000e+01   8.0000000e+01   4.3700000e+02   4.7000000e+01   2.3500000e+01   2.3111111e+01   6.9736842e+00   2.0000000e+00   9.0000000e+00   3.8000000e+01   4.1880342e+00
   1.6130627e+03   4.7000000e+01   7.4000000e+01   4.0200000e+02   4.3000000e+01   2.1500000e+01   2.2333333e+01   6.7777778e+00   2.0000000e+00   9.0000000e+00   3.6000000e+01   4.1181818e+00
   1.9190157e+03   5.4000000e+01   9.5000000e+01   4.9300000e+02   4.9000000e+01   2.4500000e+01   2.7333333e+01   7.0930233e+00   2.0000000e+00   9.0000000e+00   4.3000000e+01   4.2608696e+00
   8.1763099e+02   3.5000000e+01   4.2000000e+01   2.7000000e+02   4.3000000e+01   2.1500000e+01   1.8625000e+01   4.8800000e+00   2.0000000e+00   8.0000000e+00   2.5000000e+01   4.2428571e+00
   6.5012874e+02   3.1000000e+01   3.9000000e+01   2.0800000e+02   3.5000000e+01   1.7500000e+01   1.3555556e+01   4.8500000e+00   2.0000000e+00   9.0000000e+00   2.0000000e+01   4.0806452e+00
   1.1400960e+03   4.4000000e+01   5.9000000e+01   3.3800000e+02   4.6000000e+01   2.3000000e+01   2.1777778e+01   5.0000000e+00   2.0000000e+00   9.0000000e+00   3.3000000e+01   4.1562500e+00
   2.1953821e+03   4.9000000e+01   9.2000000e+01   4.8300000e+02   5.1000000e+01   2.5500000e+01   2.5111111e+01   8.0000000e+00   2.0000000e+00   9.0000000e+00   3.8000000e+01   4.2000000e+00
   2.1301355e+03   5.5000000e+01   8.0000000e+01   4.7200000e+02   5.1000000e+01   2.5500000e+01   2.4200000e+01   6.3720930e+00   2.0000000e+00   1.0000000e+01   4.3000000e+01   4.3888889e+00
   2.3080658e+03   5.3000000e+01   9.4000000e+01   4.9700000e+02   5.1000000e+01   2.5500000e+01   2.4200000e+01   7.5609756e+00   2.0000000e+00   1.0000000e+01   4.1000000e+01   4.2388060e+00
   2.4623132e+03   5.5000000e+01   1.0300000e+02   5.2600000e+02   4.9000000e+01   2.4500000e+01   2.4777778e+01   8.5227273e+00   2.0000000e+00   9.0000000e+00   4.4000000e+01   4.2013889e+00
   2.0089806e+03   5.0000000e+01   8.8000000e+01   4.9200000e+02   5.0000000e+01   2.5000000e+01   2.3777778e+01   8.2564103e+00   2.0000000e+00   9.0000000e+00   3.9000000e+01   4.2137405e+00
   2.1601913e+03   5.8000000e+01   8.7000000e+01   5.0600000e+02   4.6000000e+01   2.3000000e+01   2.6888889e+01   6.5957447e+00   2.0000000e+00   9.0000000e+00   4.7000000e+01   4.2537313e+00
   1.2080771e+03   4.0000000e+01   5.5000000e+01   3.1800000e+02   4.6000000e+01   2.3000000e+01   2.1500000e+01   5.5000000e+00   2.0000000e+00   8.0000000e+00   3.0000000e+01   4.3863636e+00
   9.5597846e+02   3.8000000e+01   4.7000000e+01   2.7000000e+02   3.7000000e+01   1.8500000e+01   1.7375000e+01   5.1785714e+00   2.0000000e+00   8.0000000e+00   2.8000000e+01   4.1025641e+00
   1.7447854e+03   5.6000000e+01   8.1000000e+01   4.3600000e+02   4.5000000e+01   2.2500000e+01   2.1000000e+01   5.4523810e+00   2.0000000e+00   1.2000000e+01   4.2000000e+01   4.1707317e+00
   6.4423606e+02   3.4000000e+01   4.3000000e+01   2.3900000e+02   4.1000000e+01   2.0500000e+01   2.0000000e+01   4.4000000e+00   2.0000000e+00   7.0000000e+00   2.5000000e+01   3.9428571e+00
   1.9938746e+03   5.0000000e+01   8.0000000e+01   4.6000000e+02   4.7000000e+01   2.3500000e+01   2.3222222e+01   7.3589744e+00   2.0000000e+00   9.0000000e+00   3.9000000e+01   4.4273504e+00
   1.9897047e+03   5.6000000e+01   9.3000000e+01   5.0400000e+02   4.7000000e+01   2.3500000e+01   2.4000000e+01   7.1818182e+00   2.0000000e+00   1.0000000e+01   4.4000000e+01   4.1811594e+00
   1.8250357e+03   4.7000000e+01   7.7000000e+01   4.3100000e+02   5.0000000e+01   2.5000000e+01   2.3777778e+01   6.9722222e+00   2.0000000e+00   9.0000000e+00   3.6000000e+01   4.3303571e+00
   2.0307462e+03   5.4000000e+01   9.3000000e+01   4.8700000e+02   4.7000000e+01   2.3500000e+01   2.3500000e+01   7.4047619e+00   2.0000000e+00   1.0000000e+01   4.2000000e+01   4.1167883e+00
   1.3916871e+02   1.1000000e+01   8.0000000e+00   6.0000000e+01   1.8000000e+01   9.0000000e+00   8.0000000e+00   3.4000000e+00   2.0000000e+00   4.0000000e+00   5.0000000e+00   3.8750000e+00
   2.4940985e+03   5.5000000e+01   9.5000000e+01   5.2000000e+02   5.1000000e+01   2.5500000e+01   2.8555556e+01   7.2727273e+00   2.0000000e+00   9.0000000e+00   4.4000000e+01   4.2482270e+00
   1.8354735e+03   5.8000000e+01   8.8000000e+01   4.4400000e+02   4.7000000e+01   2.3500000e+01   2.1000000e+01   5.9555556e+00   2.0000000e+00   1.1000000e+01   4.5000000e+01   4.0597015e+00
   1.6367729e+03   4.2000000e+01   7.2000000e+01   3.9600000e+02   5.2000000e+01   2.6000000e+01   2.1875000e+01   7.6250000e+00   2.0000000e+00   8.0000000e+00   3.2000000e+01   4.2037037e+00
   2.1944198e+03   6.5000000e+01   9.7000000e+01   5.2900000e+02   4.7000000e+01   2.3500000e+01   2.3272727e+01   6.3461538e+00   2.0000000e+00   1.1000000e+01   5.2000000e+01   4.1907895e+00
   1.9124452e+03   5.0000000e+01   8.0000000e+01   4.2400000e+02   4.5000000e+01   2.2500000e+01   2.1900000e+01   6.5526316e+00   2.0000000e+00   1.0000000e+01   3.8000000e+01   4.1333333e+00
   1.6229344e+03   4.3000000e+01   7.4000000e+01   3.8400000e+02   5.1000000e+01   2.5500000e+01   2.0000000e+01   7.3437500e+00   2.0000000e+00   9.0000000e+00   3.2000000e+01   4.1509434e+00
   1.8491283e+03   5.7000000e+01   8.7000000e+01   4.9000000e+02   4.6000000e+01   2.3000000e+01   2.5400000e+01   6.6444444e+00   2.0000000e+00   1.0000000e+01   4.5000000e+01   4.3111111e+00
   4.1232689e+02   2.5000000e+01   2.8000000e+01   1.5900000e+02   3.1000000e+01   1.5500000e+01   1.4166667e+01   4.4705882e+00   2.0000000e+00   6.0000000e+00   1.7000000e+01   4.2553191e+00
   2.2804454e+03   6.0000000e+01   9.4000000e+01   5.1900000e+02   4.9000000e+01   2.4500000e+01   2.5800000e+01   6.7291667e+00   2.0000000e+00   1.0000000e+01   4.8000000e+01   4.2191781e+00
   2.1605655e+03   6.7000000e+01   9.1000000e+01   5.1200000e+02   4.8000000e+01   2.4000000e+01   2.2500000e+01   5.5660377e+00   2.0000000e+00   1.2000000e+01   5.3000000e+01   4.0629371e+00
   2.0219964e+03   4.7000000e+01   8.5000000e+01   4.4400000e+02   4.9000000e+01   2.4500000e+01   2.1666667e+01   8.0000000e+00   2.0000000e+00   9.0000000e+00   3.6000000e+01   4.1932773e+00
   5.8675499e+02   3.5000000e+01   3.9000000e+01   2.2700000e+02   3.9000000e+01   1.9500000e+01   1.4888889e+01   4.0000000e+00   2.0000000e+00   9.0000000e+00   2.4000000e+01   4.0000000e+00
   1.6748633e+03   4.7000000e+01   6.8000000e+01   4.0100000e+02   5.1000000e+01   2.5500000e+01   2.4250000e+01   6.4864865e+00   2.0000000e+00   8.0000000e+00   3.7000000e+01   4.2477064e+00
   2.1079367e+03   5.6000000e+01   8.4000000e+01   4.8100000e+02   4.7000000e+01   2.3500000e+01   2.6500000e+01   5.9545455e+00   2.0000000e+00   1.0000000e+01   4.4000000e+01   4.3543307e+00
   1.9358300e+03   5.2000000e+01   8.5000000e+01   4.7000000e+02   4.9000000e+01   2.4500000e+01   2.6888889e+01   6.9268293e+00   2.0000000e+00   9.0000000e+00   4.1000000e+01   4.2790698e+00
   2.0967001e+03   6.0000000e+01   9.2000000e+01   5.1100000e+02   4.8000000e+01   2.4000000e+01   2.7100000e+01   6.0208333e+00   2.0000000e+00   1.0000000e+01   4.8000000e+01   4.2374101e+00
   1.9819083e+03   4.8000000e+01   7.4000000e+01   4.2500000e+02   4.5000000e+01   2.2500000e+01   2.0444444e+01   7.6486486e+00   2.0000000e+00   9.0000000e+00   3.7000000e+01   4.2307692e+00
   1.7002193e+03   5.3000000e+01   7.5000000e+01   4.3200000e+02   4.6000000e+01   2.3000000e+01   2.4666667e+01   6.0000000e+00   2.0000000e+00   9.0000000e+00   4.2000000e+01   4.2231405e+00
   1.9104104e+03   4.9000000e+01   8.3000000e+01   4.6200000e+02   5.2000000e+01   2.6000000e+01   2.3000000e+01   7.2702703e+00   2.0000000e+00   1.0000000e+01   3.7000000e+01   4.2396694e+00
   1.1072205e+03   4.1000000e+01   5.6000000e+01   3.4000000e+02   4.7000000e+01   2.3500000e+01   2.3625000e+01   5.3548387e+00   2.0000000e+00   8.0000000e+00   3.1000000e+01   4.3444444e+00
   2.0930399e+03   5.0000000e+01   9.1000000e+01   4.7800000e+02   4.9000000e+01   2.4500000e+01   2.4000000e+01   7.9487179e+00   2.0000000e+00   9.0000000e+00   3.9000000e+01   4.1343284e+00
   1.1023531e+03   4.3000000e+01   5.8000000e+01   3.4200000e+02   4.5000000e+01   2.2500000e+01   1.8700000e+01   5.5806452e+00   2.0000000e+00   1.0000000e+01   3.1000000e+01   4.4065934e+00
   2.0890877e+03   5.1000000e+01   8.5000000e+01   4.5700000e+02   5.0000000e+01   2.5000000e+01   2.4666667e+01   6.9250000e+00   2.0000000e+00   9.0000000e+00   4.0000000e+01   4.1229508e+00
   1.7216075e+03   4.8000000e+01   7.6000000e+01   4.2100000e+02   4.9000000e+01   2.4500000e+01   2.5250000e+01   6.5789474e+00   2.0000000e+00   8.0000000e+00   3.8000000e+01   4.2142857e+00
   1.2967421e+03   4.4000000e+01   6.5000000e+01   3.6900000e+02   4.9000000e+01   2.4500000e+01   2.4875000e+01   5.9705882e+00   2.0000000e+00   8.0000000e+00   3.4000000e+01   4.2038835e+00
   1.6505201e+03   4.6000000e+01   7.2000000e+01   4.2000000e+02   4.9000000e+01   2.4500000e+01   2.0500000e+01   7.2058824e+00   2.0000000e+00   1.0000000e+01   3.4000000e+01   4.3551402e+00
   2.0360770e+03   5.4000000e+01   8.7000000e+01   4.8300000e+02   5.0000000e+01   2.5000000e+01   2.4300000e+01   6.6428571e+00   2.0000000e+00   1.0000000e+01   4.2000000e+01   4.2061069e+00
   2.1500075e+03   6.4000000e+01   8.9000000e+01   5.0600000e+02   4.7000000e+01   2.3500000e+01   2.3666667e+01   5.4800000e+00   2.0000000e+00   1.2000000e+01   5.0000000e+01   4.1756757e+00
   1.3414843e+03   4.5000000e+01   6.8000000e+01   3.8200000e+02   4.6000000e+01   2.3000000e+01   2.2222222e+01   6.2058824e+00   2.0000000e+00   9.0000000e+00   3.4000000e+01   4.1730769e+00
   1.9794638e+03   5.1000000e+01   8.3000000e+01   4.4100000e+02   4.8000000e+01   2.4000000e+01   2.1700000e+01   6.8717949e+00   2.0000000e+00   1.0000000e+01   3.9000000e+01   4.2016129e+00
   2.2887542e+03   5.6000000e+01   8.5000000e+01   4.6800000e+02   4.6000000e+01   2.3000000e+01   2.4900000e+01   6.0000000e+00   2.0000000e+00   1.0000000e+01   4.4000000e+01   4.0775194e+00
   1.9226129e+03   6.0000000e+01   8.1000000e+01   4.4800000e+02   4.8000000e+01   2.4000000e+01   2.0000000e+01   5.3333333e+00   2.0000000e+00   1.3000000e+01   4.5000000e+01   4.3070866e+00
   4.7460172e+02   2.9000000e+01   3.3000000e+01   1.8900000e+02   3.6000000e+01   1.8000000e+01   1.5857143e+01   3.8000000e+00   2.0000000e+00   7.0000000e+00   2.0000000e+01   3.9122807e+00
   1.9325159e+03   4.7000000e+01   7.7000000e+01   4.0300000e+02   4.9000000e+01   2.4500000e+01   1.9800000e+01   7.0285714e+00   2.0000000e+00   1.0000000e+01   3.5000000e+01   4.0854701e+00
   1.7460717e+02   1.3000000e+01   1.4000000e+01   7.8000000e+01   2.4000000e+01   8.5000000e+00   1.5666667e+01   3.6250000e+00   2.0000000e+00   3.0000000e+00   8.0000000e+00   4.0000000e+00
   3.5101924e+02   2.4000000e+01   2.4000000e+01   1.4900000e+02   2.8000000e+01   1.4000000e+01   1.1714286e+01   4.2666667e+00   2.0000000e+00   7.0000000e+00   1.5000000e+01   4.0227273e+00
   1.1030686e+03   4.3000000e+01   6.5000000e+01   3.4800000e+02   4.7000000e+01   2.3500000e+01   2.3000000e+01   5.6666667e+00   2.0000000e+00   8.0000000e+00   3.3000000e+01   4.1958763e+00
   2.0774938e+03   4.5000000e+01   8.1000000e+01   4.2600000e+02   5.0000000e+01   2.5000000e+01   2.2333333e+01   7.9705882e+00   2.0000000e+00   9.0000000e+00   3.4000000e+01   4.2881356e+00
   4.7021924e+02   3.1000000e+01   3.7000000e+01   2.0700000e+02   3.9000000e+01   1.9500000e+01   1.4000000e+01   4.4761905e+00   2.0000000e+00   8.0000000e+00   2.1000000e+01   4.0806452e+00
   1.2355797e+03   3.9000000e+01   6.0000000e+01   3.2100000e+02   4.5000000e+01   2.2500000e+01   2.0875000e+01   6.2068966e+00   2.0000000e+00   8.0000000e+00   2.9000000e+01   4.0978261e+00
   2.0061720e+03   5.5000000e+01   8.4000000e+01   4.6900000e+02   4.9000000e+01   2.4500000e+01   2.2700000e+01   6.6744186e+00   2.0000000e+00   1.0000000e+01   4.3000000e+01   4.2480620e+00
   1.4480732e+03   4.7000000e+01   6.9000000e+01   3.9400000e+02   4.5000000e+01   2.2500000e+01   2.4500000e+01   6.5405405e+00   2.0000000e+00   8.0000000e+00   3.7000000e+01   4.3055556e+00
   2.1664947e+03   5.0000000e+01   7.7000000e+01   4.3300000e+02   4.7000000e+01   2.3500000e+01   1.8181818e+01   7.3513514e+00   2.0000000e+00   1.1000000e+01   3.7000000e+01   4.1864407e+00
   1.6469084e+03   4.7000000e+01   7.1000000e+01   4.1000000e+02   3.3000000e+01   1.6500000e+01   2.8714286e+01   6.8157895e+00   2.0000000e+00   7.0000000e+00   3.8000000e+01   4.2385321e+00
   5.8857811e+02   2.8000000e+01   4.0000000e+01   2.1600000e+02   3.7000000e+01   1.8500000e+01   1.6714286e+01   5.4210526e+00   2.0000000e+00   7.0000000e+00   1.9000000e+01   4.0322581e+00
   1.7654454e+03   5.5000000e+01   7.8000000e+01   4.4900000e+02   4.7000000e+01   2.3500000e+01   2.4400000e+01   5.5581395e+00   2.0000000e+00   1.0000000e+01   4.3000000e+01   4.2338710e+00
   1.5740289e+03   4.9000000e+01   7.0000000e+01   3.9500000e+02   4.6000000e+01   2.3000000e+01   2.3222222e+01   6.0526316e+00   2.0000000e+00   9.0000000e+00   3.8000000e+01   4.1403509e+00
   8.6265645e+01   1.0000000e+01   9.0000000e+00   6.2000000e+01   2.0000000e+01   1.0000000e+01   7.7500000e+00   4.7500000e+00   2.0000000e+00   4.0000000e+00   4.0000000e+00   4.0625000e+00
   1.3655197e+03   4.9000000e+01   6.0000000e+01   3.4600000e+02   4.2000000e+01   2.1000000e+01   2.1666667e+01   4.7368421e+00   2.0000000e+00   9.0000000e+00   3.8000000e+01   4.0882353e+00
   1.9218794e+03   4.9000000e+01   7.4000000e+01   4.1300000e+02   4.9000000e+01   2.4500000e+01   1.8272727e+01   6.8055556e+00   2.0000000e+00   1.1000000e+01   3.6000000e+01   4.1909091e+00
   2.3481450e+03   5.6000000e+01   1.0000000e+02   5.2500000e+02   4.8000000e+01   2.4000000e+01   2.8375000e+01   7.8260870e+00   2.0000000e+00   8.0000000e+00   4.6000000e+01   4.1805556e+00
   1.6111785e+03   3.7000000e+01   7.0000000e+01   3.8800000e+02   4.6000000e+01   2.3000000e+01   2.4142857e+01   8.8214286e+00   2.0000000e+00   7.0000000e+00   2.8000000e+01   4.2718447e+00
   1.7310294e+03   4.6000000e+01   8.0000000e+01   4.3000000e+02   4.8000000e+01   2.4000000e+01   2.2111111e+01   7.8571429e+00   2.0000000e+00   9.0000000e+00   3.5000000e+01   4.2631579e+00
   1.4652383e+03   4.1000000e+01   6.4000000e+01   3.6300000e+02   4.8000000e+01   2.4000000e+01   2.0555556e+01   6.6666667e+00   2.0000000e+00   9.0000000e+00   3.0000000e+01   4.2164948e+00
   6.3869094e+02   3.2000000e+01   3.7000000e+01   2.4000000e+02   4.3000000e+01   2.1500000e+01   1.9285714e+01   4.5217391e+00   2.0000000e+00   7.0000000e+00   2.3000000e+01   4.4126984e+00
   2.1355527e+03   5.1000000e+01   8.8000000e+01   4.7600000e+02   5.0000000e+01   2.5000000e+01   2.5000000e+01   7.5500000e+00   2.0000000e+00   9.0000000e+00   4.0000000e+01   4.3680000e+00
