   1.1997665e+03   3.4000000e+01   4.3000000e+01   4.6300000e+02   4.9000000e+01   2.4500000e+01   2.6000000e+01   1.0875000e+01   2.0000000e+00   8.0000000e+00   2.4000000e+01   7.5405405e+00
   1.4315393e+03   3.0000000e+01   5.6000000e+01   5.3700000e+02   5.8000000e+01   2.9000000e+01   3.5500000e+01   1.5000000e+01   2.0000000e+00   6.0000000e+00   2.2000000e+01   7.7215190e+00
   3.6000000e+01   2.0000000e+00   1.0000000e+00   9.0000000e+00   9.0000000e+00   4.5000000e+00   0.0000000e+00   0.0000000e+00   2.0000000e+00   0.0000000e+00   0.0000000e+00   9.0000000e+00
   5.0322294e+02   1.9000000e+01   2.6000000e+01   2.7500000e+02   4.1000000e+01   2.0500000e+01   2.3600000e+01   1.1750000e+01   2.0000000e+00   5.0000000e+00   1.2000000e+01   7.2926829e+00
   6.9411545e+02   2.8000000e+01   3.8000000e+01   4.0500000e+02   5.4000000e+01   2.7000000e+01   2.7666667e+01   1.1400000e+01   2.0000000e+00   6.0000000e+00   2.0000000e+01   8.0000000e+00
   9.2508988e+02   2.9000000e+01   4.8000000e+01   4.5700000e+02   5.3000000e+01   2.6500000e+01   3.3666667e+01   1.2047619e+01   2.0000000e+00   6.0000000e+00   2.1000000e+01   7.2162162e+00
   7.8817534e+02   2.8000000e+01   4.4000000e+01   4.5600000e+02   5.9000000e+01   2.9500000e+01   2.7285714e+01   1.3263158e+01   2.0000000e+00   7.0000000e+00   1.9000000e+01   7.9558824e+00
   1.0862134e+03   3.7000000e+01   5.2000000e+01   4.9800000e+02   5.0000000e+01   2.5000000e+01   2.8125000e+01   1.0222222e+01   2.0000000e+00   8.0000000e+00   2.7000000e+01   7.3809524e+00
   3.6000000e+01   2.0000000e+00   1.0000000e+00   7.0000000e+00   7.0000000e+00   3.5000000e+00   0.0000000e+00   0.0000000e+00   2.0000000e+00   0.0000000e+00   0.0000000e+00   7.0000000e+00
   3.8736320e+02   2.3000000e+01   2.6000000e+01   2.7800000e+02   4.8000000e+01   2.4000000e+01   2.0500000e+01   9.4666667e+00   2.0000000e+00   6.0000000e+00   1.5000000e+01   7.6808511e+00
   9.2180531e+02   3.1000000e+01   4.9000000e+01   4.8100000e+02   5.5000000e+01   2.7500000e+01   3.1142857e+01   1.2272727e+01   2.0000000e+00   7.0000000e+00   2.2000000e+01   7.6351351e+00
   7.3363874e+02   2.5000000e+01   4.2000000e+01   4.0000000e+02   5.8000000e+01   2.9000000e+01   3.0400000e+01   1.3000000e+01   2.0000000e+00   5.0000000e+00   1.8000000e+01   7.7457627e+00
   7.8940477e+02   2.6000000e+01   4.7000000e+01   4.1400000e+02   6.0000000e+01   3.0000000e+01   2.3142857e+01   1.4058824e+01   2.0000000e+00   7.0000000e+00   1.7000000e+01   7.3088235e+00
   9.8756360e+02   2.9000000e+01   4.4000000e+01   4.4300000e+02   5.2000000e+01   2.6000000e+01   3.2500000e+01   1.1857143e+01   2.0000000e+00   6.0000000e+00   2.1000000e+01   7.5147059e+00
   3.6000000e+01   2.0000000e+00   1.0000000e+00   9.0000000e+00   9.0000000e+00   4.5000000e+00   0.0000000e+00   0.0000000e+00   2.0000000e+00   0.0000000e+00   0.0000000e+00   9.0000000e+00
   7.5880856e+02   3.1000000e+01   4.1000000e+01   4.0100000e+02   4.8000000e+01   2.4000000e+01   2.4375000e+01   9.8095238e+00   2.0000000e+00   8.0000000e+00   2.1000000e+01   7.4545455e+00
   8.0739111e+02   2.7000000e+01   4.1000000e+01   4.4000000e+02   5.4000000e+01   2.7000000e+01   2.7833333e+01   1.3789474e+01   2.0000000e+00   6.0000000e+00   1.9000000e+01   8.0317460e+00
   7.6248836e+02   2.9000000e+01   4.6000000e+01   4.5500000e+02   5.5000000e+01   2.7500000e+01   2.8000000e+01   1.3000000e+01   2.0000000e+00   7.0000000e+00   2.0000000e+01   7.6056338e+00
   1.1732682e+03   3.4000000e+01   5.6000000e+01   5.4700000e+02   5.8000000e+01   2.9000000e+01   3.4285714e+01   1.2920000e+01   2.0000000e+00   7.0000000e+00   2.5000000e+01   7.5476190e+00
   1.0713487e+03   2.5000000e+01   4.8000000e+01   4.2600000e+02   5.8000000e+01   2.9000000e+01   2.9666667e+01   1.4294118e+01   2.0000000e+00   6.0000000e+00   1.7000000e+01   7.2142857e+00
   6.4476293e+02   2.6000000e+01   3.3000000e+01   3.2100000e+02   5.5000000e+01   2.7500000e+01   2.3142857e+01   8.0000000e+00   2.0000000e+00   7.0000000e+00   1.7000000e+01   7.2545455e+00
   1.2642941e+03   3.0000000e+01   6.2000000e+01   5.6400000e+02   6.2000000e+01   3.1000000e+01   3.5166667e+01   1.6136364e+01   2.0000000e+00   6.0000000e+00   2.2000000e+01   7.7411765e+00
   8.0002545e+02   2.8000000e+01   4.1000000e+01   3.9100000e+02   5.3000000e+01   2.6500000e+01   2.6285714e+01   1.0578947e+01   2.0000000e+00   7.0000000e+00   1.9000000e+01   7.3230769e+00
   8.8245785e+02   3.2000000e+01   5.3000000e+01   5.1800000e+02   5.7000000e+01   2.8500000e+01   3.0571429e+01   1.3565217e+01   2.0000000e+00   7.0000000e+00   2.3000000e+01   7.8101266e+00
   6.3910370e+02   2.7000000e+01   3.8000000e+01   3.5600000e+02   5.2000000e+01   2.6000000e+01   2.0375000e+01   1.0588235e+01   2.0000000e+00   8.0000000e+00   1.7000000e+01   7.7118644e+00
   1.0119445e+03   3.4000000e+01   5.1000000e+01   4.7600000e+02   5.5000000e+01   2.7500000e+01   2.5125000e+01   1.1375000e+01   2.0000000e+00   8.0000000e+00   2.4000000e+01   7.5844156e+00
   1.0039851e+03   3.2000000e+01   5.4000000e+01   5.3300000e+02   5.7000000e+01   2.8500000e+01   3.6166667e+01   1.3750000e+01   2.0000000e+00   6.0000000e+00   2.4000000e+01   7.5731707e+00
   8.6439730e+02   2.6000000e+01   4.2000000e+01   4.2600000e+02   5.9000000e+01   2.9500000e+01   2.7714286e+01   1.2823529e+01   2.0000000e+00   7.0000000e+00   1.7000000e+01   7.7142857e+00
   3.6000000e+01   2.0000000e+00   1.0000000e+00   8.0000000e+00   8.0000000e+00   4.0000000e+00   0.0000000e+00   0.0000000e+00   2.0000000e+00   0.0000000e+00   0.0000000e+00   8.0000000e+00
   3.6000000e+01   2.0000000e+00   1.0000000e+00   7.0000000e+00   7.0000000e+00   3.5000000e+00   0.0000000e+00   0.0000000e+00   2.0000000e+00   0.0000000e+00   0.0000000e+00   7.0000000e+00
   1.2976974e+03   3.3000000e+01   6.2000000e+01   5.6700000e+02   6.1000000e+01   3.0500000e+01   3.4000000e+01   1.4125000e+01   2.0000000e+00   7.0000000e+00   2.4000000e+01   7.5842697e+00
   1.1508704e+03   3.3000000e+01   5.6000000e+01   4.9700000e+02   5.4000000e+01   2.7000000e+01   2.9285714e+01   1.3000000e+01   2.0000000e+00   7.0000000e+00   2.4000000e+01   7.0853659e+00
   1.0888871e+03   3.1000000e+01   4.9000000e+01   4.9900000e+02   5.8000000e+01   2.9000000e+01   3.5000000e+01   1.2304348e+01   2.0000000e+00   6.0000000e+00   2.3000000e+01   7.6666667e+00
   9.6089688e+02   2.9000000e+01   4.5000000e+01   4.5400000e+02   5.7000000e+01   2.8500000e+01   2.8333333e+01   1.3476190e+01   2.0000000e+00   6.0000000e+00   2.1000000e+01   7.8550725e+00
   1.3633831e+03   2.9000000e+01   5.9000000e+01   4.9100000e+02   5.8000000e+01   2.9000000e+01   3.0833333e+01   1.5047619e+01   2.0000000e+00   6.0000000e+00   2.1000000e+01   7.0843373e+00
   3.6000000e+01   2.0000000e+00   1.0000000e+00   8.0000000e+00   8.0000000e+00   4.0000000e+00   0.0000000e+00   0.0000000e+00   2.0000000e+00   0.0000000e+00   0.0000000e+00   8.0000000e+00
   1.0927761e+03   3.2000000e+01   5.9000000e+01   5.7100000e+02   6.0000000e+01   3.0000000e+01   3.6333333e+01   1.5208333e+01   2.0000000e+00   6.0000000e+00   2.4000000e+01   7.7441860e+00
   1.0305082e+03   3.2000000e+01   4.8000000e+01   4.5100000e+02   5.4000000e+01   2.7000000e+01   2.9142857e+01   1.1304348e+01   2.0000000e+00   7.0000000e+00   2.3000000e+01   7.3783784e+00
   9.0631299e+02   3.2000000e+01   4.9000000e+01   4.5800000e+02   6.0000000e+01   3.0000000e+01   3.3500000e+01   1.0750000e+01   2.0000000e+00   6.0000000e+00   2.4000000e+01   7.3333333e+00
   3.6000000e+01   2.0000000e+00   1.0000000e+00   6.0000000e+00   6.0000000e+00   3.0000000e+00   0.0000000e+00   0.0000000e+00   2.0000000e+00   0.0000000e+00   0.0000000e+00   6.0000000e+00
   3.6000000e+01   2.0000000e+00   1.0000000e+00   9.0000000e+00   9.0000000e+00   4.5000000e+00   0.0000000e+00   0.0000000e+00   2.0000000e+00   0.0000000e+00   0.0000000e+00   9.0000000e+00
   5.8912362e+02   2.5000000e+01   3.7000000e+01   3.4200000e+02   4.8000000e+01   2.4000000e+01   1.9875000e+01   1.1800000e+01   2.0000000e+00   8.0000000e+00   1.5000000e+01   7.4561404e+00
   6.9033894e+02   2.8000000e+01   4.0000000e+01   3.8900000e+02   5.6000000e+01   2.8000000e+01   2.8285714e+01   9.3684211e+00   2.0000000e+00   7.0000000e+00   1.9000000e+01   7.7258065e+00
   8.5833165e+02   3.4000000e+01   4.3000000e+01   4.2500000e+02   5.1000000e+01   2.5500000e+01   3.1333333e+01   9.0769231e+00   2.0000000e+00   6.0000000e+00   2.6000000e+01   7.3571429e+00
   1.2936406e+03   3.9000000e+01   5.7000000e+01   5.5000000e+02   5.5000000e+01   2.7500000e+01   3.2285714e+01   1.1666667e+01   2.0000000e+00   7.0000000e+00   3.0000000e+01   7.4555556e+00
   1.0686722e+03   4.5000000e+01   6.5000000e+01   6.5500000e+02   5.3000000e+01   2.6500000e+01   3.1300000e+01   1.1303030e+01   2.0000000e+00   1.0000000e+01   3.3000000e+01   7.9038462e+00
   1.0544004e+03   3.9000000e+01   5.1000000e+01   4.9800000e+02   5.5000000e+01   2.7500000e+01   2.3100000e+01   1.0000000e+01   2.0000000e+00   1.0000000e+01   2.7000000e+01   7.5714286e+00
   7.2106928e+02   2.9000000e+01   3.5000000e+01   3.7300000e+02   5.3000000e+01   2.6500000e+01   2.2000000e+01   8.8333333e+00   2.0000000e+00   9.0000000e+00   1.8000000e+01   7.7413793e+00
   1.2060630e+03   3.2000000e+01   5.7000000e+01   5.3800000e+02   5.6000000e+01   2.8000000e+01   3.5666667e+01   1.3916667e+01   2.0000000e+00   6.0000000e+00   2.4000000e+01   7.7682927e+00
   9.5714781e+02   2.9000000e+01   4.8000000e+01   4.9000000e+02   5.4000000e+01   2.7000000e+01   3.2285714e+01   1.3450000e+01   2.0000000e+00   7.0000000e+00   2.0000000e+01   7.9594595e+00
   3.6000000e+01   2.0000000e+00   1.0000000e+00   6.0000000e+00   6.0000000e+00   3.0000000e+00   0.0000000e+00   0.0000000e+00   2.0000000e+00   0.0000000e+00   0.0000000e+00   6.0000000e+00
   8.2255284e+02   2.8000000e+01   4.9000000e+01   4.6400000e+02   5.7000000e+01   2.8500000e+01   3.4333333e+01   1.2950000e+01   2.0000000e+00   6.0000000e+00   2.0000000e+01   7.7777778e+00
   3.6000000e+01   2.0000000e+00   1.0000000e+00   8.0000000e+00   8.0000000e+00   4.0000000e+00   0.0000000e+00   0.0000000e+00   2.0000000e+00   0.0000000e+00   0.0000000e+00   8.0000000e+00
   7.0237619e+02   3.4000000e+01   4.8000000e+01   5.2500000e+02   5.6000000e+01   2.8000000e+01   3.4000000e+01   1.2269231e+01   2.0000000e+00   6.0000000e+00   2.6000000e+01   8.1315789e+00
   1.0731650e+03   3.9000000e+01   5.0000000e+01   5.3200000e+02   5.4000000e+01   2.7000000e+01   3.0250000e+01   1.0137931e+01   2.0000000e+00   8.0000000e+00   2.9000000e+01   7.8352941e+00
   7.3848656e+02   3.0000000e+01   3.6000000e+01   3.8100000e+02   5.4000000e+01   2.7000000e+01   2.6714286e+01   8.5238095e+00   2.0000000e+00   7.0000000e+00   2.1000000e+01   7.7000000e+00
   8.8492505e+02   3.5000000e+01   4.9000000e+01   4.6900000e+02   5.4000000e+01   2.7000000e+01   3.0857143e+01   1.0038462e+01   2.0000000e+00   7.0000000e+00   2.6000000e+01   7.4810127e+00
   8.0025215e+02   3.1000000e+01   4.3000000e+01   4.0800000e+02   5.1000000e+01   2.5500000e+01   2.4625000e+01   9.8571429e+00   2.0000000e+00   8.0000000e+00   2.1000000e+01   7.4925373e+00
   3.6000000e+01   2.0000000e+00   1.0000000e+00   7.0000000e+00   7.0000000e+00   3.5000000e+00   0.0000000e+00   0.0000000e+00   2.0000000e+00   0.0000000e+00   0.0000000e+00   7.0000000e+00
   1.3047611e+02   1.3000000e+01   1.5000000e+01   1.3700000e+02   4.2000000e+01   2.1000000e+01   1.2600000e+01   7.8333333e+00   2.0000000e+00   5.0000000e+00   6.0000000e+00   7.0833333e+00
   6.1336402e+02   2.1000000e+01   3.3000000e+01   3.3800000e+02   5.9000000e+01   2.9500000e+01   2.1142857e+01   1.3750000e+01   2.0000000e+00   7.0000000e+00   1.2000000e+01   7.8235294e+00
   3.6000000e+01   2.0000000e+00   1.0000000e+00   6.0000000e+00   6.0000000e+00   3.0000000e+00   0.0000000e+00   0.0000000e+00   2.0000000e+00   0.0000000e+00   0.0000000e+00   6.0000000e+00
   9.6041091e+02   2.9000000e+01   4.1000000e+01   3.8800000e+02   4.9000000e+01   2.4500000e+01   2.5428571e+01   1.0500000e+01   2.0000000e+00   7.0000000e+00   2.0000000e+01   7.2187500e+00
   3.6000000e+01   2.0000000e+00   1.0000000e+00   8.0000000e+00   8.0000000e+00   4.0000000e+00   0.0000000e+00   0.0000000e+00   2.0000000e+00   0.0000000e+00   0.0000000e+00   8.0000000e+00
   3.6000000e+01   2.0000000e+00   1.0000000e+00   7.0000000e+00   7.0000000e+00   3.5000000e+00   0.0000000e+00   0.0000000e+00   2.0000000e+00   0.0000000e+00   0.0000000e+00   7.0000000e+00
   3.6000000e+01   2.0000000e+00   1.0000000e+00   8.0000000e+00   8.0000000e+00   4.0000000e+00   0.0000000e+00   0.0000000e+00   2.0000000e+00   0.0000000e+00   0.0000000e+00   8.0000000e+00
   7.1373742e+02   2.5000000e+01   3.4000000e+01   3.6800000e+02   5.7000000e+01   2.8500000e+01   2.7833333e+01   1.0941176e+01   2.0000000e+00   6.0000000e+00   1.7000000e+01   7.9259259e+00
   1.0186781e+03   3.7000000e+01   5.4000000e+01   5.0600000e+02   4.8000000e+01   2.4000000e+01   2.9500000e+01   1.0703704e+01   2.0000000e+00   8.0000000e+00   2.7000000e+01   7.3928571e+00
   8.4194939e+02   3.4000000e+01   5.5000000e+01   5.2200000e+02   5.8000000e+01   2.9000000e+01   3.2285714e+01   1.2120000e+01   2.0000000e+00   7.0000000e+00   2.5000000e+01   7.2650602e+00
   3.6000000e+01   2.0000000e+00   1.0000000e+00   9.0000000e+00   9.0000000e+00   4.5000000e+00   0.0000000e+00   0.0000000e+00   2.0000000e+00   0.0000000e+00   0.0000000e+00   9.0000000e+00
   9.5201544e+02   3.2000000e+01   4.2000000e+01   4.0400000e+02   5.3000000e+01   2.6500000e+01   2.5714286e+01   9.4347826e+00   2.0000000e+00   7.0000000e+00   2.3000000e+01   7.3571429e+00
   6.4229741e+02   2.6000000e+01   3.3000000e+01   3.5500000e+02   5.4000000e+01   2.7000000e+01   2.4250000e+01   9.0000000e+00   2.0000000e+00   8.0000000e+00   1.6000000e+01   7.9464286e+00
   1.0865660e+03   2.8000000e+01   4.2000000e+01   4.1000000e+02   5.7000000e+01   2.8500000e+01   2.9500000e+01   1.1200000e+01   2.0000000e+00   6.0000000e+00   2.0000000e+01   7.5937500e+00
   1.5166070e+03   3.5000000e+01   6.0000000e+01   5.2900000e+02   5.6000000e+01   2.8000000e+01   2.8500000e+01   1.2720000e+01   2.0000000e+00   8.0000000e+00   2.5000000e+01   7.3863636e+00
   8.6272408e+02   2.8000000e+01   4.5000000e+01   4.3700000e+02   5.3000000e+01   2.6500000e+01   2.8500000e+01   1.3100000e+01   2.0000000e+00   6.0000000e+00   2.0000000e+01   7.6376812e+00
   3.6000000e+01   2.0000000e+00   1.0000000e+00   7.0000000e+00   7.0000000e+00   3.5000000e+00   0.0000000e+00   0.0000000e+00   2.0000000e+00   0.0000000e+00   0.0000000e+00   7.0000000e+00
   4.5055571e+02   2.4000000e+01   3.0000000e+01   3.2300000e+02   4.7000000e+01   2.3500000e+01   2.2142857e+01   1.0200000e+01   2.0000000e+00   7.0000000e+00   1.5000000e+01   7.7200000e+00
   8.0756649e+02   2.6000000e+01   3.8000000e+01   3.7000000e+02   5.4000000e+01   2.7000000e+01   2.9500000e+01   1.0055556e+01   2.0000000e+00   6.0000000e+00   1.8000000e+01   7.6666667e+00
   3.6000000e+01   2.0000000e+00   1.0000000e+00   7.0000000e+00   7.0000000e+00   3.5000000e+00   0.0000000e+00   0.0000000e+00   2.0000000e+00   0.0000000e+00   0.0000000e+00   7.0000000e+00
   1.0106746e+03   3.2000000e+01   4.4000000e+01   4.6600000e+02   5.8000000e+01   2.9000000e+01   3.1000000e+01   1.1416667e+01   2.0000000e+00   6.0000000e+00   2.4000000e+01   7.5675676e+00
   1.1351559e+03   2.8000000e+01   5.6000000e+01   4.8900000e+02   6.0000000e+01   3.0000000e+01   2.5571429e+01   1.6315789e+01   2.0000000e+00   7.0000000e+00   1.9000000e+01   7.2625000e+00
   9.2107994e+02   2.8000000e+01   4.9000000e+01   4.8000000e+02   6.0000000e+01   3.0000000e+01   3.2333333e+01   1.3900000e+01   2.0000000e+00   6.0000000e+00   2.0000000e+01   7.6805556e+00
   8.5697856e+02   2.9000000e+01   4.6000000e+01   4.1500000e+02   5.2000000e+01   2.6000000e+01   2.8857143e+01   1.0750000e+01   2.0000000e+00   7.0000000e+00   2.0000000e+01   7.3714286e+00
   1.1684394e+03   3.3000000e+01   5.4000000e+01   5.1900000e+02   5.8000000e+01   2.9000000e+01   3.3833333e+01   1.2600000e+01   2.0000000e+00   6.0000000e+00   2.5000000e+01   7.4938272e+00
   9.8362928e+02   2.8000000e+01   4.5000000e+01   4.6200000e+02   5.5000000e+01   2.7500000e+01   2.8857143e+01   1.3368421e+01   2.0000000e+00   7.0000000e+00   1.9000000e+01   7.7246377e+00
   4.7585476e+02   2.3000000e+01   2.8000000e+01   3.2200000e+02   4.7000000e+01   2.3500000e+01   2.4428571e+01   9.5000000e+00   2.0000000e+00   7.0000000e+00   1.4000000e+01   8.0816327e+00
   8.3269716e+02   3.1000000e+01   5.0000000e+01   5.0400000e+02   5.6000000e+01   2.8000000e+01   3.1428571e+01   1.3045455e+01   2.0000000e+00   7.0000000e+00   2.2000000e+01   7.6621622e+00
   7.0320689e+02   2.3000000e+01   3.4000000e+01   3.5800000e+02   5.4000000e+01   2.7000000e+01   3.1200000e+01   1.1562500e+01   2.0000000e+00   5.0000000e+00   1.6000000e+01   7.7090909e+00
   9.1303782e+02   3.2000000e+01   5.1000000e+01   4.7800000e+02   5.4000000e+01   2.7000000e+01   3.0571429e+01   1.1565217e+01   2.0000000e+00   7.0000000e+00   2.3000000e+01   7.5584416e+00
   1.0298326e+03   3.1000000e+01   5.3000000e+01   5.2600000e+02   5.9000000e+01   2.9500000e+01   2.9285714e+01   1.4772727e+01   2.0000000e+00   7.0000000e+00   2.2000000e+01   7.7875000e+00
   1.3450791e+03   3.4000000e+01   6.0000000e+01   5.2800000e+02   6.0000000e+01   3.0000000e+01   3.1571429e+01   1.2800000e+01   2.0000000e+00   7.0000000e+00   2.5000000e+01   7.2134831e+00
   9.5785481e+02   3.7000000e+01   5.6000000e+01   5.6200000e+02   5.3000000e+01   2.6500000e+01   3.3714286e+01   1.2107143e+01   2.0000000e+00   7.0000000e+00   2.8000000e+01   7.3888889e+00
   1.1521095e+03   3.7000000e+01   5.4000000e+01   5.5000000e+02   5.5000000e+01   2.7500000e+01   3.2142857e+01   1.2107143e+01   2.0000000e+00   7.0000000e+00   2.8000000e+01   7.7701149e+00
   9.0513475e+02   3.9000000e+01   4.6000000e+01   4.8200000e+02   5.1000000e+01   2.5500000e+01   2.7111111e+01   8.7142857e+00   2.0000000e+00   9.0000000e+00   2.8000000e+01   7.6538462e+00
   7.1436585e+02   1.9000000e+01   3.1000000e+01   2.9900000e+02   4.8000000e+01   2.4000000e+01   2.6400000e+01   1.2666667e+01   2.0000000e+00   5.0000000e+00   1.2000000e+01   7.4468085e+00
   1.0096241e+03   3.2000000e+01   5.4000000e+01   5.2300000e+02   5.8000000e+01   2.9000000e+01   3.3166667e+01   1.3875000e+01   2.0000000e+00   6.0000000e+00   2.4000000e+01   7.7272727e+00
   3.6000000e+01   2.0000000e+00   1.0000000e+00   8.0000000e+00   8.0000000e+00   4.0000000e+00   0.0000000e+00   0.0000000e+00   2.0000000e+00   0.0000000e+00   0.0000000e+00   8.0000000e+00
   2.7707283e+02   9.0000000e+00   1.8000000e+01   1.6700000e+02   4.6000000e+01   8.5000000e+00   4.6000000e+01   2.0166667e+01   2.0000000e+00   1.0000000e+00   6.0000000e+00   7.4000000e+00
   7.3107073e+02   2.6000000e+01   3.8000000e+01   3.9600000e+02   5.5000000e+01   2.7500000e+01   2.6857143e+01   1.1411765e+01   2.0000000e+00   7.0000000e+00   1.7000000e+01   7.7377049e+00
   9.9644218e+02   3.5000000e+01   4.9000000e+01   5.0300000e+02   5.2000000e+01   2.6000000e+01   3.1285714e+01   1.1461538e+01   2.0000000e+00   7.0000000e+00   2.6000000e+01   7.8181818e+00
