   2.0698754e+03   4.3000000e+01   8.4000000e+01   5.2700000e+02   5.3000000e+01   2.6500000e+01   3.0250000e+01   9.9393939e+00   2.0000000e+00   8.0000000e+00   3.3000000e+01   5.2136752e+00
   1.7840414e+03   4.5000000e+01   7.3000000e+01   4.9700000e+02   4.9000000e+01   2.4500000e+01   2.5666667e+01   8.9705882e+00   2.0000000e+00   9.0000000e+00   3.4000000e+01   5.3873874e+00
   1.8002107e+03   3.6000000e+01   7.1000000e+01   4.6300000e+02   5.6000000e+01   2.8000000e+01   2.5142857e+01   1.1740741e+01   2.0000000e+00   7.0000000e+00   2.7000000e+01   5.4387755e+00
   1.6626516e+03   4.2000000e+01   5.6000000e+01   4.4200000e+02   5.0000000e+01   2.5000000e+01   2.4000000e+01   7.7419355e+00   2.0000000e+00   9.0000000e+00   3.1000000e+01   5.4565217e+00
   1.8852084e+03   4.1000000e+01   7.0000000e+01   4.8700000e+02   5.1000000e+01   2.5500000e+01   2.6750000e+01   9.7096774e+00   2.0000000e+00   8.0000000e+00   3.1000000e+01   5.3653846e+00
   1.7838933e+03   4.6000000e+01   7.0000000e+01   4.9900000e+02   5.0000000e+01   2.5000000e+01   2.7625000e+01   8.6944444e+00   2.0000000e+00   8.0000000e+00   3.6000000e+01   5.2432432e+00
   2.1336707e+03   4.7000000e+01   7.2000000e+01   5.1000000e+02   5.0000000e+01   2.5000000e+01   2.9375000e+01   8.2432432e+00   2.0000000e+00   8.0000000e+00   3.7000000e+01   5.2631579e+00
   1.8619138e+03   3.9000000e+01   7.6000000e+01   5.0900000e+02   5.3000000e+01   2.6500000e+01   2.4555556e+01   1.1392857e+01   2.0000000e+00   9.0000000e+00   2.8000000e+01   5.5272727e+00
   1.7104157e+03   4.1000000e+01   6.5000000e+01   4.1600000e+02   4.9000000e+01   2.4500000e+01   2.3375000e+01   8.0967742e+00   2.0000000e+00   8.0000000e+00   3.1000000e+01   5.0612245e+00
   1.9436454e+03   4.6000000e+01   7.4000000e+01   5.0900000e+02   5.3000000e+01   2.6500000e+01   3.0250000e+01   8.3055556e+00   2.0000000e+00   8.0000000e+00   3.6000000e+01   5.3214286e+00
   2.1630854e+03   4.5000000e+01   7.4000000e+01   5.0200000e+02   4.9000000e+01   2.4500000e+01   2.9500000e+01   8.5714286e+00   2.0000000e+00   8.0000000e+00   3.5000000e+01   5.2909091e+00
   2.0258407e+03   4.9000000e+01   7.1000000e+01   4.7200000e+02   4.8000000e+01   2.4000000e+01   2.5555556e+01   7.6315789e+00   2.0000000e+00   9.0000000e+00   3.8000000e+01   5.2935780e+00
   2.0919415e+03   4.4000000e+01   7.4000000e+01   5.1300000e+02   4.9000000e+01   2.4500000e+01   2.7375000e+01   9.7647059e+00   2.0000000e+00   8.0000000e+00   3.4000000e+01   5.1315789e+00
   1.9460173e+03   4.5000000e+01   8.1000000e+01   5.6500000e+02   5.5000000e+01   2.7500000e+01   2.9625000e+01   1.0485714e+01   2.0000000e+00   8.0000000e+00   3.5000000e+01   5.4621849e+00
   1.8132692e+03   4.1000000e+01   6.9000000e+01   4.7200000e+02   4.9000000e+01   2.4500000e+01   2.6750000e+01   9.2580645e+00   2.0000000e+00   8.0000000e+00   3.1000000e+01   5.1509434e+00
   1.5604073e+03   4.6000000e+01   6.3000000e+01   4.6400000e+02   4.9000000e+01   2.4500000e+01   2.5333333e+01   7.4000000e+00   2.0000000e+00   9.0000000e+00   3.5000000e+01   5.4019608e+00
   6.7415008e+02   2.3000000e+01   3.8000000e+01   2.5300000e+02   4.6000000e+01   2.3000000e+01   2.1166667e+01   7.8666667e+00   2.0000000e+00   6.0000000e+00   1.5000000e+01   5.3703704e+00
   1.2457309e+03   3.5000000e+01   5.2000000e+01   3.5200000e+02   5.0000000e+01   2.5000000e+01   2.0375000e+01   7.8000000e+00   2.0000000e+00   8.0000000e+00   2.5000000e+01   5.0123457e+00
   1.7917253e+03   4.5000000e+01   7.7000000e+01   4.9400000e+02   4.9000000e+01   2.4500000e+01   2.4333333e+01   9.0294118e+00   2.0000000e+00   9.0000000e+00   3.4000000e+01   5.2363636e+00
   2.0228041e+03   5.2000000e+01   8.0000000e+01   5.3800000e+02   5.0000000e+01   2.5000000e+01   2.9375000e+01   8.2619048e+00   2.0000000e+00   8.0000000e+00   4.2000000e+01   5.3333333e+00
   1.5415489e+03   3.6000000e+01   5.9000000e+01   4.1800000e+02   5.1000000e+01   2.5500000e+01   2.1625000e+01   9.8076923e+00   2.0000000e+00   8.0000000e+00   2.6000000e+01   5.5909091e+00
   1.9223129e+03   4.3000000e+01   7.4000000e+01   4.6900000e+02   5.2000000e+01   2.6000000e+01   2.5375000e+01   9.1515152e+00   2.0000000e+00   8.0000000e+00   3.3000000e+01   5.1743119e+00
   1.9915263e+03   4.5000000e+01   7.5000000e+01   5.2500000e+02   5.1000000e+01   2.5500000e+01   3.0571429e+01   9.6666667e+00   2.0000000e+00   7.0000000e+00   3.6000000e+01   5.3302752e+00
   1.8891670e+03   5.3000000e+01   6.8000000e+01   4.9900000e+02   4.8000000e+01   2.4000000e+01   2.6700000e+01   6.3658537e+00   2.0000000e+00   1.0000000e+01   4.1000000e+01   5.3928571e+00
   1.7339321e+03   4.7000000e+01   7.2000000e+01   4.9600000e+02   5.4000000e+01   2.7000000e+01   2.7888889e+01   7.6388889e+00   2.0000000e+00   9.0000000e+00   3.6000000e+01   5.1875000e+00
   2.0512384e+03   3.9000000e+01   8.0000000e+01   5.3200000e+02   5.4000000e+01   2.7000000e+01   2.6500000e+01   1.2137931e+01   2.0000000e+00   8.0000000e+00   2.9000000e+01   5.4601770e+00
   1.6877620e+03   3.8000000e+01   6.7000000e+01   4.6400000e+02   5.5000000e+01   2.7500000e+01   2.5500000e+01   1.0000000e+01   2.0000000e+00   8.0000000e+00   2.8000000e+01   5.4747475e+00
   1.8303943e+03   4.5000000e+01   7.3000000e+01   5.1200000e+02   5.2000000e+01   2.6000000e+01   2.8625000e+01   9.0571429e+00   2.0000000e+00   8.0000000e+00   3.5000000e+01   5.3518519e+00
   2.1836444e+02   1.7000000e+01   1.8000000e+01   1.3800000e+02   3.6000000e+01   1.8000000e+01   1.1666667e+01   5.5555556e+00   2.0000000e+00   6.0000000e+00   9.0000000e+00   5.2121212e+00
   2.1318151e+03   4.1000000e+01   7.0000000e+01   4.6100000e+02   5.2000000e+01   2.6000000e+01   2.4750000e+01   9.3548387e+00   2.0000000e+00   8.0000000e+00   3.1000000e+01   5.2000000e+00
   1.9259097e+03   4.9000000e+01   7.6000000e+01   5.0800000e+02   5.0000000e+01   2.5000000e+01   2.7444444e+01   7.9473684e+00   2.0000000e+00   9.0000000e+00   3.8000000e+01   5.3482143e+00
   1.9074694e+03   4.5000000e+01   7.4000000e+01   4.9200000e+02   5.2000000e+01   2.6000000e+01   2.6000000e+01   9.0571429e+00   2.0000000e+00   8.0000000e+00   3.5000000e+01   5.1376147e+00
   1.9200545e+03   4.5000000e+01   7.2000000e+01   5.1000000e+02   5.0000000e+01   2.5000000e+01   2.5333333e+01   9.2941176e+00   2.0000000e+00   9.0000000e+00   3.4000000e+01   5.3063063e+00
   1.9521863e+03   4.7000000e+01   8.1000000e+01   5.4500000e+02   5.3000000e+01   2.6500000e+01   3.0111111e+01   9.0833333e+00   2.0000000e+00   9.0000000e+00   3.6000000e+01   5.5333333e+00
   2.0339301e+03   4.5000000e+01   7.5000000e+01   5.2000000e+02   5.1000000e+01   2.5500000e+01   2.8250000e+01   9.1142857e+00   2.0000000e+00   8.0000000e+00   3.5000000e+01   5.4234234e+00
   1.9082493e+03   4.2000000e+01   7.9000000e+01   5.2300000e+02   5.1000000e+01   2.5500000e+01   2.7375000e+01   1.0687500e+01   2.0000000e+00   8.0000000e+00   3.2000000e+01   5.3893805e+00
   1.4080754e+03   4.3000000e+01   5.9000000e+01   4.3900000e+02   4.9000000e+01   2.4500000e+01   2.2100000e+01   7.4838710e+00   2.0000000e+00   1.0000000e+01   3.1000000e+01   5.3645833e+00
   1.8622042e+03   3.8000000e+01   6.9000000e+01   4.7400000e+02   5.0000000e+01   2.5000000e+01   2.5375000e+01   1.0607143e+01   2.0000000e+00   8.0000000e+00   2.8000000e+01   5.4646465e+00
   1.5192737e+03   3.9000000e+01   6.1000000e+01   4.2000000e+02   5.1000000e+01   2.5500000e+01   2.4625000e+01   8.3793103e+00   2.0000000e+00   8.0000000e+00   2.9000000e+01   5.3846154e+00
   2.1480105e+03   4.7000000e+01   8.2000000e+01   5.4000000e+02   5.3000000e+01   2.6500000e+01   2.9125000e+01   9.4054054e+00   2.0000000e+00   8.0000000e+00   3.7000000e+01   5.4416667e+00
   1.8109187e+03   4.4000000e+01   6.5000000e+01   4.6700000e+02   5.0000000e+01   2.5000000e+01   2.3888889e+01   8.3939394e+00   2.0000000e+00   9.0000000e+00   3.3000000e+01   5.3203883e+00
   1.5146942e+03   3.3000000e+01   6.4000000e+01   4.4800000e+02   4.3000000e+01   2.1500000e+01   2.8000000e+01   1.2400000e+01   2.0000000e+00   6.0000000e+00   2.5000000e+01   5.7500000e+00
   1.9188160e+03   5.3000000e+01   7.4000000e+01   5.1900000e+02   4.9000000e+01   2.4500000e+01   2.5181818e+01   7.0250000e+00   2.0000000e+00   1.1000000e+01   4.0000000e+01   5.4173913e+00
   1.7606438e+03   4.0000000e+01   6.6000000e+01   4.5300000e+02   5.0000000e+01   2.5000000e+01   2.5142857e+01   9.5806452e+00   2.0000000e+00   7.0000000e+00   3.1000000e+01   5.2156863e+00
   2.0123759e+03   5.0000000e+01   7.9000000e+01   5.5700000e+02   4.9000000e+01   2.4500000e+01   2.8111111e+01   8.7179487e+00   2.0000000e+00   9.0000000e+00   3.9000000e+01   5.3583333e+00
   1.9738993e+03   4.6000000e+01   7.1000000e+01   5.1400000e+02   5.1000000e+01   2.5500000e+01   2.7666667e+01   8.6000000e+00   2.0000000e+00   9.0000000e+00   3.5000000e+01   5.3035714e+00
   1.9501921e+03   4.9000000e+01   7.8000000e+01   5.3700000e+02   5.1000000e+01   2.5500000e+01   2.8444444e+01   8.5526316e+00   2.0000000e+00   9.0000000e+00   3.8000000e+01   5.3162393e+00
   9.5600103e+02   3.1000000e+01   4.3000000e+01   2.9500000e+02   4.6000000e+01   2.3000000e+01   2.0625000e+01   6.0952381e+00   2.0000000e+00   8.0000000e+00   2.1000000e+01   5.1408451e+00
   1.6041705e+03   4.7000000e+01   5.8000000e+01   4.1100000e+02   4.9000000e+01   2.4500000e+01   2.2333333e+01   6.4722222e+00   2.0000000e+00   9.0000000e+00   3.6000000e+01   5.2164948e+00
   1.7915340e+03   4.6000000e+01   6.1000000e+01   4.6100000e+02   4.9000000e+01   2.4500000e+01   2.5888889e+01   7.0857143e+00   2.0000000e+00   9.0000000e+00   3.5000000e+01   5.2647059e+00
   2.2214793e+03   4.9000000e+01   8.9000000e+01   5.7400000e+02   5.1000000e+01   2.5500000e+01   2.9333333e+01   9.6315789e+00   2.0000000e+00   9.0000000e+00   3.8000000e+01   5.1968504e+00
   1.6890084e+03   5.4000000e+01   7.0000000e+01   5.2500000e+02   4.9000000e+01   2.4500000e+01   2.4727273e+01   6.9268293e+00   2.0000000e+00   1.1000000e+01   4.1000000e+01   5.5169492e+00
   1.8745991e+03   4.4000000e+01   7.4000000e+01   5.1600000e+02   5.1000000e+01   2.5500000e+01   2.6777778e+01   9.3636364e+00   2.0000000e+00   9.0000000e+00   3.3000000e+01   5.5929204e+00
   1.5021898e+03   4.2000000e+01   6.2000000e+01   4.3000000e+02   4.9000000e+01   2.4500000e+01   2.3222222e+01   7.9354839e+00   2.0000000e+00   9.0000000e+00   3.1000000e+01   5.1938776e+00
   1.5742639e+03   3.7000000e+01   5.7000000e+01   3.8700000e+02   5.2000000e+01   2.6000000e+01   2.2750000e+01   8.3703704e+00   2.0000000e+00   8.0000000e+00   2.7000000e+01   5.3604651e+00
   1.7938801e+03   3.7000000e+01   6.3000000e+01   4.6400000e+02   5.4000000e+01   2.7000000e+01   2.2888889e+01   1.0615385e+01   2.0000000e+00   9.0000000e+00   2.6000000e+01   5.4687500e+00
   2.1038946e+03   4.1000000e+01   7.9000000e+01   4.9800000e+02   5.2000000e+01   2.6000000e+01   2.7875000e+01   9.9354839e+00   2.0000000e+00   8.0000000e+00   3.1000000e+01   5.3818182e+00
   1.1518808e+03   3.3000000e+01   5.1000000e+01   3.7700000e+02   4.7000000e+01   2.3500000e+01   1.9875000e+01   9.7826087e+00   2.0000000e+00   8.0000000e+00   2.3000000e+01   5.5584416e+00
   1.9641691e+03   4.8000000e+01   8.4000000e+01   5.3800000e+02   4.9000000e+01   2.4500000e+01   3.0250000e+01   9.0000000e+00   2.0000000e+00   8.0000000e+00   3.8000000e+01   5.1300813e+00
   1.6493445e+03   4.0000000e+01   7.1000000e+01   5.0400000e+02   5.2000000e+01   2.6000000e+01   3.1714286e+01   1.0129032e+01   2.0000000e+00   7.0000000e+00   3.1000000e+01   5.6250000e+00
   2.1052025e+03   4.2000000e+01   8.2000000e+01   5.4000000e+02   5.5000000e+01   2.7500000e+01   2.8375000e+01   1.1000000e+01   2.0000000e+00   8.0000000e+00   3.2000000e+01   5.3109244e+00
   1.8121848e+03   4.5000000e+01   6.8000000e+01   4.5100000e+02   4.7000000e+01   2.3500000e+01   2.6875000e+01   7.9142857e+00   2.0000000e+00   8.0000000e+00   3.5000000e+01   5.2641509e+00
   2.0454015e+03   4.7000000e+01   7.9000000e+01   5.4100000e+02   5.2000000e+01   2.6000000e+01   2.7555556e+01   9.1666667e+00   2.0000000e+00   9.0000000e+00   3.6000000e+01   5.3362069e+00
   1.8934395e+03   4.6000000e+01   7.1000000e+01   4.8000000e+02   5.0000000e+01   2.5000000e+01   2.7250000e+01   8.1666667e+00   2.0000000e+00   8.0000000e+00   3.6000000e+01   5.2870370e+00
   1.7485854e+03   4.1000000e+01   6.9000000e+01   4.7800000e+02   5.4000000e+01   2.7000000e+01   2.6571429e+01   9.9062500e+00   2.0000000e+00   7.0000000e+00   3.2000000e+01   5.5882353e+00
   1.8093566e+03   4.7000000e+01   7.4000000e+01   5.1600000e+02   5.2000000e+01   2.6000000e+01   2.5777778e+01   8.9444444e+00   2.0000000e+00   9.0000000e+00   3.6000000e+01   5.3333333e+00
   1.7045785e+03   4.1000000e+01   6.9000000e+01   4.6800000e+02   5.2000000e+01   2.6000000e+01   2.9250000e+01   8.5483871e+00   2.0000000e+00   8.0000000e+00   3.1000000e+01   5.2079208e+00
   1.8607736e+03   4.4000000e+01   6.5000000e+01   4.5900000e+02   5.3000000e+01   2.6500000e+01   2.6375000e+01   8.0294118e+00   2.0000000e+00   8.0000000e+00   3.4000000e+01   5.4411765e+00
   1.7554368e+03   4.3000000e+01   6.8000000e+01   4.7700000e+02   5.2000000e+01   2.6000000e+01   2.4222222e+01   8.8125000e+00   2.0000000e+00   9.0000000e+00   3.2000000e+01   5.3076923e+00
   1.6170799e+03   4.3000000e+01   6.8000000e+01   4.9900000e+02   5.1000000e+01   2.5500000e+01   2.8250000e+01   9.0000000e+00   2.0000000e+00   8.0000000e+00   3.3000000e+01   5.4857143e+00
   1.8140818e+03   5.1000000e+01   7.0000000e+01   5.2400000e+02   5.3000000e+01   2.6500000e+01   2.7888889e+01   7.6750000e+00   2.0000000e+00   9.0000000e+00   4.0000000e+01   5.4035088e+00
   1.4105434e+03   3.5000000e+01   6.0000000e+01   4.0500000e+02   4.9000000e+01   2.4500000e+01   2.6000000e+01   9.2692308e+00   2.0000000e+00   7.0000000e+00   2.6000000e+01   5.3750000e+00
   2.0561679e+03   4.4000000e+01   7.1000000e+01   5.0600000e+02   5.0000000e+01   2.5000000e+01   2.7333333e+01   8.9696970e+00   2.0000000e+00   9.0000000e+00   3.3000000e+01   5.3669725e+00
   1.8978689e+03   4.7000000e+01   7.7000000e+01   5.2700000e+02   5.2000000e+01   2.6000000e+01   2.7444444e+01   8.8888889e+00   2.0000000e+00   9.0000000e+00   3.6000000e+01   5.2000000e+00
   1.5238817e+03   3.9000000e+01   5.3000000e+01   4.1000000e+02   5.3000000e+01   2.6500000e+01   2.5750000e+01   7.4827586e+00   2.0000000e+00   8.0000000e+00   2.9000000e+01   5.4022989e+00
   2.0828497e+03   4.6000000e+01   7.7000000e+01   5.3100000e+02   5.2000000e+01   2.6000000e+01   2.7111111e+01   9.3142857e+00   2.0000000e+00   9.0000000e+00   3.5000000e+01   5.3771930e+00
   1.9500125e+03   5.0000000e+01   7.9000000e+01   5.2400000e+02   5.1000000e+01   2.5500000e+01   2.6888889e+01   8.4615385e+00   2.0000000e+00   9.0000000e+00   3.9000000e+01   5.3057851e+00
   1.7062728e+03   3.7000000e+01   6.2000000e+01   4.1900000e+02   5.2000000e+01   2.6000000e+01   2.4714286e+01   9.5357143e+00   2.0000000e+00   7.0000000e+00   2.8000000e+01   5.4000000e+00
   2.0031203e+03   4.4000000e+01   7.2000000e+01   4.8700000e+02   5.0000000e+01   2.5000000e+01   2.5111111e+01   9.1515152e+00   2.0000000e+00   9.0000000e+00   3.3000000e+01   5.3490566e+00
   1.9905189e+03   4.8000000e+01   7.2000000e+01   5.2700000e+02   5.0000000e+01   2.5000000e+01   2.8888889e+01   8.1351351e+00   2.0000000e+00   9.0000000e+00   3.7000000e+01   5.2608696e+00
   1.8739299e+03   4.2000000e+01   7.0000000e+01   5.2300000e+02   5.3000000e+01   2.6500000e+01   2.9250000e+01   9.9687500e+00   2.0000000e+00   8.0000000e+00   3.2000000e+01   5.5769231e+00
   1.7541293e+03   4.1000000e+01   7.0000000e+01   4.5800000e+02   4.9000000e+01   2.4500000e+01   2.7285714e+01   9.1875000e+00   2.0000000e+00   7.0000000e+00   3.2000000e+01   5.2941176e+00
   1.6050937e+03   4.6000000e+01   7.2000000e+01   4.9200000e+02   4.9000000e+01   2.4500000e+01   2.5666667e+01   8.4285714e+00   2.0000000e+00   9.0000000e+00   3.5000000e+01   5.3301887e+00
   2.0529028e+03   4.5000000e+01   7.6000000e+01   5.2300000e+02   5.4000000e+01   2.7000000e+01   2.5600000e+01   9.3030303e+00   2.0000000e+00   1.0000000e+01   3.3000000e+01   5.3539823e+00
   1.8213327e+03   3.9000000e+01   7.0000000e+01   4.3800000e+02   5.3000000e+01   2.6500000e+01   2.5285714e+01   9.6666667e+00   2.0000000e+00   7.0000000e+00   3.0000000e+01   5.1176471e+00
   1.9631547e+03   5.2000000e+01   7.8000000e+01   5.4000000e+02   5.0000000e+01   2.5000000e+01   2.9222222e+01   7.6341463e+00   2.0000000e+00   9.0000000e+00   4.1000000e+01   5.3445378e+00
   1.9109909e+03   4.5000000e+01   7.4000000e+01   5.1500000e+02   5.2000000e+01   2.6000000e+01   2.8000000e+01   8.6764706e+00   2.0000000e+00   9.0000000e+00   3.4000000e+01   5.4128440e+00
   2.4820617e+03   5.8000000e+01   9.1000000e+01   5.8000000e+02   5.4000000e+01   2.7000000e+01   2.7200000e+01   7.8260870e+00   2.0000000e+00   1.0000000e+01   4.6000000e+01   5.1386861e+00
   1.7921777e+03   3.7000000e+01   6.6000000e+01   4.2800000e+02   5.3000000e+01   2.6500000e+01   2.1750000e+01   1.0407407e+01   2.0000000e+00   8.0000000e+00   2.7000000e+01   5.1720430e+00
   9.8569116e+02   3.5000000e+01   4.9000000e+01   3.2800000e+02   4.7000000e+01   2.3500000e+01   2.2000000e+01   6.3600000e+00   2.0000000e+00   8.0000000e+00   2.5000000e+01   5.2631579e+00
   1.6232873e+03   2.1000000e+01   6.1000000e+01   3.6900000e+02   4.5000000e+01   8.0000000e+00   4.2500000e+01   1.9352941e+01   2.0000000e+00   2.0000000e+00   1.7000000e+01   5.3289474e+00
   1.8888722e+03   3.9000000e+01   7.5000000e+01   5.0600000e+02   5.6000000e+01   2.8000000e+01   2.7000000e+01   1.1068966e+01   2.0000000e+00   8.0000000e+00   2.9000000e+01   5.5981308e+00
   2.0190181e+03   4.4000000e+01   8.2000000e+01   5.3800000e+02   5.1000000e+01   2.5500000e+01   2.6750000e+01   1.0676471e+01   2.0000000e+00   8.0000000e+00   3.4000000e+01   5.2416667e+00
   7.3228181e+02   2.9000000e+01   3.9000000e+01   2.7000000e+02   4.6000000e+01   2.3000000e+01   1.9285714e+01   6.8000000e+00   2.0000000e+00   7.0000000e+00   2.0000000e+01   5.4754098e+00
   1.0882299e+03   3.6000000e+01   4.9000000e+01   3.2800000e+02   4.9000000e+01   2.4500000e+01   1.8777778e+01   6.3600000e+00   2.0000000e+00   9.0000000e+00   2.5000000e+01   5.2469136e+00
   2.1723549e+03   5.2000000e+01   8.1000000e+01   6.0000000e+02   4.7000000e+01   2.3500000e+01   2.9800000e+01   8.8750000e+00   2.0000000e+00   1.0000000e+01   4.0000000e+01   5.5905512e+00
   1.7471309e+03   4.4000000e+01   6.5000000e+01   4.3700000e+02   4.6000000e+01   2.3000000e+01   2.4111111e+01   7.6969697e+00   2.0000000e+00   9.0000000e+00   3.3000000e+01   5.1700000e+00
   2.0443885e+03   4.5000000e+01   7.4000000e+01   4.7800000e+02   5.1000000e+01   2.5500000e+01   2.5000000e+01   9.0857143e+00   2.0000000e+00   8.0000000e+00   3.5000000e+01   5.3302752e+00
   7.9832432e+02   3.4000000e+01   4.6000000e+01   3.4800000e+02   4.7000000e+01   2.3500000e+01   2.1875000e+01   7.3750000e+00   2.0000000e+00   8.0000000e+00   2.4000000e+01   5.3648649e+00
   2.1857990e+03   4.4000000e+01   8.2000000e+01   5.3200000e+02   5.3000000e+01   2.6500000e+01   2.7444444e+01   9.9393939e+00   2.0000000e+00   9.0000000e+00   3.3000000e+01   5.3109244e+00
