   8.2993600e+02   2.8000000e+01   4.1000000e+01   5.9900000e+02   5.9000000e+01   2.9500000e+01   3.6500000e+01   1.6611111e+01   2.0000000e+00   8.0000000e+00   1.8000000e+01   1.1384615e+01
   8.6229905e+02   2.8000000e+01   3.7000000e+01   5.4900000e+02   6.4000000e+01   3.2000000e+01   3.6333333e+01   1.5900000e+01   2.0000000e+00   6.0000000e+00   2.0000000e+01   1.1080645e+01
   8.8590401e+02   2.8000000e+01   3.8000000e+01   5.4300000e+02   6.2000000e+01   3.1000000e+01   3.5428571e+01   1.4631579e+01   2.0000000e+00   7.0000000e+00   1.9000000e+01   1.0266667e+01
   9.6045795e+02   2.3000000e+01   4.1000000e+01   5.6400000e+02   6.8000000e+01   3.4000000e+01   4.2600000e+01   2.1312500e+01   2.0000000e+00   5.0000000e+00   1.6000000e+01   1.0803279e+01
   1.0267828e+03   2.7000000e+01   4.4000000e+01   6.0500000e+02   6.1000000e+01   3.0500000e+01   3.8666667e+01   1.9105263e+01   2.0000000e+00   6.0000000e+00   1.9000000e+01   1.1000000e+01
   7.8678908e+02   2.6000000e+01   3.6000000e+01   5.0500000e+02   5.9000000e+01   2.9500000e+01   3.2166667e+01   1.6277778e+01   2.0000000e+00   6.0000000e+00   1.8000000e+01   1.0933333e+01
   1.0074545e+03   2.8000000e+01   4.5000000e+01   5.8900000e+02   6.1000000e+01   3.0500000e+01   3.7500000e+01   1.8000000e+01   2.0000000e+00   6.0000000e+00   2.0000000e+01   1.0600000e+01
   1.5622834e+02   7.0000000e+00   8.0000000e+00   1.3900000e+02   3.6000000e+01   1.7500000e+01   2.5000000e+01   2.0333333e+01   2.0000000e+00   2.0000000e+00   3.0000000e+00   1.1750000e+01
   1.0811832e+03   2.6000000e+01   4.5000000e+01   5.9700000e+02   6.3000000e+01   3.1500000e+01   3.8500000e+01   1.9777778e+01   2.0000000e+00   6.0000000e+00   1.8000000e+01   1.0701493e+01
   7.6804041e+02   2.6000000e+01   3.7000000e+01   5.4800000e+02   6.0000000e+01   3.0000000e+01   3.9833333e+01   1.6166667e+01   2.0000000e+00   6.0000000e+00   1.8000000e+01   1.1150000e+01
   8.3504671e+02   2.5000000e+01   4.0000000e+01   5.5600000e+02   6.6000000e+01   3.3000000e+01   4.2000000e+01   1.7944444e+01   2.0000000e+00   5.0000000e+00   1.8000000e+01   1.1163934e+01
   1.0561212e+03   3.0000000e+01   4.4000000e+01   5.8300000e+02   6.0000000e+01   3.0000000e+01   3.7714286e+01   1.5000000e+01   2.0000000e+00   7.0000000e+00   2.1000000e+01   1.0420290e+01
   7.9110864e+02   2.8000000e+01   4.0000000e+01   6.1100000e+02   6.5000000e+01   3.2500000e+01   3.7833333e+01   1.8250000e+01   2.0000000e+00   6.0000000e+00   2.0000000e+01   1.1968750e+01
   1.3274256e+02   8.0000000e+00   6.0000000e+00   1.2300000e+02   4.6000000e+01   2.3000000e+01   1.3000000e+01   1.5000000e+01   2.0000000e+00   4.0000000e+00   2.0000000e+00   1.0500000e+01
   8.9202463e+02   2.6000000e+01   3.8000000e+01   5.4300000e+02   5.9000000e+01   2.9500000e+01   3.3428571e+01   1.7294118e+01   2.0000000e+00   7.0000000e+00   1.7000000e+01   1.0901639e+01
   8.0830330e+02   2.6000000e+01   4.0000000e+01   5.5500000e+02   5.9000000e+01   2.9500000e+01   4.1000000e+01   1.7842105e+01   2.0000000e+00   5.0000000e+00   1.9000000e+01   1.1096774e+01
   5.0656215e+02   1.8000000e+01   3.0000000e+01   4.1800000e+02   5.7000000e+01   2.8500000e+01   4.0000000e+01   1.9333333e+01   2.0000000e+00   4.0000000e+00   1.2000000e+01   1.1239130e+01
   7.5696142e+02   2.3000000e+01   3.0000000e+01   4.3200000e+02   6.2000000e+01   3.1000000e+01   3.1000000e+01   1.4933333e+01   2.0000000e+00   6.0000000e+00   1.5000000e+01   1.0620000e+01
   9.4497813e+02   2.6000000e+01   4.3000000e+01   5.6000000e+02   6.0000000e+01   3.0000000e+01   4.2600000e+01   1.7789474e+01   2.0000000e+00   5.0000000e+00   1.9000000e+01   1.1015152e+01
   7.6621774e+02   2.4000000e+01   3.3000000e+01   4.7500000e+02   6.4000000e+01   3.2000000e+01   3.7600000e+01   1.5588235e+01   2.0000000e+00   5.0000000e+00   1.7000000e+01   1.1153846e+01
   6.9636664e+02   2.0000000e+01   3.6000000e+01   5.0000000e+02   6.5000000e+01   3.2500000e+01   3.1285714e+01   2.3090909e+01   2.0000000e+00   7.0000000e+00   1.1000000e+01   1.1396226e+01
   1.0205622e+03   2.9000000e+01   4.7000000e+01   6.3800000e+02   6.4000000e+01   3.2000000e+01   3.8857143e+01   1.7700000e+01   2.0000000e+00   7.0000000e+00   2.0000000e+01   1.0828571e+01
   9.4959317e+02   2.6000000e+01   4.2000000e+01   5.5000000e+02   6.0000000e+01   3.0000000e+01   3.6666667e+01   1.7833333e+01   2.0000000e+00   6.0000000e+00   1.8000000e+01   1.0742424e+01
   1.1050253e+03   2.9000000e+01   4.4000000e+01   5.7700000e+02   6.0000000e+01   3.0000000e+01   3.8000000e+01   1.6714286e+01   2.0000000e+00   6.0000000e+00   2.1000000e+01   1.0739130e+01
   9.5833361e+02   2.7000000e+01   4.2000000e+01   5.6700000e+02   6.8000000e+01   3.4000000e+01   4.0800000e+01   1.7300000e+01   2.0000000e+00   5.0000000e+00   2.0000000e+01   1.1296875e+01
   9.8216803e+02   3.1000000e+01   4.2000000e+01   5.9200000e+02   6.0000000e+01   3.0000000e+01   3.4000000e+01   1.4761905e+01   2.0000000e+00   8.0000000e+00   2.1000000e+01   1.0642857e+01
   6.8421612e+02   2.2000000e+01   3.2000000e+01   4.7000000e+02   6.6000000e+01   3.3000000e+01   3.0833333e+01   1.7928571e+01   2.0000000e+00   6.0000000e+00   1.4000000e+01   1.1235294e+01
   7.1617725e+02   2.6000000e+01   3.1000000e+01   4.6200000e+02   5.5000000e+01   2.7500000e+01   2.8714286e+01   1.5000000e+01   2.0000000e+00   7.0000000e+00   1.7000000e+01   1.1185185e+01
   5.5042567e+02   1.9000000e+01   3.2000000e+01   4.5000000e+02   6.7000000e+01   3.3500000e+01   3.6800000e+01   1.9583333e+01   2.0000000e+00   5.0000000e+00   1.2000000e+01   1.1791667e+01
   3.5574305e+02   1.2000000e+01   1.9000000e+01   2.5800000e+02   4.4000000e+01   1.6000000e+01   4.3000000e+01   2.0125000e+01   2.0000000e+00   2.0000000e+00   8.0000000e+00   1.0724138e+01
   5.1305771e+02   2.0000000e+01   2.6000000e+01   4.0300000e+02   6.4000000e+01   3.2000000e+01   3.5600000e+01   1.4769231e+01   2.0000000e+00   5.0000000e+00   1.3000000e+01   1.1534884e+01
   1.3772021e+02   7.0000000e+00   6.0000000e+00   1.1700000e+02   3.9000000e+01   1.9500000e+01   1.8666667e+01   1.3500000e+01   2.0000000e+00   3.0000000e+00   2.0000000e+00   1.0636364e+01
   4.5862442e+02   1.9000000e+01   2.6000000e+01   3.8200000e+02   6.1000000e+01   3.0500000e+01   3.7250000e+01   1.5307692e+01   2.0000000e+00   4.0000000e+00   1.3000000e+01   1.1023256e+01
   4.9894088e+02   2.5000000e+01   2.8000000e+01   3.7900000e+02   5.4000000e+01   2.7000000e+01   2.9833333e+01   1.0176471e+01   2.0000000e+00   6.0000000e+00   1.7000000e+01   1.0708333e+01
   5.2697714e+02   1.9000000e+01   2.9000000e+01   4.0000000e+02   5.8000000e+01   2.9000000e+01   3.3400000e+01   1.7166667e+01   2.0000000e+00   5.0000000e+00   1.2000000e+01   1.1227273e+01
   7.2086461e+02   2.9000000e+01   3.6000000e+01   5.4900000e+02   5.5000000e+01   2.7500000e+01   3.5428571e+01   1.4450000e+01   2.0000000e+00   7.0000000e+00   2.0000000e+01   1.1253968e+01
   1.0267197e+03   3.0000000e+01   4.5000000e+01   5.7600000e+02   5.9000000e+01   2.9500000e+01   3.5142857e+01   1.5476190e+01   2.0000000e+00   7.0000000e+00   2.1000000e+01   1.0628571e+01
   7.5223788e+02   2.9000000e+01   4.1000000e+01   6.1500000e+02   6.0000000e+01   3.0000000e+01   3.7428571e+01   1.7050000e+01   2.0000000e+00   7.0000000e+00   2.0000000e+01   1.0865672e+01
   3.1969835e+02   1.5000000e+01   1.8000000e+01   2.8600000e+02   5.6000000e+01   2.8000000e+01   3.1000000e+01   1.3888889e+01   2.0000000e+00   4.0000000e+00   9.0000000e+00   1.1862069e+01
   5.3103051e+02   2.3000000e+01   3.0000000e+01   4.2300000e+02   5.7000000e+01   2.8500000e+01   3.0666667e+01   1.4133333e+01   2.0000000e+00   6.0000000e+00   1.5000000e+01   1.0500000e+01
   9.8803949e+02   2.8000000e+01   4.3000000e+01   6.0000000e+02   5.9000000e+01   2.9500000e+01   4.1000000e+01   1.7350000e+01   2.0000000e+00   6.0000000e+00   2.0000000e+01   1.1090909e+01
   9.2991944e+02   3.0000000e+01   4.1000000e+01   6.0700000e+02   6.0000000e+01   3.0000000e+01   3.6571429e+01   1.6142857e+01   2.0000000e+00   7.0000000e+00   2.1000000e+01   1.1173913e+01
   1.1100882e+02   7.0000000e+00   6.0000000e+00   1.2700000e+02   3.4000000e+01   1.7000000e+01   2.0000000e+01   1.9000000e+01   2.0000000e+00   3.0000000e+00   2.0000000e+00   1.1545455e+01
   5.7904534e+02   1.9000000e+01   3.0000000e+01   4.6000000e+02   6.7000000e+01   3.3500000e+01   3.2000000e+01   2.1636364e+01   2.0000000e+00   6.0000000e+00   1.1000000e+01   1.1933333e+01
   6.9610655e+02   2.1000000e+01   3.3000000e+01   4.7800000e+02   6.1000000e+01   3.0500000e+01   4.2500000e+01   1.9266667e+01   2.0000000e+00   4.0000000e+00   1.5000000e+01   1.1115385e+01
   9.6068822e+02   2.5000000e+01   4.2000000e+01   5.4500000e+02   6.3000000e+01   3.1500000e+01   3.6500000e+01   1.8411765e+01   2.0000000e+00   6.0000000e+00   1.7000000e+01   1.0793651e+01
   4.7819346e+02   2.2000000e+01   2.8000000e+01   3.7700000e+02   5.9000000e+01   2.9500000e+01   2.9666667e+01   1.2285714e+01   2.0000000e+00   6.0000000e+00   1.4000000e+01   1.0666667e+01
   3.2225127e+02   1.6000000e+01   1.9000000e+01   3.0800000e+02   5.9000000e+01   2.9500000e+01   3.4000000e+01   1.3100000e+01   2.0000000e+00   4.0000000e+00   1.0000000e+01   1.1343750e+01
   1.0989193e+03   3.1000000e+01   4.6000000e+01   6.0400000e+02   6.4000000e+01   3.2000000e+01   3.8428571e+01   1.5000000e+01   2.0000000e+00   7.0000000e+00   2.2000000e+01   1.0554054e+01
   1.0427008e+03   2.4000000e+01   4.3000000e+01   6.0200000e+02   6.5000000e+01   3.2500000e+01   4.1000000e+01   2.2470588e+01   2.0000000e+00   5.0000000e+00   1.7000000e+01   1.0707692e+01
   8.9108422e+02   2.7000000e+01   4.2000000e+01   5.8900000e+02   6.3000000e+01   3.1500000e+01   4.0500000e+01   1.7631579e+01   2.0000000e+00   6.0000000e+00   1.9000000e+01   1.1666667e+01
   5.9091042e+02   2.6000000e+01   3.3000000e+01   4.4800000e+02   5.4000000e+01   2.7000000e+01   3.0428571e+01   1.2941176e+01   2.0000000e+00   7.0000000e+00   1.7000000e+01   1.0732143e+01
   1.5667305e+02   8.0000000e+00   7.0000000e+00   1.2500000e+02   4.9000000e+01   2.4500000e+01   1.5500000e+01   1.0000000e+01   2.0000000e+00   4.0000000e+00   2.0000000e+00   1.0230769e+01
   8.5655476e+02   2.8000000e+01   4.1000000e+01   5.6900000e+02   6.0000000e+01   3.0000000e+01   3.6833333e+01   1.6650000e+01   2.0000000e+00   6.0000000e+00   2.0000000e+01   1.0923077e+01
   4.8886125e+02   2.1000000e+01   2.8000000e+01   3.7900000e+02   6.1000000e+01   3.0500000e+01   3.0500000e+01   1.2769231e+01   2.0000000e+00   6.0000000e+00   1.3000000e+01   1.0826087e+01
   2.3259893e+02   1.3000000e+01   1.6000000e+01   2.2500000e+02   4.4000000e+01   2.2000000e+01   2.5500000e+01   1.3428571e+01   2.0000000e+00   4.0000000e+00   7.0000000e+00   1.1111111e+01
   1.8323688e+02   1.2000000e+01   1.3000000e+01   2.2300000e+02   5.0000000e+01   2.5000000e+01   2.4250000e+01   1.4666667e+01   2.0000000e+00   4.0000000e+00   6.0000000e+00   1.2772727e+01
   9.2094443e+02   2.7000000e+01   3.2000000e+01   4.6000000e+02   5.8000000e+01   2.9000000e+01   3.1571429e+01   1.2444444e+01   2.0000000e+00   7.0000000e+00   1.8000000e+01   1.0578947e+01
   8.5858796e+02   2.7000000e+01   4.0000000e+01   4.9600000e+02   6.2000000e+01   3.1000000e+01   3.1666667e+01   1.5789474e+01   2.0000000e+00   6.0000000e+00   1.9000000e+01   1.0403226e+01
   7.7025027e+02   2.6000000e+01   3.9000000e+01   5.5200000e+02   6.3000000e+01   3.1500000e+01   4.2800000e+01   1.7052632e+01   2.0000000e+00   5.0000000e+00   1.9000000e+01   1.0854839e+01
   8.1623860e+02   2.6000000e+01   3.5000000e+01   5.3300000e+02   6.5000000e+01   3.2500000e+01   3.5000000e+01   1.6722222e+01   2.0000000e+00   6.0000000e+00   1.8000000e+01   1.1525424e+01
   7.6355309e+02   2.2000000e+01   3.8000000e+01   5.4000000e+02   6.5000000e+01   3.2500000e+01   4.2600000e+01   2.0666667e+01   2.0000000e+00   5.0000000e+00   1.5000000e+01   1.1701754e+01
   1.4092018e+02   9.0000000e+00   7.0000000e+00   1.5000000e+02   5.3000000e+01   2.6500000e+01   1.6000000e+01   1.1500000e+01   2.0000000e+00   5.0000000e+00   2.0000000e+00   1.1142857e+01
   4.6463072e+02   2.0000000e+01   2.6000000e+01   3.8900000e+02   6.0000000e+01   3.0000000e+01   3.2400000e+01   1.5153846e+01   2.0000000e+00   5.0000000e+00   1.3000000e+01   1.1395349e+01
   8.2193451e+02   2.6000000e+01   3.5000000e+01   5.3500000e+02   6.5000000e+01   3.2500000e+01   3.7600000e+01   1.6947368e+01   2.0000000e+00   5.0000000e+00   1.9000000e+01   1.1526316e+01
   4.3327192e+02   1.6000000e+01   2.7000000e+01   3.7600000e+02   5.9000000e+01   2.9500000e+01   3.9250000e+01   1.9000000e+01   2.0000000e+00   4.0000000e+00   1.0000000e+01   1.1184211e+01
   7.1691958e+02   2.4000000e+01   3.9000000e+01   5.6500000e+02   6.6000000e+01   3.3000000e+01   3.8200000e+01   2.0529412e+01   2.0000000e+00   5.0000000e+00   1.7000000e+01   1.1631579e+01
   7.4303877e+02   2.5000000e+01   3.7000000e+01   5.2200000e+02   6.1000000e+01   3.0500000e+01   3.0857143e+01   1.7812500e+01   2.0000000e+00   7.0000000e+00   1.6000000e+01   1.0706897e+01
   1.3825631e+02   8.0000000e+00   6.0000000e+00   1.4000000e+02   3.6000000e+01   1.8000000e+01   2.4666667e+01   1.1666667e+01   2.0000000e+00   3.0000000e+00   3.0000000e+00   1.1666667e+01
   1.0940800e+02   7.0000000e+00   6.0000000e+00   9.9000000e+01   2.9000000e+01   1.4000000e+01   1.9500000e+01   1.2333333e+01   2.0000000e+00   2.0000000e+00   3.0000000e+00   9.5454545e+00
   8.2224421e+02   2.0000000e+01   3.5000000e+01   4.6000000e+02   6.9000000e+01   3.4500000e+01   3.1800000e+01   2.0538462e+01   2.0000000e+00   5.0000000e+00   1.3000000e+01   1.0692308e+01
   1.7768624e+02   1.0000000e+01   1.2000000e+01   1.4200000e+02   4.6000000e+01   2.3000000e+01   1.8500000e+01   8.2500000e+00   2.0000000e+00   4.0000000e+00   4.0000000e+00   9.2777778e+00
   9.4034530e+02   2.7000000e+01   4.1000000e+01   5.5600000e+02   6.2000000e+01   3.1000000e+01   3.8000000e+01   1.6473684e+01   2.0000000e+00   6.0000000e+00   1.9000000e+01   1.0859375e+01
   4.6818588e+02   1.3000000e+01   2.2000000e+01   3.2500000e+02   6.3000000e+01   1.5500000e+01   5.4000000e+01   2.3111111e+01   2.0000000e+00   2.0000000e+00   9.0000000e+00   1.1636364e+01
   9.6480909e+02   2.5000000e+01   4.4000000e+01   6.0000000e+02   6.7000000e+01   3.3500000e+01   4.2000000e+01   2.0500000e+01   2.0000000e+00   5.0000000e+00   1.8000000e+01   1.0909091e+01
   1.5942733e+02   8.0000000e+00   7.0000000e+00   1.3100000e+02   4.3000000e+01   2.1500000e+01   1.7750000e+01   1.1500000e+01   2.0000000e+00   4.0000000e+00   2.0000000e+00   1.0615385e+01
   1.1543726e+02   7.0000000e+00   8.0000000e+00   1.3600000e+02   4.4000000e+01   2.2000000e+01   1.9333333e+01   2.0500000e+01   2.0000000e+00   3.0000000e+00   2.0000000e+00   1.1153846e+01
   5.4786684e+02   2.8000000e+01   3.0000000e+01   4.4000000e+02   5.3000000e+01   2.6500000e+01   3.2666667e+01   1.1250000e+01   2.0000000e+00   6.0000000e+00   2.0000000e+01   1.0792453e+01
   1.1084941e+02   7.0000000e+00   7.0000000e+00   1.1200000e+02   3.1000000e+01   1.5500000e+01   2.1000000e+01   1.5333333e+01   2.0000000e+00   2.0000000e+00   3.0000000e+00   1.0416667e+01
   7.9829017e+02   2.5000000e+01   4.0000000e+01   5.5800000e+02   6.4000000e+01   3.2000000e+01   3.9833333e+01   1.7823529e+01   2.0000000e+00   6.0000000e+00   1.7000000e+01   1.1098361e+01
   9.8759040e+02   3.4000000e+01   4.5000000e+01   6.2100000e+02   5.7000000e+01   2.8500000e+01   3.5875000e+01   1.3708333e+01   2.0000000e+00   8.0000000e+00   2.4000000e+01   1.1055556e+01
   3.9742242e+02   2.2000000e+01   2.4000000e+01   3.9600000e+02   5.9000000e+01   2.9500000e+01   3.1166667e+01   1.2357143e+01   2.0000000e+00   6.0000000e+00   1.4000000e+01   1.1627907e+01
   9.6061005e+02   2.4000000e+01   3.9000000e+01   5.6500000e+02   6.8000000e+01   3.4000000e+01   3.8333333e+01   1.9562500e+01   2.0000000e+00   6.0000000e+00   1.6000000e+01   1.1483333e+01
   4.5724632e+02   2.3000000e+01   2.9000000e+01   4.1500000e+02   5.9000000e+01   2.9500000e+01   3.6000000e+01   1.2937500e+01   2.0000000e+00   5.0000000e+00   1.6000000e+01   1.1212766e+01
   8.6503425e+02   2.4000000e+01   3.7000000e+01   5.1500000e+02   6.5000000e+01   3.2500000e+01   3.5666667e+01   1.7437500e+01   2.0000000e+00   6.0000000e+00   1.6000000e+01   1.1568966e+01
   1.1555798e+03   2.5000000e+01   4.6000000e+01   6.3500000e+02   6.3000000e+01   3.1500000e+01   4.0833333e+01   2.2411765e+01   2.0000000e+00   6.0000000e+00   1.7000000e+01   1.0955224e+01
   8.6937593e+02   2.7000000e+01   3.9000000e+01   5.6000000e+02   6.1000000e+01   3.0500000e+01   4.0600000e+01   1.7200000e+01   2.0000000e+00   5.0000000e+00   2.0000000e+01   1.1131148e+01
   8.0849280e+02   2.4000000e+01   3.7000000e+01   5.0400000e+02   6.0000000e+01   3.0000000e+01   4.2400000e+01   1.6294118e+01   2.0000000e+00   5.0000000e+00   1.7000000e+01   1.0929825e+01
   1.0997122e+03   2.9000000e+01   4.7000000e+01   6.1200000e+02   6.4000000e+01   3.2000000e+01   3.8833333e+01   1.7476190e+01   2.0000000e+00   6.0000000e+00   2.1000000e+01   1.0842857e+01
   8.8585011e+02   2.8000000e+01   4.2000000e+01   6.0800000e+02   6.4000000e+01   3.2000000e+01   3.9333333e+01   1.7800000e+01   2.0000000e+00   6.0000000e+00   2.0000000e+01   1.1238095e+01
   9.1656422e+02   2.5000000e+01   3.5000000e+01   4.4900000e+02   6.0000000e+01   3.0000000e+01   3.3200000e+01   1.4888889e+01   2.0000000e+00   5.0000000e+00   1.8000000e+01   1.0196429e+01
   9.2400259e+02   2.9000000e+01   4.4000000e+01   6.0700000e+02   5.9000000e+01   2.9500000e+01   4.0833333e+01   1.7000000e+01   2.0000000e+00   6.0000000e+00   2.1000000e+01   1.0927536e+01
   2.3870564e+02   1.6000000e+01   1.8000000e+01   2.7900000e+02   5.0000000e+01   2.5000000e+01   2.2200000e+01   1.5000000e+01   2.0000000e+00   5.0000000e+00   9.0000000e+00   1.1741935e+01
   1.1485431e+03   2.8000000e+01   4.3000000e+01   5.8900000e+02   6.3000000e+01   3.1500000e+01   4.0500000e+01   1.6500000e+01   2.0000000e+00   6.0000000e+00   2.0000000e+01   1.0651515e+01
   8.6142807e+02   2.5000000e+01   4.0000000e+01   5.4400000e+02   5.9000000e+01   2.9500000e+01   4.1000000e+01   1.8222222e+01   2.0000000e+00   5.0000000e+00   1.8000000e+01   1.0816667e+01
   8.8274054e+02   2.6000000e+01   3.8000000e+01   5.9700000e+02   6.3000000e+01   3.1500000e+01   4.0333333e+01   1.8666667e+01   2.0000000e+00   6.0000000e+00   1.8000000e+01   1.1370968e+01
   8.0981547e+02   2.3000000e+01   3.6000000e+01   5.2000000e+02   6.6000000e+01   3.3000000e+01   3.6500000e+01   1.8600000e+01   2.0000000e+00   6.0000000e+00   1.5000000e+01   1.1090909e+01
   9.8596252e+02   2.5000000e+01   4.3000000e+01   6.1500000e+02   6.4000000e+01   3.2000000e+01   4.4000000e+01   2.1166667e+01   2.0000000e+00   5.0000000e+00   1.8000000e+01   1.1500000e+01
   9.4302555e+02   2.7000000e+01   4.2000000e+01   5.4400000e+02   6.2000000e+01   3.1000000e+01   3.0714286e+01   1.7222222e+01   2.0000000e+00   7.0000000e+00   1.8000000e+01   1.0328125e+01
   8.2276980e+02   2.4000000e+01   3.2000000e+01   4.8700000e+02   5.9000000e+01   2.9500000e+01   3.3166667e+01   1.6375000e+01   2.0000000e+00   6.0000000e+00   1.6000000e+01   1.0981481e+01
