   9.7518286e+02   2.2000000e+01   3.5000000e+01   5.0600000e+02   6.5000000e+01   3.2500000e+01   3.1714286e+01   2.0000000e+01   2.0000000e+00   7.0000000e+00   1.3000000e+01   1.1796296e+01
   8.6657335e+02   2.1000000e+01   3.2000000e+01   4.6200000e+02   7.0000000e+01   3.5000000e+01   3.6400000e+01   1.8142857e+01   2.0000000e+00   5.0000000e+00   1.4000000e+01   1.1627451e+01
   8.8558618e+02   2.3000000e+01   3.6000000e+01   5.6400000e+02   6.9000000e+01   3.4500000e+01   3.7166667e+01   2.0933333e+01   2.0000000e+00   6.0000000e+00   1.5000000e+01   1.1964286e+01
   9.8534276e+02   2.2000000e+01   3.7000000e+01   5.3900000e+02   6.7000000e+01   3.3500000e+01   4.0600000e+01   2.0933333e+01   2.0000000e+00   5.0000000e+00   1.5000000e+01   1.1910714e+01
   6.2149255e+02   1.7000000e+01   2.9000000e+01   4.5200000e+02   6.9000000e+01   3.4500000e+01   4.0750000e+01   2.3090909e+01   2.0000000e+00   4.0000000e+00   1.1000000e+01   1.2204545e+01
   9.2345345e+02   2.9000000e+01   3.9000000e+01   6.0100000e+02   6.4000000e+01   3.2000000e+01   3.9666667e+01   1.6380952e+01   2.0000000e+00   6.0000000e+00   2.1000000e+01   1.1812500e+01
   8.9433650e+02   2.5000000e+01   3.5000000e+01   5.8400000e+02   6.4000000e+01   3.2000000e+01   3.9666667e+01   1.9176471e+01   2.0000000e+00   6.0000000e+00   1.7000000e+01   1.2491228e+01
   9.0556214e+02   2.5000000e+01   3.5000000e+01   5.6000000e+02   6.5000000e+01   3.2500000e+01   3.4833333e+01   1.9294118e+01   2.0000000e+00   6.0000000e+00   1.7000000e+01   1.2210526e+01
   9.4501002e+02   2.7000000e+01   4.4000000e+01   6.4400000e+02   6.7000000e+01   3.3500000e+01   4.1833333e+01   1.9736842e+01   2.0000000e+00   6.0000000e+00   1.9000000e+01   1.2149254e+01
   7.8082668e+02   2.3000000e+01   3.4000000e+01   5.2700000e+02   6.5000000e+01   3.2500000e+01   4.2600000e+01   1.8437500e+01   2.0000000e+00   5.0000000e+00   1.6000000e+01   1.2320755e+01
   9.6369946e+02   2.3000000e+01   4.1000000e+01   5.5800000e+02   6.7000000e+01   3.3500000e+01   4.3800000e+01   1.9937500e+01   2.0000000e+00   5.0000000e+00   1.6000000e+01   1.1403226e+01
   8.2799209e+02   2.4000000e+01   4.0000000e+01   5.7400000e+02   6.8000000e+01   3.4000000e+01   4.4800000e+01   1.9647059e+01   2.0000000e+00   5.0000000e+00   1.7000000e+01   1.1949153e+01
   9.3431863e+02   2.2000000e+01   3.9000000e+01   6.0600000e+02   6.7000000e+01   3.3500000e+01   4.7250000e+01   2.4437500e+01   2.0000000e+00   4.0000000e+00   1.6000000e+01   1.2421053e+01
   1.1207265e+03   2.4000000e+01   4.3000000e+01   5.9600000e+02   6.9000000e+01   3.4500000e+01   4.5750000e+01   2.1833333e+01   2.0000000e+00   4.0000000e+00   1.8000000e+01   1.1125000e+01
   8.9141460e+02   2.2000000e+01   3.8000000e+01   5.9400000e+02   7.3000000e+01   3.6500000e+01   4.5800000e+01   2.2400000e+01   2.0000000e+00   5.0000000e+00   1.5000000e+01   1.2298246e+01
   9.6986127e+02   2.3000000e+01   3.7000000e+01   5.2300000e+02   6.9000000e+01   3.4500000e+01   3.2833333e+01   1.9933333e+01   2.0000000e+00   6.0000000e+00   1.5000000e+01   1.1589286e+01
   5.4880371e+02   2.2000000e+01   2.5000000e+01   4.2600000e+02   6.1000000e+01   3.0500000e+01   3.4833333e+01   1.3214286e+01   2.0000000e+00   6.0000000e+00   1.4000000e+01   1.2681818e+01
   1.0151171e+03   2.1000000e+01   4.1000000e+01   5.6100000e+02   6.9000000e+01   3.4500000e+01   4.3800000e+01   2.2857143e+01   2.0000000e+00   5.0000000e+00   1.4000000e+01   1.1551724e+01
   8.2218720e+02   2.4000000e+01   3.4000000e+01   5.9300000e+02   6.5000000e+01   3.2500000e+01   4.5600000e+01   1.9647059e+01   2.0000000e+00   5.0000000e+00   1.7000000e+01   1.2218182e+01
   7.6719627e+02   2.5000000e+01   3.6000000e+01   5.6900000e+02   6.7000000e+01   3.3500000e+01   3.9166667e+01   1.8235294e+01   2.0000000e+00   6.0000000e+00   1.7000000e+01   1.1827586e+01
   7.8402600e+02   2.8000000e+01   3.6000000e+01   5.9700000e+02   6.6000000e+01   3.3000000e+01   3.9833333e+01   1.6400000e+01   2.0000000e+00   6.0000000e+00   2.0000000e+01   1.2426230e+01
   8.2395726e+02   2.6000000e+01   3.6000000e+01   5.4800000e+02   6.0000000e+01   3.0000000e+01   3.2857143e+01   1.7411765e+01   2.0000000e+00   7.0000000e+00   1.7000000e+01   1.2189655e+01
   9.9475359e+02   3.0000000e+01   3.6000000e+01   5.5600000e+02   6.2000000e+01   3.1000000e+01   3.3857143e+01   1.4047619e+01   2.0000000e+00   7.0000000e+00   2.1000000e+01   1.1548387e+01
   9.2413033e+02   2.8000000e+01   3.8000000e+01   6.2400000e+02   6.6000000e+01   3.3000000e+01   3.5625000e+01   1.7666667e+01   2.0000000e+00   8.0000000e+00   1.8000000e+01   1.2317460e+01
   1.0177474e+03   2.4000000e+01   4.2000000e+01   6.1500000e+02   6.8000000e+01   3.4000000e+01   4.3600000e+01   2.2058824e+01   2.0000000e+00   5.0000000e+00   1.7000000e+01   1.1967742e+01
   5.8886591e+02   1.9000000e+01   3.6000000e+01   5.1400000e+02   7.5000000e+01   3.7500000e+01   3.7000000e+01   2.4833333e+01   2.0000000e+00   5.0000000e+00   1.2000000e+01   1.2019608e+01
   8.5123633e+02   2.6000000e+01   3.5000000e+01   5.4100000e+02   7.0000000e+01   3.5000000e+01   3.6833333e+01   1.5888889e+01   2.0000000e+00   6.0000000e+00   1.8000000e+01   1.1877193e+01
   9.0517186e+02   2.4000000e+01   3.8000000e+01   5.6100000e+02   6.8000000e+01   3.4000000e+01   4.4400000e+01   1.8529412e+01   2.0000000e+00   5.0000000e+00   1.7000000e+01   1.2100000e+01
   6.9584317e+02   1.9000000e+01   3.1000000e+01   4.5000000e+02   7.0000000e+01   3.5000000e+01   3.2800000e+01   2.0583333e+01   2.0000000e+00   5.0000000e+00   1.2000000e+01   1.1659574e+01
   1.2201813e+03   2.4000000e+01   4.4000000e+01   6.0400000e+02   6.7000000e+01   3.3500000e+01   3.7833333e+01   2.2375000e+01   2.0000000e+00   6.0000000e+00   1.6000000e+01   1.1333333e+01
   9.9835641e+02   2.4000000e+01   3.9000000e+01   5.8800000e+02   6.5000000e+01   3.2500000e+01   3.7333333e+01   2.1500000e+01   2.0000000e+00   6.0000000e+00   1.6000000e+01   1.1813559e+01
   9.6180504e+02   2.2000000e+01   3.7000000e+01   5.4100000e+02   7.2000000e+01   3.6000000e+01   4.1800000e+01   2.0866667e+01   2.0000000e+00   5.0000000e+00   1.5000000e+01   1.1821429e+01
   7.7185839e+02   1.7000000e+01   3.0000000e+01   4.2300000e+02   6.6000000e+01   3.3000000e+01   3.5750000e+01   2.2636364e+01   2.0000000e+00   4.0000000e+00   1.1000000e+01   1.2232558e+01
   9.4508166e+02   2.1000000e+01   3.8000000e+01   5.6900000e+02   7.0000000e+01   3.5000000e+01   4.1400000e+01   2.3785714e+01   2.0000000e+00   5.0000000e+00   1.4000000e+01   1.2400000e+01
   9.3208629e+02   3.0000000e+01   3.5000000e+01   5.3900000e+02   6.0000000e+01   3.0000000e+01   3.0125000e+01   1.3900000e+01   2.0000000e+00   8.0000000e+00   2.0000000e+01   1.1619048e+01
   9.2292674e+02   2.5000000e+01   3.2000000e+01   5.1400000e+02   6.6000000e+01   3.3000000e+01   3.9833333e+01   1.4647059e+01   2.0000000e+00   6.0000000e+00   1.7000000e+01   1.1222222e+01
   1.0506558e+03   2.2000000e+01   3.9000000e+01   5.7600000e+02   7.5000000e+01   3.7500000e+01   3.6833333e+01   2.3000000e+01   2.0000000e+00   6.0000000e+00   1.4000000e+01   1.1830508e+01
   8.3027960e+02   1.9000000e+01   3.0000000e+01   5.2600000e+02   7.1000000e+01   3.5500000e+01   4.1600000e+01   2.3250000e+01   2.0000000e+00   5.0000000e+00   1.2000000e+01   1.2553191e+01
   7.6675126e+02   2.1000000e+01   3.5000000e+01   5.6300000e+02   6.7000000e+01   3.3500000e+01   4.3400000e+01   2.2571429e+01   2.0000000e+00   5.0000000e+00   1.4000000e+01   1.2288462e+01
   7.4290879e+02   2.1000000e+01   3.5000000e+01   5.4700000e+02   6.3000000e+01   3.1500000e+01   4.3200000e+01   2.1714286e+01   2.0000000e+00   5.0000000e+00   1.4000000e+01   1.2269231e+01
   9.7335197e+02   2.7000000e+01   3.7000000e+01   5.6300000e+02   6.6000000e+01   3.3000000e+01   4.0500000e+01   1.5631579e+01   2.0000000e+00   6.0000000e+00   1.9000000e+01   1.1300000e+01
   6.4545094e+02   2.2000000e+01   3.3000000e+01   4.8300000e+02   6.5000000e+01   3.2500000e+01   3.5000000e+01   1.7428571e+01   2.0000000e+00   6.0000000e+00   1.4000000e+01   1.1530612e+01
   1.0040472e+03   2.4000000e+01   4.0000000e+01   6.0400000e+02   6.5000000e+01   3.2500000e+01   3.6571429e+01   2.1933333e+01   2.0000000e+00   7.0000000e+00   1.5000000e+01   1.2116667e+01
   9.0640679e+02   2.9000000e+01   3.9000000e+01   6.1100000e+02   6.4000000e+01   3.2000000e+01   3.6000000e+01   1.7000000e+01   2.0000000e+00   7.0000000e+00   2.0000000e+01   1.1833333e+01
   8.2533442e+02   2.3000000e+01   3.8000000e+01   5.7500000e+02   6.7000000e+01   3.3500000e+01   4.5200000e+01   2.0500000e+01   2.0000000e+00   5.0000000e+00   1.6000000e+01   1.2660714e+01
   1.1063395e+03   2.8000000e+01   4.2000000e+01   6.0200000e+02   6.3000000e+01   3.1500000e+01   3.7571429e+01   1.7578947e+01   2.0000000e+00   7.0000000e+00   1.9000000e+01   1.1953846e+01
   9.9745696e+02   2.7000000e+01   4.0000000e+01   6.2600000e+02   6.1000000e+01   3.0500000e+01   3.7714286e+01   1.9500000e+01   2.0000000e+00   7.0000000e+00   1.8000000e+01   1.2046875e+01
   6.1642913e+02   2.0000000e+01   3.8000000e+01   5.9100000e+02   7.4000000e+01   3.7000000e+01   4.2600000e+01   2.6538462e+01   2.0000000e+00   5.0000000e+00   1.3000000e+01   1.3018519e+01
   7.7473395e+02   2.1000000e+01   3.7000000e+01   5.3400000e+02   6.8000000e+01   3.4000000e+01   3.9200000e+01   2.2571429e+01   2.0000000e+00   5.0000000e+00   1.4000000e+01   1.2018868e+01
   9.3216743e+02   2.2000000e+01   3.6000000e+01   5.9500000e+02   6.7000000e+01   3.3500000e+01   4.5200000e+01   2.2666667e+01   2.0000000e+00   5.0000000e+00   1.5000000e+01   1.2696429e+01
   9.8614162e+02   2.8000000e+01   4.0000000e+01   6.0100000e+02   6.3000000e+01   3.1500000e+01   3.6285714e+01   1.7263158e+01   2.0000000e+00   7.0000000e+00   1.9000000e+01   1.1692308e+01
   7.3030299e+02   2.3000000e+01   3.6000000e+01   5.4900000e+02   6.5000000e+01   3.2500000e+01   3.5857143e+01   1.9785714e+01   2.0000000e+00   7.0000000e+00   1.4000000e+01   1.2462963e+01
   8.5323438e+02   2.7000000e+01   4.2000000e+01   6.1900000e+02   6.4000000e+01   3.2000000e+01   3.8142857e+01   1.8611111e+01   2.0000000e+00   7.0000000e+00   1.8000000e+01   1.1984848e+01
   8.0119150e+02   2.0000000e+01   3.8000000e+01   5.5600000e+02   6.8000000e+01   3.4000000e+01   3.9800000e+01   2.5538462e+01   2.0000000e+00   5.0000000e+00   1.3000000e+01   1.1962264e+01
   7.0851916e+02   2.4000000e+01   3.2000000e+01   5.0500000e+02   6.3000000e+01   3.1500000e+01   3.2166667e+01   1.7750000e+01   2.0000000e+00   6.0000000e+00   1.6000000e+01   1.1692308e+01
   9.2512848e+02   2.3000000e+01   3.9000000e+01   6.1100000e+02   6.9000000e+01   3.4500000e+01   4.5800000e+01   2.2562500e+01   2.0000000e+00   5.0000000e+00   1.6000000e+01   1.2566667e+01
   7.0824122e+02   1.7000000e+01   3.0000000e+01   4.6500000e+02   6.6000000e+01   3.3000000e+01   3.6200000e+01   2.5400000e+01   2.0000000e+00   5.0000000e+00   1.0000000e+01   1.2113636e+01
   8.4745413e+02   2.3000000e+01   3.8000000e+01   5.2600000e+02   6.6000000e+01   3.3000000e+01   3.2428571e+01   1.9714286e+01   2.0000000e+00   7.0000000e+00   1.4000000e+01   1.1517857e+01
   8.8160835e+02   2.1000000e+01   3.4000000e+01   5.1400000e+02   6.4000000e+01   3.2000000e+01   3.7800000e+01   2.1071429e+01   2.0000000e+00   5.0000000e+00   1.4000000e+01   1.1673077e+01
   1.0072792e+03   2.7000000e+01   4.1000000e+01   6.3200000e+02   6.4000000e+01   3.2000000e+01   4.0333333e+01   1.9684211e+01   2.0000000e+00   6.0000000e+00   1.9000000e+01   1.1545455e+01
   6.7882725e+02   2.1000000e+01   2.9000000e+01   4.9100000e+02   6.7000000e+01   3.3500000e+01   4.1800000e+01   1.7785714e+01   2.0000000e+00   5.0000000e+00   1.4000000e+01   1.1854167e+01
   1.1953455e+03   2.6000000e+01   3.7000000e+01   6.0500000e+02   6.4000000e+01   3.2000000e+01   4.2666667e+01   1.8222222e+01   2.0000000e+00   6.0000000e+00   1.8000000e+01   1.1918033e+01
   9.0880214e+02   2.2000000e+01   3.4000000e+01   5.3400000e+02   6.4000000e+01   3.2000000e+01   3.1857143e+01   2.1615385e+01   2.0000000e+00   7.0000000e+00   1.3000000e+01   1.2057692e+01
   5.5932858e+02   2.0000000e+01   3.5000000e+01   5.8100000e+02   7.1000000e+01   3.5500000e+01   4.7200000e+01   2.4000000e+01   2.0000000e+00   5.0000000e+00   1.3000000e+01   1.3769231e+01
   1.0753075e+03   2.4000000e+01   3.8000000e+01   5.4400000e+02   6.9000000e+01   3.4500000e+01   4.4400000e+01   1.8235294e+01   2.0000000e+00   5.0000000e+00   1.7000000e+01   1.1271186e+01
   8.1240935e+02   2.8000000e+01   3.4000000e+01   5.6100000e+02   6.1000000e+01   3.0500000e+01   3.4625000e+01   1.5666667e+01   2.0000000e+00   8.0000000e+00   1.8000000e+01   1.2533333e+01
   9.5847554e+02   2.7000000e+01   3.9000000e+01   6.0700000e+02   6.1000000e+01   3.0500000e+01   4.1333333e+01   1.8263158e+01   2.0000000e+00   6.0000000e+00   1.9000000e+01   1.1580645e+01
   6.4107514e+02   2.1000000e+01   2.7000000e+01   4.3500000e+02   7.0000000e+01   3.5000000e+01   3.4166667e+01   1.5230769e+01   2.0000000e+00   6.0000000e+00   1.3000000e+01   1.2695652e+01
   1.0239961e+03   2.7000000e+01   3.7000000e+01   5.8800000e+02   6.5000000e+01   3.2500000e+01   4.0166667e+01   1.7368421e+01   2.0000000e+00   6.0000000e+00   1.9000000e+01   1.1870968e+01
   7.7857670e+02   2.2000000e+01   3.0000000e+01   4.8800000e+02   6.2000000e+01   3.1000000e+01   3.6333333e+01   1.7285714e+01   2.0000000e+00   6.0000000e+00   1.4000000e+01   1.2326531e+01
   5.9379755e+02   2.3000000e+01   3.1000000e+01   5.6200000e+02   6.3000000e+01   3.1500000e+01   4.0333333e+01   1.9666667e+01   2.0000000e+00   6.0000000e+00   1.5000000e+01   1.3020408e+01
   6.7104355e+02   2.2000000e+01   2.8000000e+01   5.0700000e+02   6.3000000e+01   3.1500000e+01   3.8800000e+01   1.8600000e+01   2.0000000e+00   5.0000000e+00   1.5000000e+01   1.2723404e+01
   8.5767354e+02   2.0000000e+01   3.8000000e+01   5.6500000e+02   7.3000000e+01   3.6500000e+01   4.3800000e+01   2.4153846e+01   2.0000000e+00   5.0000000e+00   1.3000000e+01   1.2796296e+01
   9.2741888e+02   2.5000000e+01   4.2000000e+01   6.0000000e+02   6.5000000e+01   3.2500000e+01   4.1000000e+01   2.1055556e+01   2.0000000e+00   5.0000000e+00   1.8000000e+01   1.1343750e+01
   5.8354231e+02   1.8000000e+01   2.8000000e+01   3.8500000e+02   7.4000000e+01   3.7000000e+01   3.1800000e+01   1.7090909e+01   2.0000000e+00   5.0000000e+00   1.1000000e+01   1.1829268e+01
   5.5080414e+02   2.1000000e+01   3.2000000e+01   5.6300000e+02   6.9000000e+01   3.4500000e+01   4.7600000e+01   2.0642857e+01   2.0000000e+00   5.0000000e+00   1.4000000e+01   1.3469388e+01
   9.8901953e+02   2.5000000e+01   3.9000000e+01   5.7400000e+02   6.8000000e+01   3.4000000e+01   4.1200000e+01   1.9055556e+01   2.0000000e+00   5.0000000e+00   1.8000000e+01   1.1931034e+01
   1.1043716e+03   2.1000000e+01   4.0000000e+01   6.0300000e+02   7.4000000e+01   3.7000000e+01   4.6200000e+01   2.4428571e+01   2.0000000e+00   5.0000000e+00   1.4000000e+01   1.1896552e+01
   9.6024760e+02   2.5000000e+01   3.6000000e+01   5.7000000e+02   6.9000000e+01   3.4500000e+01   4.2800000e+01   1.8444444e+01   2.0000000e+00   5.0000000e+00   1.8000000e+01   1.2016949e+01
   1.0251754e+03   2.5000000e+01   4.2000000e+01   5.8000000e+02   6.7000000e+01   3.3500000e+01   4.2600000e+01   1.9277778e+01   2.0000000e+00   5.0000000e+00   1.8000000e+01   1.1921875e+01
   6.0639277e+02   2.1000000e+01   3.0000000e+01   4.5100000e+02   7.1000000e+01   3.5500000e+01   3.4600000e+01   1.7000000e+01   2.0000000e+00   5.0000000e+00   1.4000000e+01   1.1687500e+01
   7.3042935e+02   2.6000000e+01   3.6000000e+01   5.8300000e+02   6.5000000e+01   3.2500000e+01   4.0833333e+01   1.7555556e+01   2.0000000e+00   6.0000000e+00   1.8000000e+01   1.2684211e+01
   8.0296588e+02   2.2000000e+01   3.2000000e+01   5.1800000e+02   7.3000000e+01   3.6500000e+01   4.4800000e+01   1.6866667e+01   2.0000000e+00   5.0000000e+00   1.5000000e+01   1.2549020e+01
   8.6647401e+02   2.6000000e+01   3.3000000e+01   5.5200000e+02   6.5000000e+01   3.2500000e+01   3.8500000e+01   1.6333333e+01   2.0000000e+00   6.0000000e+00   1.8000000e+01   1.2290909e+01
   7.2727808e+02   1.9000000e+01   3.0000000e+01   4.9700000e+02   6.7000000e+01   3.3500000e+01   3.9000000e+01   2.2000000e+01   2.0000000e+00   5.0000000e+00   1.2000000e+01   1.2595745e+01
   8.1104814e+02   2.2000000e+01   3.2000000e+01   4.8200000e+02   7.2000000e+01   3.6000000e+01   3.5200000e+01   1.7800000e+01   2.0000000e+00   5.0000000e+00   1.5000000e+01   1.1760000e+01
   8.0221619e+02   1.8000000e+01   3.2000000e+01   4.2000000e+02   6.1000000e+01   3.0500000e+01   3.4000000e+01   2.2000000e+01   2.0000000e+00   4.0000000e+00   1.2000000e+01   1.1326087e+01
   1.0061840e+03   2.8000000e+01   3.6000000e+01   5.7500000e+02   6.3000000e+01   3.1500000e+01   4.4200000e+01   1.6142857e+01   2.0000000e+00   5.0000000e+00   2.1000000e+01   1.1622951e+01
   9.8658338e+02   2.5000000e+01   3.7000000e+01   5.6400000e+02   6.8000000e+01   3.4000000e+01   3.7666667e+01   1.8411765e+01   2.0000000e+00   6.0000000e+00   1.7000000e+01   1.2051724e+01
   9.1824628e+02   2.4000000e+01   4.3000000e+01   6.3500000e+02   6.7000000e+01   3.3500000e+01   4.6400000e+01   2.2705882e+01   2.0000000e+00   5.0000000e+00   1.7000000e+01   1.1984375e+01
   1.0350040e+03   2.7000000e+01   3.6000000e+01   5.8800000e+02   6.4000000e+01   3.2000000e+01   3.8571429e+01   1.6333333e+01   2.0000000e+00   7.0000000e+00   1.8000000e+01   1.1866667e+01
   9.0330168e+02   2.1000000e+01   4.0000000e+01   5.5800000e+02   6.9000000e+01   3.4500000e+01   4.2400000e+01   2.3214286e+01   2.0000000e+00   5.0000000e+00   1.4000000e+01   1.1982456e+01
   6.8478038e+02   1.8000000e+01   2.9000000e+01   4.7400000e+02   6.1000000e+01   3.0500000e+01   3.7600000e+01   2.3000000e+01   2.0000000e+00   5.0000000e+00   1.1000000e+01   1.2772727e+01
   8.9791044e+02   2.8000000e+01   3.9000000e+01   5.8000000e+02   6.2000000e+01   3.1000000e+01   3.8666667e+01   1.6550000e+01   2.0000000e+00   6.0000000e+00   2.0000000e+01   1.1806452e+01
   7.5110973e+02   2.0000000e+01   3.0000000e+01   4.6700000e+02   6.5000000e+01   3.2500000e+01   3.2200000e+01   2.1461538e+01   2.0000000e+00   5.0000000e+00   1.3000000e+01   1.1744681e+01
   8.8892305e+02   2.3000000e+01   3.6000000e+01   5.6900000e+02   6.6000000e+01   3.3000000e+01   4.6600000e+01   1.9312500e+01   2.0000000e+00   5.0000000e+00   1.6000000e+01   1.2410714e+01
   6.9717576e+02   1.9000000e+01   2.5000000e+01   4.3500000e+02   6.7000000e+01   3.3500000e+01   3.3800000e+01   1.8833333e+01   2.0000000e+00   5.0000000e+00   1.2000000e+01   1.2175000e+01
   9.2902777e+02   3.3000000e+01   3.8000000e+01   5.8900000e+02   5.9000000e+01   2.9500000e+01   3.2750000e+01   1.3826087e+01   2.0000000e+00   8.0000000e+00   2.3000000e+01   1.1611940e+01
   7.9328825e+02   2.6000000e+01   3.8000000e+01   6.1000000e+02   6.3000000e+01   3.1500000e+01   3.6571429e+01   1.9470588e+01   2.0000000e+00   7.0000000e+00   1.7000000e+01   1.2672131e+01
   9.7651980e+02   2.3000000e+01   3.4000000e+01   5.5500000e+02   6.8000000e+01   3.4000000e+01   4.2800000e+01   1.9437500e+01   2.0000000e+00   5.0000000e+00   1.6000000e+01   1.2685185e+01
