   1.4322336e+03   2.7000000e+01   4.9000000e+01   5.3700000e+02   6.4000000e+01   3.2000000e+01   3.3666667e+01   1.7736842e+01   2.0000000e+00   6.0000000e+00   1.9000000e+01   9.3802817e+00
   1.3331982e+03   3.0000000e+01   4.6000000e+01   5.3300000e+02   6.3000000e+01   3.1500000e+01   3.7333333e+01   1.4136364e+01   2.0000000e+00   6.0000000e+00   2.2000000e+01   9.3378378e+00
   1.0718253e+03   2.6000000e+01   3.9000000e+01   4.9000000e+02   6.4000000e+01   3.2000000e+01   3.9800000e+01   1.4315789e+01   2.0000000e+00   5.0000000e+00   1.9000000e+01   9.9666667e+00
   1.3650557e+03   2.5000000e+01   4.5000000e+01   5.2500000e+02   6.2000000e+01   3.1000000e+01   4.1600000e+01   1.7333333e+01   2.0000000e+00   5.0000000e+00   1.8000000e+01   9.8000000e+00
   1.2299937e+03   2.8000000e+01   3.9000000e+01   5.0200000e+02   6.2000000e+01   3.1000000e+01   3.2000000e+01   1.4650000e+01   2.0000000e+00   6.0000000e+00   2.0000000e+01   9.6406250e+00
   1.2747755e+03   2.2000000e+01   4.3000000e+01   4.9600000e+02   5.9000000e+01   2.9500000e+01   3.7500000e+01   2.0687500e+01   2.0000000e+00   4.0000000e+00   1.6000000e+01   9.8000000e+00
   1.0227364e+03   3.1000000e+01   3.5000000e+01   4.7800000e+02   5.6000000e+01   2.8000000e+01   3.1142857e+01   1.1136364e+01   2.0000000e+00   7.0000000e+00   2.2000000e+01   9.0983607e+00
   1.0681104e+03   2.6000000e+01   4.3000000e+01   5.2900000e+02   6.1000000e+01   3.0500000e+01   3.5333333e+01   1.7111111e+01   2.0000000e+00   6.0000000e+00   1.8000000e+01   9.6935484e+00
   1.2782431e+03   3.4000000e+01   4.2000000e+01   5.3800000e+02   5.5000000e+01   2.7500000e+01   3.2000000e+01   1.2041667e+01   2.0000000e+00   8.0000000e+00   2.4000000e+01   9.1756757e+00
   1.2154040e+03   3.2000000e+01   4.7000000e+01   6.1200000e+02   5.7000000e+01   2.8500000e+01   3.7285714e+01   1.4956522e+01   2.0000000e+00   7.0000000e+00   2.3000000e+01   9.6052632e+00
   1.4290468e+03   2.5000000e+01   4.6000000e+01   5.4700000e+02   6.0000000e+01   3.0000000e+01   4.2200000e+01   1.8277778e+01   2.0000000e+00   5.0000000e+00   1.8000000e+01   9.4626866e+00
   1.2611781e+03   2.7000000e+01   3.9000000e+01   4.9200000e+02   6.0000000e+01   3.0000000e+01   2.9428571e+01   1.5333333e+01   2.0000000e+00   7.0000000e+00   1.8000000e+01   9.7187500e+00
   1.2670481e+03   2.7000000e+01   4.3000000e+01   4.9800000e+02   5.7000000e+01   2.8500000e+01   3.1000000e+01   1.5277778e+01   2.0000000e+00   7.0000000e+00   1.8000000e+01   9.2238806e+00
   9.6220991e+02   2.3000000e+01   3.9000000e+01   4.6400000e+02   6.6000000e+01   3.3000000e+01   3.6200000e+01   1.6437500e+01   2.0000000e+00   5.0000000e+00   1.6000000e+01   9.8245614e+00
   1.3197335e+03   3.3000000e+01   4.7000000e+01   5.8100000e+02   6.0000000e+01   3.0000000e+01   3.1250000e+01   1.4347826e+01   2.0000000e+00   8.0000000e+00   2.3000000e+01   9.1168831e+00
   1.2908247e+03   3.0000000e+01   4.4000000e+01   5.2700000e+02   5.7000000e+01   2.8500000e+01   3.2571429e+01   1.3904762e+01   2.0000000e+00   7.0000000e+00   2.1000000e+01   9.3913043e+00
   1.3022692e+03   2.4000000e+01   4.4000000e+01   5.2400000e+02   5.7000000e+01   2.8500000e+01   3.6400000e+01   1.9588235e+01   2.0000000e+00   5.0000000e+00   1.7000000e+01   9.6250000e+00
   1.5125892e+03   3.3000000e+01   4.6000000e+01   5.8700000e+02   5.7000000e+01   2.8500000e+01   3.5428571e+01   1.4166667e+01   2.0000000e+00   7.0000000e+00   2.4000000e+01   9.3552632e+00
   1.3072594e+03   3.1000000e+01   5.2000000e+01   5.7800000e+02   6.1000000e+01   3.0500000e+01   3.7500000e+01   1.5347826e+01   2.0000000e+00   6.0000000e+00   2.3000000e+01   8.9102564e+00
   1.4978530e+03   2.8000000e+01   4.9000000e+01   5.7400000e+02   6.6000000e+01   3.3000000e+01   3.6500000e+01   1.7150000e+01   2.0000000e+00   6.0000000e+00   2.0000000e+01   9.4027778e+00
   1.2719514e+03   3.2000000e+01   4.4000000e+01   5.9100000e+02   5.9000000e+01   2.9500000e+01   3.4714286e+01   1.5043478e+01   2.0000000e+00   7.0000000e+00   2.3000000e+01   9.6164384e+00
   1.0043561e+03   2.3000000e+01   4.0000000e+01   4.8200000e+02   6.2000000e+01   3.1000000e+01   3.4600000e+01   1.8750000e+01   2.0000000e+00   5.0000000e+00   1.6000000e+01   9.7068966e+00
   1.1142695e+03   2.8000000e+01   4.2000000e+01   5.4600000e+02   6.1000000e+01   3.0500000e+01   3.8333333e+01   1.5500000e+01   2.0000000e+00   6.0000000e+00   2.0000000e+01   9.8235294e+00
   1.2248676e+03   2.6000000e+01   4.5000000e+01   5.3800000e+02   6.6000000e+01   3.3000000e+01   3.5000000e+01   1.7055556e+01   2.0000000e+00   6.0000000e+00   1.8000000e+01   9.3283582e+00
   1.1287100e+03   2.3000000e+01   4.6000000e+01   5.2100000e+02   6.3000000e+01   3.1500000e+01   3.7600000e+01   2.0500000e+01   2.0000000e+00   5.0000000e+00   1.6000000e+01   9.5384615e+00
   1.2004578e+03   2.3000000e+01   4.0000000e+01   4.9800000e+02   6.2000000e+01   3.1000000e+01   3.3166667e+01   1.8933333e+01   2.0000000e+00   6.0000000e+00   1.5000000e+01   9.5666667e+00
   1.3094409e+03   3.3000000e+01   4.4000000e+01   5.6500000e+02   5.8000000e+01   2.9000000e+01   3.4000000e+01   1.2521739e+01   2.0000000e+00   8.0000000e+00   2.3000000e+01   9.2266667e+00
   1.1510247e+03   2.6000000e+01   4.3000000e+01   4.9500000e+02   6.1000000e+01   3.0500000e+01   3.3000000e+01   1.5722222e+01   2.0000000e+00   6.0000000e+00   1.8000000e+01   9.9687500e+00
   1.2709469e+03   2.8000000e+01   4.7000000e+01   5.8300000e+02   6.3000000e+01   3.1500000e+01   4.1000000e+01   1.6500000e+01   2.0000000e+00   6.0000000e+00   2.0000000e+01   9.6714286e+00
   1.3429768e+03   3.6000000e+01   5.1000000e+01   6.2300000e+02   5.9000000e+01   2.9500000e+01   3.4571429e+01   1.4555556e+01   2.0000000e+00   7.0000000e+00   2.7000000e+01   9.4074074e+00
   1.2004838e+03   2.8000000e+01   4.4000000e+01   5.7900000e+02   6.2000000e+01   3.1000000e+01   3.9166667e+01   1.6950000e+01   2.0000000e+00   6.0000000e+00   2.0000000e+01   9.5571429e+00
   1.4204188e+03   3.3000000e+01   5.1000000e+01   5.8400000e+02   6.1000000e+01   3.0500000e+01   3.6142857e+01   1.4083333e+01   2.0000000e+00   7.0000000e+00   2.4000000e+01   9.0632911e+00
   1.2463100e+03   3.1000000e+01   4.4000000e+01   5.6500000e+02   6.1000000e+01   3.0500000e+01   3.4714286e+01   1.4045455e+01   2.0000000e+00   7.0000000e+00   2.2000000e+01   9.7571429e+00
   9.7087883e+02   2.6000000e+01   3.4000000e+01   4.6100000e+02   5.7000000e+01   2.8500000e+01   3.0285714e+01   1.3529412e+01   2.0000000e+00   7.0000000e+00   1.7000000e+01   9.2586207e+00
   1.4896130e+03   3.2000000e+01   5.2000000e+01   5.9600000e+02   6.3000000e+01   3.1500000e+01   3.9166667e+01   1.4833333e+01   2.0000000e+00   6.0000000e+00   2.4000000e+01   9.0987654e+00
   1.2862427e+03   2.7000000e+01   5.0000000e+01   6.0200000e+02   6.2000000e+01   3.1000000e+01   4.2000000e+01   1.9250000e+01   2.0000000e+00   5.0000000e+00   2.0000000e+01   9.5205479e+00
   1.4903562e+03   2.9000000e+01   4.9000000e+01   5.9800000e+02   6.3000000e+01   3.1500000e+01   3.1125000e+01   1.8052632e+01   2.0000000e+00   8.0000000e+00   1.9000000e+01   9.5466667e+00
   1.1500238e+03   2.9000000e+01   4.5000000e+01   5.7700000e+02   6.0000000e+01   3.0000000e+01   3.4857143e+01   1.6200000e+01   2.0000000e+00   7.0000000e+00   2.0000000e+01   9.7142857e+00
   1.1428337e+03   2.9000000e+01   4.0000000e+01   5.3800000e+02   6.0000000e+01   3.0000000e+01   3.1250000e+01   1.4736842e+01   2.0000000e+00   8.0000000e+00   1.9000000e+01   1.0014925e+01
   1.1643219e+03   2.7000000e+01   4.6000000e+01   5.2600000e+02   6.3000000e+01   3.1500000e+01   2.7571429e+01   1.8222222e+01   2.0000000e+00   7.0000000e+00   1.8000000e+01   9.7878788e+00
   1.3591510e+03   2.7000000e+01   4.7000000e+01   5.7700000e+02   6.4000000e+01   3.2000000e+01   4.1600000e+01   1.8200000e+01   2.0000000e+00   5.0000000e+00   2.0000000e+01   9.6857143e+00
   1.4308446e+03   3.4000000e+01   5.2000000e+01   6.3100000e+02   5.9000000e+01   2.9500000e+01   3.5428571e+01   1.5440000e+01   2.0000000e+00   7.0000000e+00   2.5000000e+01   9.3827160e+00
   1.3215775e+03   2.7000000e+01   4.4000000e+01   5.4600000e+02   6.3000000e+01   3.1500000e+01   3.0142857e+01   1.7666667e+01   2.0000000e+00   7.0000000e+00   1.8000000e+01   9.8529412e+00
   1.3936725e+03   3.9000000e+01   4.7000000e+01   5.4200000e+02   5.7000000e+01   2.8500000e+01   2.6666667e+01   1.0714286e+01   2.0000000e+00   9.0000000e+00   2.8000000e+01   8.7721519e+00
   1.2858584e+03   2.5000000e+01   4.5000000e+01   5.1800000e+02   6.0000000e+01   3.0000000e+01   3.5600000e+01   1.8777778e+01   2.0000000e+00   5.0000000e+00   1.8000000e+01   9.6515152e+00
   1.1778741e+03   2.6000000e+01   4.5000000e+01   5.1000000e+02   6.1000000e+01   3.0500000e+01   4.0200000e+01   1.5421053e+01   2.0000000e+00   5.0000000e+00   1.9000000e+01   9.3484848e+00
   1.5142035e+03   3.0000000e+01   5.5000000e+01   6.5400000e+02   6.6000000e+01   3.3000000e+01   4.2166667e+01   1.8000000e+01   2.0000000e+00   6.0000000e+00   2.2000000e+01   9.5925926e+00
   1.5629041e+03   2.7000000e+01   5.7000000e+01   5.9100000e+02   6.3000000e+01   3.1500000e+01   4.0000000e+01   1.8894737e+01   2.0000000e+00   6.0000000e+00   1.9000000e+01   9.2375000e+00
   1.2122349e+03   2.4000000e+01   4.7000000e+01   5.3800000e+02   6.3000000e+01   3.1500000e+01   4.2000000e+01   1.8823529e+01   2.0000000e+00   5.0000000e+00   1.7000000e+01   9.8939394e+00
   1.2960569e+03   3.2000000e+01   4.2000000e+01   5.6100000e+02   6.1000000e+01   3.0500000e+01   3.0500000e+01   1.3772727e+01   2.0000000e+00   8.0000000e+00   2.2000000e+01   9.4788732e+00
   1.2305383e+03   2.8000000e+01   4.9000000e+01   5.8000000e+02   6.2000000e+01   3.1000000e+01   3.5000000e+01   1.8300000e+01   2.0000000e+00   6.0000000e+00   2.0000000e+01   9.4305556e+00
   1.1984534e+03   3.0000000e+01   4.8000000e+01   5.5800000e+02   6.2000000e+01   3.1000000e+01   3.7166667e+01   1.4909091e+01   2.0000000e+00   6.0000000e+00   2.2000000e+01   9.2763158e+00
   1.2585598e+03   3.3000000e+01   4.5000000e+01   5.9900000e+02   5.7000000e+01   2.8500000e+01   3.7428571e+01   1.3875000e+01   2.0000000e+00   7.0000000e+00   2.4000000e+01   9.6081081e+00
   9.8331183e+02   2.4000000e+01   3.8000000e+01   5.0100000e+02   6.2000000e+01   3.1000000e+01   3.3833333e+01   1.7437500e+01   2.0000000e+00   6.0000000e+00   1.6000000e+01   9.9649123e+00
   1.4623089e+03   3.3000000e+01   4.8000000e+01   5.8900000e+02   6.0000000e+01   3.0000000e+01   3.5571429e+01   1.4083333e+01   2.0000000e+00   7.0000000e+00   2.4000000e+01   9.2820513e+00
   1.4626139e+03   3.2000000e+01   4.8000000e+01   6.1400000e+02   6.0000000e+01   3.0000000e+01   3.7571429e+01   1.5347826e+01   2.0000000e+00   7.0000000e+00   2.3000000e+01   9.4487179e+00
   1.2226448e+03   2.6000000e+01   4.6000000e+01   5.3200000e+02   6.3000000e+01   3.1500000e+01   3.5166667e+01   1.7388889e+01   2.0000000e+00   6.0000000e+00   1.8000000e+01   9.5820896e+00
   1.4905279e+03   3.0000000e+01   5.0000000e+01   5.7600000e+02   6.1000000e+01   3.0500000e+01   3.4142857e+01   1.5904762e+01   2.0000000e+00   7.0000000e+00   2.1000000e+01   9.1200000e+00
   1.3372220e+03   3.0000000e+01   4.3000000e+01   5.1100000e+02   5.9000000e+01   2.9500000e+01   3.1571429e+01   1.3380952e+01   2.0000000e+00   7.0000000e+00   2.1000000e+01   9.2500000e+00
   1.1281403e+03   3.2000000e+01   4.3000000e+01   5.9200000e+02   5.9000000e+01   2.9500000e+01   3.7571429e+01   1.4130435e+01   2.0000000e+00   7.0000000e+00   2.3000000e+01   9.8219178e+00
   1.3768071e+03   2.8000000e+01   5.0000000e+01   5.8200000e+02   6.2000000e+01   3.1000000e+01   4.0333333e+01   1.7100000e+01   2.0000000e+00   6.0000000e+00   2.0000000e+01   9.3285714e+00
   1.3449514e+03   2.7000000e+01   4.7000000e+01   5.4500000e+02   6.1000000e+01   3.0500000e+01   3.4333333e+01   1.7157895e+01   2.0000000e+00   6.0000000e+00   1.9000000e+01   9.2794118e+00
   1.1267309e+03   2.7000000e+01   4.5000000e+01   5.5000000e+02   6.4000000e+01   3.2000000e+01   3.1571429e+01   1.7666667e+01   2.0000000e+00   7.0000000e+00   1.8000000e+01   9.5000000e+00
   1.2132712e+03   3.0000000e+01   4.3000000e+01   5.0000000e+02   5.9000000e+01   2.9500000e+01   3.2857143e+01   1.2285714e+01   2.0000000e+00   7.0000000e+00   2.1000000e+01   9.2608696e+00
   1.3257697e+03   3.1000000e+01   4.9000000e+01   5.6300000e+02   6.0000000e+01   3.0000000e+01   3.7166667e+01   1.4695652e+01   2.0000000e+00   6.0000000e+00   2.3000000e+01   9.2162162e+00
   1.1677258e+03   2.9000000e+01   5.2000000e+01   5.8000000e+02   6.2000000e+01   3.1000000e+01   3.9000000e+01   1.6333333e+01   2.0000000e+00   6.0000000e+00   2.1000000e+01   9.0138889e+00
   1.5787457e+03   3.3000000e+01   5.4000000e+01   6.2200000e+02   6.1000000e+01   3.0500000e+01   3.7666667e+01   1.6160000e+01   2.0000000e+00   6.0000000e+00   2.5000000e+01   9.2619048e+00
   1.4973400e+03   3.0000000e+01   4.8000000e+01   5.7600000e+02   6.3000000e+01   3.1500000e+01   3.5285714e+01   1.5285714e+01   2.0000000e+00   7.0000000e+00   2.1000000e+01   9.4444444e+00
   1.0748285e+03   2.7000000e+01   4.3000000e+01   5.2300000e+02   6.3000000e+01   3.1500000e+01   3.8500000e+01   1.5157895e+01   2.0000000e+00   6.0000000e+00   1.9000000e+01   9.5538462e+00
   1.3479457e+03   2.6000000e+01   4.2000000e+01   5.3200000e+02   6.1000000e+01   3.0500000e+01   3.9833333e+01   1.5611111e+01   2.0000000e+00   6.0000000e+00   1.8000000e+01   1.0030769e+01
   1.3362009e+03   2.9000000e+01   4.7000000e+01   5.5400000e+02   6.5000000e+01   3.2500000e+01   3.8666667e+01   1.4904762e+01   2.0000000e+00   6.0000000e+00   2.1000000e+01   9.5285714e+00
   1.4148219e+03   2.9000000e+01   4.4000000e+01   5.4300000e+02   6.1000000e+01   3.0500000e+01   3.7666667e+01   1.4619048e+01   2.0000000e+00   6.0000000e+00   2.1000000e+01   9.4202899e+00
   1.5732641e+03   2.6000000e+01   4.7000000e+01   5.6600000e+02   5.9000000e+01   2.9500000e+01   3.7166667e+01   1.8777778e+01   2.0000000e+00   6.0000000e+00   1.8000000e+01   9.4637681e+00
   1.2165442e+03   2.8000000e+01   4.6000000e+01   5.7900000e+02   5.7000000e+01   2.8500000e+01   3.9400000e+01   1.7904762e+01   2.0000000e+00   5.0000000e+00   2.1000000e+01   9.8550725e+00
   1.3275409e+03   3.0000000e+01   4.4000000e+01   5.2300000e+02   5.3000000e+01   2.6500000e+01   3.3500000e+01   1.5090909e+01   2.0000000e+00   6.0000000e+00   2.2000000e+01   8.9857143e+00
   1.1579617e+03   2.2000000e+01   4.4000000e+01   5.1400000e+02   6.3000000e+01   3.1500000e+01   3.6200000e+01   2.1000000e+01   2.0000000e+00   5.0000000e+00   1.5000000e+01   9.6875000e+00
   1.1228293e+03   2.4000000e+01   4.3000000e+01   4.8800000e+02   6.4000000e+01   3.2000000e+01   3.7000000e+01   1.6764706e+01   2.0000000e+00   5.0000000e+00   1.7000000e+01   9.1612903e+00
   1.2619365e+03   3.0000000e+01   4.8000000e+01   5.6000000e+02   6.1000000e+01   3.0500000e+01   3.5833333e+01   1.5636364e+01   2.0000000e+00   6.0000000e+00   2.2000000e+01   9.3561644e+00
   1.3310527e+03   2.6000000e+01   4.8000000e+01   5.7100000e+02   6.0000000e+01   3.0000000e+01   3.7200000e+01   1.9684211e+01   2.0000000e+00   5.0000000e+00   1.9000000e+01   9.7464789e+00
   1.4841349e+03   2.7000000e+01   5.3000000e+01   5.7900000e+02   6.4000000e+01   3.2000000e+01   3.8333333e+01   1.8578947e+01   2.0000000e+00   6.0000000e+00   1.9000000e+01   9.4078947e+00
   1.5122024e+03   3.1000000e+01   4.6000000e+01   5.9700000e+02   5.9000000e+01   2.9500000e+01   3.8333333e+01   1.5608696e+01   2.0000000e+00   6.0000000e+00   2.3000000e+01   9.6712329e+00
   1.3962794e+03   3.2000000e+01   4.6000000e+01   5.8400000e+02   6.2000000e+01   3.1000000e+01   3.4428571e+01   1.4478261e+01   2.0000000e+00   7.0000000e+00   2.3000000e+01   9.7567568e+00
   9.6302669e+02   2.8000000e+01   3.4000000e+01   4.4700000e+02   5.6000000e+01   2.8000000e+01   2.9428571e+01   1.2105263e+01   2.0000000e+00   7.0000000e+00   1.9000000e+01   8.8500000e+00
   1.3025173e+03   2.3000000e+01   4.6000000e+01   5.3800000e+02   6.4000000e+01   3.2000000e+01   3.7600000e+01   2.0875000e+01   2.0000000e+00   5.0000000e+00   1.6000000e+01   9.6923077e+00
   1.1824409e+03   3.5000000e+01   4.5000000e+01   5.9700000e+02   5.7000000e+01   2.8500000e+01   3.4000000e+01   1.3769231e+01   2.0000000e+00   7.0000000e+00   2.6000000e+01   9.4605263e+00
   1.4301680e+03   3.1000000e+01   4.9000000e+01   5.8500000e+02   5.6000000e+01   2.8000000e+01   3.4428571e+01   1.5727273e+01   2.0000000e+00   7.0000000e+00   2.2000000e+01   9.5600000e+00
   1.3965088e+03   3.5000000e+01   4.9000000e+01   6.5000000e+02   6.0000000e+01   3.0000000e+01   3.3500000e+01   1.5240000e+01   2.0000000e+00   8.0000000e+00   2.5000000e+01   9.8125000e+00
   1.3603008e+03   3.1000000e+01   5.1000000e+01   6.1400000e+02   6.3000000e+01   3.1500000e+01   3.8166667e+01   1.6304348e+01   2.0000000e+00   6.0000000e+00   2.3000000e+01   9.2763158e+00
   1.1577253e+03   2.5000000e+01   4.1000000e+01   4.5900000e+02   5.8000000e+01   2.9000000e+01   3.2166667e+01   1.5117647e+01   2.0000000e+00   6.0000000e+00   1.7000000e+01   9.2622951e+00
   1.0857181e+03   2.5000000e+01   4.3000000e+01   5.1600000e+02   6.2000000e+01   3.1000000e+01   4.1200000e+01   1.6222222e+01   2.0000000e+00   5.0000000e+00   1.8000000e+01   9.3387097e+00
   1.2255593e+03   2.7000000e+01   4.9000000e+01   5.7400000e+02   6.4000000e+01   3.2000000e+01   4.1800000e+01   1.7850000e+01   2.0000000e+00   5.0000000e+00   2.0000000e+01   9.6197183e+00
   9.4489462e+02   2.4000000e+01   3.9000000e+01   4.4500000e+02   5.0000000e+01   2.5000000e+01   3.3800000e+01   1.5647059e+01   2.0000000e+00   5.0000000e+00   1.7000000e+01   9.3392857e+00
   1.2230959e+03   2.8000000e+01   4.6000000e+01   5.7300000e+02   6.0000000e+01   3.0000000e+01   3.5666667e+01   1.7600000e+01   2.0000000e+00   6.0000000e+00   2.0000000e+01   1.0000000e+01
   1.4153189e+03   2.4000000e+01   4.9000000e+01   5.7600000e+02   6.4000000e+01   3.2000000e+01   3.9600000e+01   2.1352941e+01   2.0000000e+00   5.0000000e+00   1.7000000e+01   9.6323529e+00
   1.2522726e+03   2.6000000e+01   4.0000000e+01   4.7600000e+02   6.2000000e+01   3.1000000e+01   2.8000000e+01   1.5529412e+01   2.0000000e+00   7.0000000e+00   1.7000000e+01   9.7586207e+00
   1.5417861e+03   3.1000000e+01   4.9000000e+01   5.5400000e+02   5.6000000e+01   2.8000000e+01   3.2571429e+01   1.4863636e+01   2.0000000e+00   7.0000000e+00   2.2000000e+01   9.0394737e+00
   1.2106704e+03   2.6000000e+01   4.1000000e+01   5.1300000e+02   6.3000000e+01   3.1500000e+01   3.0857143e+01   1.6294118e+01   2.0000000e+00   7.0000000e+00   1.7000000e+01   9.5873016e+00
   1.1809714e+03   2.7000000e+01   4.5000000e+01   5.4600000e+02   5.7000000e+01   2.8500000e+01   4.0333333e+01   1.5947368e+01   2.0000000e+00   6.0000000e+00   1.9000000e+01   9.4179104e+00
   1.1286372e+03   2.9000000e+01   4.0000000e+01   5.3100000e+02   5.8000000e+01   2.9000000e+01   3.0625000e+01   1.4315789e+01   2.0000000e+00   8.0000000e+00   1.9000000e+01   9.6969697e+00
   1.2608186e+03   2.7000000e+01   4.7000000e+01   5.5800000e+02   6.1000000e+01   3.0500000e+01   4.0600000e+01   1.7850000e+01   2.0000000e+00   5.0000000e+00   2.0000000e+01   9.4571429e+00
