   1.0233625e+03   3.4000000e+01   4.5000000e+01   4.8700000e+02   5.3000000e+01   2.6500000e+01   2.8444444e+01   1.0347826e+01   2.0000000e+00   9.0000000e+00   2.3000000e+01   8.3636364e+00
   1.2185457e+03   4.1000000e+01   5.7000000e+01   4.8700000e+02   4.8000000e+01   2.4000000e+01   3.0000000e+01   8.6451613e+00   2.0000000e+00   8.0000000e+00   3.1000000e+01   7.5227273e+00
   1.2998031e+03   3.4000000e+01   5.0000000e+01   3.5700000e+02   4.8000000e+01   2.4000000e+01   2.2500000e+01   7.8333333e+00   2.0000000e+00   8.0000000e+00   2.4000000e+01   6.3815789e+00
   1.0206399e+03   2.7000000e+01   4.0000000e+01   3.0200000e+02   5.0000000e+01   2.5000000e+01   1.7750000e+01   8.8823529e+00   2.0000000e+00   8.0000000e+00   1.7000000e+01   6.7419355e+00
   1.6455137e+03   3.9000000e+01   6.4000000e+01   4.8400000e+02   5.1000000e+01   2.5500000e+01   2.9250000e+01   9.2068966e+00   2.0000000e+00   8.0000000e+00   2.9000000e+01   6.8020833e+00
   7.7950345e+02   2.9000000e+01   3.7000000e+01   3.9300000e+02   5.2000000e+01   2.6000000e+01   3.5166667e+01   8.3809524e+00   2.0000000e+00   6.0000000e+00   2.1000000e+01   8.2833333e+00
   1.1490180e+03   3.8000000e+01   4.9000000e+01   4.3000000e+02   4.7000000e+01   2.3500000e+01   2.3400000e+01   7.9615385e+00   2.0000000e+00   1.0000000e+01   2.6000000e+01   7.4000000e+00
   1.0903782e+03   3.2000000e+01   5.1000000e+01   5.6100000e+02   5.7000000e+01   2.8500000e+01   3.1714286e+01   1.4739130e+01   2.0000000e+00   7.0000000e+00   2.3000000e+01   8.9743590e+00
   1.4754892e+03   3.3000000e+01   5.3000000e+01   3.7400000e+02   5.0000000e+01   2.5000000e+01   2.1000000e+01   9.8333333e+00   2.0000000e+00   7.0000000e+00   2.4000000e+01   6.1686747e+00
   1.4345101e+03   5.0000000e+01   5.3000000e+01   4.7600000e+02   4.6000000e+01   2.3000000e+01   2.5727273e+01   5.8378378e+00   2.0000000e+00   1.1000000e+01   3.7000000e+01   7.0312500e+00
   1.1906420e+03   3.3000000e+01   4.9000000e+01   4.2300000e+02   5.3000000e+01   2.6500000e+01   2.4571429e+01   1.0500000e+01   2.0000000e+00   7.0000000e+00   2.4000000e+01   7.4133333e+00
   1.3059915e+03   3.1000000e+01   5.7000000e+01   4.6600000e+02   5.6000000e+01   2.8000000e+01   2.8857143e+01   1.2363636e+01   2.0000000e+00   7.0000000e+00   2.2000000e+01   7.3048780e+00
   1.3768366e+03   4.0000000e+01   5.4000000e+01   4.3700000e+02   5.3000000e+01   2.6500000e+01   2.5666667e+01   7.5172414e+00   2.0000000e+00   9.0000000e+00   2.9000000e+01   7.0777778e+00
   9.5168423e+02   3.5000000e+01   4.2000000e+01   4.6700000e+02   4.8000000e+01   2.4000000e+01   2.5333333e+01   9.8750000e+00   2.0000000e+00   9.0000000e+00   2.4000000e+01   8.5068493e+00
   1.2314522e+03   3.5000000e+01   5.4000000e+01   4.8900000e+02   5.3000000e+01   2.6500000e+01   3.0571429e+01   1.0846154e+01   2.0000000e+00   7.0000000e+00   2.6000000e+01   7.9156627e+00
   1.1379668e+03   4.1000000e+01   4.6000000e+01   4.3500000e+02   4.9000000e+01   2.4500000e+01   2.6000000e+01   7.1333333e+00   2.0000000e+00   9.0000000e+00   3.0000000e+01   7.3493976e+00
   9.6112449e+02   3.4000000e+01   4.0000000e+01   4.2900000e+02   5.1000000e+01   2.5500000e+01   2.4555556e+01   8.8695652e+00   2.0000000e+00   9.0000000e+00   2.3000000e+01   8.2394366e+00
   1.2415767e+03   3.1000000e+01   5.6000000e+01   4.9400000e+02   5.4000000e+01   2.7000000e+01   3.1428571e+01   1.3045455e+01   2.0000000e+00   7.0000000e+00   2.2000000e+01   7.5569620e+00
   1.2352875e+03   4.0000000e+01   5.8000000e+01   5.4000000e+02   5.1000000e+01   2.5500000e+01   3.2571429e+01   1.0612903e+01   2.0000000e+00   7.0000000e+00   3.1000000e+01   7.9042553e+00
   1.2373027e+03   4.0000000e+01   5.4000000e+01   4.6500000e+02   4.8000000e+01   2.4000000e+01   2.3000000e+01   9.4482759e+00   2.0000000e+00   9.0000000e+00   2.9000000e+01   7.7356322e+00
   1.0907019e+03   2.8000000e+01   4.6000000e+01   4.4600000e+02   5.4000000e+01   2.7000000e+01   2.8285714e+01   1.2894737e+01   2.0000000e+00   7.0000000e+00   1.9000000e+01   8.1739130e+00
   1.0915497e+03   3.4000000e+01   4.5000000e+01   4.3400000e+02   5.2000000e+01   2.6000000e+01   2.6444444e+01   8.7826087e+00   2.0000000e+00   9.0000000e+00   2.3000000e+01   7.7066667e+00
   1.5572945e+03   3.9000000e+01   6.3000000e+01   5.2500000e+02   5.3000000e+01   2.6500000e+01   3.1625000e+01   1.0034483e+01   2.0000000e+00   8.0000000e+00   2.9000000e+01   6.9072165e+00
   1.2289974e+03   3.6000000e+01   5.3000000e+01   4.7100000e+02   5.0000000e+01   2.5000000e+01   3.1000000e+01   9.0384615e+00   2.0000000e+00   8.0000000e+00   2.6000000e+01   6.9767442e+00
   1.5568750e+03   3.9000000e+01   6.2000000e+01   4.9400000e+02   5.4000000e+01   2.7000000e+01   2.9000000e+01   9.6551724e+00   2.0000000e+00   8.0000000e+00   2.9000000e+01   7.1595745e+00
   1.0429995e+03   3.1000000e+01   4.3000000e+01   3.3500000e+02   4.9000000e+01   2.4500000e+01   2.1000000e+01   7.9523810e+00   2.0000000e+00   8.0000000e+00   2.1000000e+01   6.9285714e+00
   1.6509597e+03   3.7000000e+01   6.2000000e+01   4.3600000e+02   5.0000000e+01   2.5000000e+01   2.1222222e+01   1.0076923e+01   2.0000000e+00   9.0000000e+00   2.6000000e+01   6.8021978e+00
   1.6363805e+03   4.1000000e+01   6.4000000e+01   5.0600000e+02   5.0000000e+01   2.5000000e+01   2.6125000e+01   1.0322581e+01   2.0000000e+00   8.0000000e+00   3.1000000e+01   7.2300000e+00
   1.0878896e+03   3.1000000e+01   4.3000000e+01   4.2900000e+02   5.2000000e+01   2.6000000e+01   2.9250000e+01   9.3809524e+00   2.0000000e+00   8.0000000e+00   2.1000000e+01   8.1142857e+00
   1.2014518e+03   3.8000000e+01   5.0000000e+01   4.2000000e+02   4.9000000e+01   2.4500000e+01   2.4666667e+01   7.8518519e+00   2.0000000e+00   9.0000000e+00   2.7000000e+01   7.6470588e+00
   1.0287400e+03   3.9000000e+01   4.9000000e+01   5.3500000e+02   5.4000000e+01   2.7000000e+01   3.1500000e+01   9.7931034e+00   2.0000000e+00   8.0000000e+00   2.9000000e+01   8.6000000e+00
   1.1320495e+03   2.8000000e+01   3.9000000e+01   3.4700000e+02   5.1000000e+01   2.5500000e+01   2.3428571e+01   9.4210526e+00   2.0000000e+00   7.0000000e+00   1.9000000e+01   7.0781250e+00
   1.0682191e+03   3.2000000e+01   4.9000000e+01   4.9000000e+02   5.7000000e+01   2.8500000e+01   3.0142857e+01   1.2217391e+01   2.0000000e+00   7.0000000e+00   2.3000000e+01   8.5000000e+00
   1.3413822e+03   4.1000000e+01   5.2000000e+01   4.2100000e+02   4.8000000e+01   2.4000000e+01   2.2400000e+01   7.1034483e+00   2.0000000e+00   1.0000000e+01   2.9000000e+01   6.7764706e+00
   1.2112389e+03   3.4000000e+01   4.7000000e+01   5.0300000e+02   5.2000000e+01   2.6000000e+01   2.7625000e+01   1.1833333e+01   2.0000000e+00   8.0000000e+00   2.4000000e+01   7.9342105e+00
   8.9382264e+02   2.5000000e+01   4.2000000e+01   4.7700000e+02   5.9000000e+01   2.9500000e+01   3.3333333e+01   1.5352941e+01   2.0000000e+00   6.0000000e+00   1.7000000e+01   9.2461538e+00
   1.7296313e+03   4.1000000e+01   6.3000000e+01   4.8900000e+02   4.4000000e+01   2.2000000e+01   3.1571429e+01   9.1250000e+00   2.0000000e+00   7.0000000e+00   3.2000000e+01   6.2857143e+00
   8.9994414e+02   2.4000000e+01   4.5000000e+01   3.8800000e+02   5.7000000e+01   2.8500000e+01   2.9800000e+01   1.3705882e+01   2.0000000e+00   5.0000000e+00   1.7000000e+01   8.1967213e+00
   1.1276563e+03   3.3000000e+01   4.5000000e+01   3.8800000e+02   4.9000000e+01   2.4500000e+01   2.2777778e+01   8.3636364e+00   2.0000000e+00   9.0000000e+00   2.2000000e+01   7.6081081e+00
   1.3058552e+03   3.8000000e+01   5.8000000e+01   4.9300000e+02   5.4000000e+01   2.7000000e+01   2.5444444e+01   1.0037037e+01   2.0000000e+00   9.0000000e+00   2.7000000e+01   7.7333333e+00
   1.0331068e+03   3.5000000e+01   4.4000000e+01   5.0100000e+02   5.2000000e+01   2.6000000e+01   3.1500000e+01   1.0000000e+01   2.0000000e+00   8.0000000e+00   2.5000000e+01   8.7600000e+00
   1.3827215e+03   3.3000000e+01   5.3000000e+01   4.6300000e+02   5.5000000e+01   2.7500000e+01   2.3750000e+01   1.2304348e+01   2.0000000e+00   8.0000000e+00   2.3000000e+01   6.8554217e+00
   1.0429538e+03   3.4000000e+01   4.7000000e+01   4.6600000e+02   5.2000000e+01   2.6000000e+01   3.0375000e+01   9.5000000e+00   2.0000000e+00   8.0000000e+00   2.4000000e+01   8.0394737e+00
   9.7669222e+02   3.1000000e+01   4.8000000e+01   5.1500000e+02   5.0000000e+01   2.5000000e+01   3.2428571e+01   1.3454545e+01   2.0000000e+00   7.0000000e+00   2.2000000e+01   9.0921053e+00
   1.4878334e+03   3.9000000e+01   5.8000000e+01   4.4300000e+02   5.1000000e+01   2.5500000e+01   3.0428571e+01   8.3666667e+00   2.0000000e+00   7.0000000e+00   3.0000000e+01   6.4333333e+00
   1.3158837e+03   4.1000000e+01   5.6000000e+01   5.1000000e+02   5.5000000e+01   2.7500000e+01   2.5700000e+01   9.2068966e+00   2.0000000e+00   1.0000000e+01   2.9000000e+01   7.4666667e+00
   1.0001606e+03   2.7000000e+01   3.8000000e+01   3.5200000e+02   5.3000000e+01   2.6500000e+01   2.1250000e+01   1.0058824e+01   2.0000000e+00   8.0000000e+00   1.7000000e+01   7.3968254e+00
   1.1862499e+03   3.5000000e+01   5.3000000e+01   4.7100000e+02   5.1000000e+01   2.5500000e+01   2.6125000e+01   1.0600000e+01   2.0000000e+00   8.0000000e+00   2.5000000e+01   7.2716049e+00
   1.4146671e+03   3.5000000e+01   5.8000000e+01   5.1600000e+02   5.1000000e+01   2.5500000e+01   3.0714286e+01   1.2115385e+01   2.0000000e+00   7.0000000e+00   2.6000000e+01   7.7241379e+00
   1.6970466e+03   3.8000000e+01   6.2000000e+01   4.9000000e+02   5.5000000e+01   2.7500000e+01   3.0125000e+01   9.7857143e+00   2.0000000e+00   8.0000000e+00   2.8000000e+01   6.9894737e+00
   1.1465628e+03   3.0000000e+01   4.2000000e+01   4.2100000e+02   5.5000000e+01   2.7500000e+01   2.8428571e+01   1.0142857e+01   2.0000000e+00   7.0000000e+00   2.1000000e+01   7.5441176e+00
   1.0706214e+03   3.1000000e+01   4.2000000e+01   3.4500000e+02   5.0000000e+01   2.5000000e+01   2.2250000e+01   7.7619048e+00   2.0000000e+00   8.0000000e+00   2.1000000e+01   7.1571429e+00
   1.4191384e+03   3.3000000e+01   5.9000000e+01   5.3300000e+02   5.9000000e+01   2.9500000e+01   3.6166667e+01   1.2720000e+01   2.0000000e+00   6.0000000e+00   2.5000000e+01   7.9655172e+00
   1.4062565e+03   4.5000000e+01   5.2000000e+01   4.3000000e+02   4.9000000e+01   2.4500000e+01   2.3600000e+01   6.2424242e+00   2.0000000e+00   1.0000000e+01   3.3000000e+01   6.6590909e+00
   1.8034176e+03   3.9000000e+01   7.0000000e+01   4.4600000e+02   5.4000000e+01   2.7000000e+01   2.7857143e+01   9.1666667e+00   2.0000000e+00   7.0000000e+00   3.0000000e+01   6.1855670e+00
   9.5348588e+02   1.6000000e+01   4.2000000e+01   3.2600000e+02   4.4000000e+01   5.5000000e+00   4.4000000e+01   2.2416667e+01   2.0000000e+00   2.0000000e+00   1.2000000e+01   7.6545455e+00
   1.2612139e+03   3.1000000e+01   5.8000000e+01   5.3000000e+02   5.8000000e+01   2.9000000e+01   3.2142857e+01   1.3954545e+01   2.0000000e+00   7.0000000e+00   2.2000000e+01   8.6470588e+00
   1.1020265e+03   3.3000000e+01   5.0000000e+01   4.8900000e+02   5.1000000e+01   2.5500000e+01   2.8428571e+01   1.2458333e+01   2.0000000e+00   7.0000000e+00   2.4000000e+01   7.9625000e+00
   9.4674775e+02   3.6000000e+01   4.4000000e+01   4.2500000e+02   5.1000000e+01   2.5500000e+01   3.0333333e+01   9.0357143e+00   2.0000000e+00   6.0000000e+00   2.8000000e+01   7.5675676e+00
   8.8662167e+02   3.4000000e+01   4.6000000e+01   5.2300000e+02   5.1000000e+01   2.5500000e+01   3.4571429e+01   1.1320000e+01   2.0000000e+00   7.0000000e+00   2.5000000e+01   9.2400000e+00
   1.1002250e+03   1.9000000e+01   4.2000000e+01   3.3400000e+02   4.7000000e+01   6.0000000e+00   4.6000000e+01   1.8266667e+01   2.0000000e+00   2.0000000e+00   1.5000000e+01   6.8103448e+00
   8.8505090e+02   3.1000000e+01   4.1000000e+01   4.7900000e+02   5.1000000e+01   2.5500000e+01   3.0625000e+01   1.1190476e+01   2.0000000e+00   8.0000000e+00   2.1000000e+01   8.8428571e+00
   1.4916977e+03   4.2000000e+01   6.1000000e+01   5.2900000e+02   5.2000000e+01   2.6000000e+01   3.1875000e+01   9.3750000e+00   2.0000000e+00   8.0000000e+00   3.2000000e+01   7.3052632e+00
   1.5994378e+03   3.6000000e+01   6.2000000e+01   4.8400000e+02   5.4000000e+01   2.7000000e+01   2.9142857e+01   1.0703704e+01   2.0000000e+00   7.0000000e+00   2.7000000e+01   7.3655914e+00
   1.4335934e+03   3.9000000e+01   6.0000000e+01   4.6000000e+02   4.7000000e+01   2.3500000e+01   2.5300000e+01   8.4444444e+00   2.0000000e+00   1.0000000e+01   2.7000000e+01   6.7444444e+00
   1.1309750e+03   3.4000000e+01   5.1000000e+01   4.9300000e+02   4.9000000e+01   2.4500000e+01   2.5625000e+01   1.2500000e+01   2.0000000e+00   8.0000000e+00   2.4000000e+01   8.0125000e+00
   1.1992794e+03   3.6000000e+01   5.1000000e+01   5.0000000e+02   5.3000000e+01   2.6500000e+01   2.7375000e+01   1.1076923e+01   2.0000000e+00   8.0000000e+00   2.6000000e+01   7.8024691e+00
   1.2488397e+03   3.3000000e+01   5.4000000e+01   4.0200000e+02   5.2000000e+01   2.6000000e+01   2.9000000e+01   8.7916667e+00   2.0000000e+00   7.0000000e+00   2.4000000e+01   6.9480519e+00
   1.1508560e+03   3.6000000e+01   4.9000000e+01   4.4300000e+02   5.3000000e+01   2.6500000e+01   2.4555556e+01   8.8400000e+00   2.0000000e+00   9.0000000e+00   2.5000000e+01   7.1923077e+00
   1.1121288e+03   4.1000000e+01   4.7000000e+01   4.4500000e+02   4.8000000e+01   2.4000000e+01   2.7625000e+01   7.4516129e+00   2.0000000e+00   8.0000000e+00   3.1000000e+01   7.9529412e+00
   1.5631086e+03   3.3000000e+01   6.7000000e+01   5.4400000e+02   6.0000000e+01   3.0000000e+01   3.2166667e+01   1.4520000e+01   2.0000000e+00   6.0000000e+00   2.5000000e+01   7.1290323e+00
   1.0602883e+03   3.5000000e+01   4.9000000e+01   4.5300000e+02   5.3000000e+01   2.6500000e+01   2.8375000e+01   9.1200000e+00   2.0000000e+00   8.0000000e+00   2.5000000e+01   7.6103896e+00
   1.0317712e+03   3.6000000e+01   4.0000000e+01   3.7800000e+02   4.2000000e+01   2.1000000e+01   2.6375000e+01   6.6153846e+00   2.0000000e+00   8.0000000e+00   2.6000000e+01   7.1666667e+00
   1.0448411e+03   3.6000000e+01   4.3000000e+01   4.7500000e+02   5.4000000e+01   2.7000000e+01   3.0333333e+01   8.6400000e+00   2.0000000e+00   9.0000000e+00   2.5000000e+01   8.7272727e+00
   1.1236287e+03   3.0000000e+01   4.7000000e+01   4.0300000e+02   5.2000000e+01   2.6000000e+01   2.4875000e+01   1.0600000e+01   2.0000000e+00   8.0000000e+00   2.0000000e+01   7.1764706e+00
   8.7186352e+02   3.2000000e+01   4.5000000e+01   5.3300000e+02   5.7000000e+01   2.8500000e+01   3.5000000e+01   1.3500000e+01   2.0000000e+00   6.0000000e+00   2.4000000e+01   9.2876712e+00
   1.3043121e+03   3.6000000e+01   5.4000000e+01   4.5900000e+02   5.1000000e+01   2.5500000e+01   2.8875000e+01   9.1153846e+00   2.0000000e+00   8.0000000e+00   2.6000000e+01   7.3058824e+00
   1.0764056e+03   3.5000000e+01   4.0000000e+01   3.7200000e+02   4.5000000e+01   2.2500000e+01   1.8500000e+01   8.1739130e+00   2.0000000e+00   1.0000000e+01   2.3000000e+01   7.6714286e+00
   1.4748684e+03   3.3000000e+01   5.8000000e+01   4.6200000e+02   5.4000000e+01   2.7000000e+01   3.0000000e+01   1.0875000e+01   2.0000000e+00   7.0000000e+00   2.4000000e+01   7.1011236e+00
   1.3043733e+03   3.0000000e+01   4.6000000e+01   3.5300000e+02   4.8000000e+01   2.4000000e+01   1.9500000e+01   9.7500000e+00   2.0000000e+00   8.0000000e+00   2.0000000e+01   6.8309859e+00
   1.0337340e+03   1.0000000e+01   3.8000000e+01   3.1400000e+02   7.0000000e+01   3.5000000e+00   7.0000000e+01   3.9142857e+01   2.0000000e+00   1.0000000e+00   7.0000000e+00   7.4888889e+00
   1.2380978e+03   3.6000000e+01   5.1000000e+01   4.8500000e+02   5.4000000e+01   2.7000000e+01   2.7750000e+01   1.0153846e+01   2.0000000e+00   8.0000000e+00   2.6000000e+01   7.5357143e+00
   1.2060108e+03   3.3000000e+01   4.9000000e+01   4.2300000e+02   5.1000000e+01   2.5500000e+01   2.4125000e+01   1.0391304e+01   2.0000000e+00   8.0000000e+00   2.3000000e+01   7.6883117e+00
   1.0441557e+03   3.4000000e+01   4.5000000e+01   4.0900000e+02   5.0000000e+01   2.5000000e+01   2.6500000e+01   8.4583333e+00   2.0000000e+00   8.0000000e+00   2.4000000e+01   7.3648649e+00
   9.9992308e+02   3.7000000e+01   4.4000000e+01   4.8500000e+02   5.1000000e+01   2.5500000e+01   2.7400000e+01   9.3600000e+00   2.0000000e+00   1.0000000e+01   2.5000000e+01   8.5714286e+00
   1.2018266e+03   3.0000000e+01   5.2000000e+01   4.6100000e+02   5.9000000e+01   2.9500000e+01   3.1333333e+01   1.2454545e+01   2.0000000e+00   6.0000000e+00   2.2000000e+01   7.7012987e+00
   1.2084889e+03   3.8000000e+01   4.7000000e+01   4.3400000e+02   5.3000000e+01   2.6500000e+01   2.5888889e+01   7.3703704e+00   2.0000000e+00   9.0000000e+00   2.7000000e+01   6.9012346e+00
   8.6589789e+02   3.1000000e+01   4.0000000e+01   4.0300000e+02   5.4000000e+01   2.7000000e+01   2.2125000e+01   1.0285714e+01   2.0000000e+00   8.0000000e+00   2.1000000e+01   8.3333333e+00
   1.2868882e+03   3.7000000e+01   4.9000000e+01   4.7300000e+02   4.8000000e+01   2.4000000e+01   2.8250000e+01   9.6296296e+00   2.0000000e+00   8.0000000e+00   2.7000000e+01   7.8571429e+00
   1.2733966e+03   3.4000000e+01   4.7000000e+01   4.2400000e+02   5.3000000e+01   2.6500000e+01   2.3375000e+01   9.7500000e+00   2.0000000e+00   8.0000000e+00   2.4000000e+01   7.1052632e+00
   1.0411526e+03   3.5000000e+01   4.2000000e+01   4.3000000e+02   5.0000000e+01   2.5000000e+01   2.2300000e+01   8.8695652e+00   2.0000000e+00   1.0000000e+01   2.3000000e+01   8.3333333e+00
   1.2374049e+03   3.2000000e+01   5.8000000e+01   5.4300000e+02   6.0000000e+01   3.0000000e+01   3.6000000e+01   1.2869565e+01   2.0000000e+00   7.0000000e+00   2.3000000e+01   8.0470588e+00
   1.2179060e+03   3.2000000e+01   5.4000000e+01   4.2000000e+02   5.4000000e+01   2.7000000e+01   2.3285714e+01   1.1173913e+01   2.0000000e+00   7.0000000e+00   2.3000000e+01   6.8500000e+00
   1.2896333e+03   3.4000000e+01   5.3000000e+01   4.5200000e+02   5.0000000e+01   2.5000000e+01   2.7750000e+01   9.9583333e+00   2.0000000e+00   8.0000000e+00   2.4000000e+01   7.4000000e+00
   1.0805872e+03   3.4000000e+01   4.5000000e+01   4.5500000e+02   4.8000000e+01   2.4000000e+01   2.5333333e+01   1.0000000e+01   2.0000000e+00   9.0000000e+00   2.3000000e+01   7.5866667e+00
   1.0092307e+03   2.9000000e+01   4.1000000e+01   4.3700000e+02   5.2000000e+01   2.6000000e+01   2.9714286e+01   1.1150000e+01   2.0000000e+00   7.0000000e+00   2.0000000e+01   8.2727273e+00
   1.0894679e+03   3.2000000e+01   4.6000000e+01   4.3500000e+02   5.3000000e+01   2.6500000e+01   2.7000000e+01   1.0521739e+01   2.0000000e+00   7.0000000e+00   2.3000000e+01   7.6216216e+00
   1.3655524e+03   3.4000000e+01   5.0000000e+01   3.3100000e+02   4.9000000e+01   2.4500000e+01   2.0875000e+01   7.0000000e+00   2.0000000e+00   8.0000000e+00   2.4000000e+01   6.2564103e+00
   1.2561621e+03   3.1000000e+01   5.4000000e+01   5.0200000e+02   5.8000000e+01   2.9000000e+01   3.4833333e+01   1.3043478e+01   2.0000000e+00   6.0000000e+00   2.3000000e+01   7.8780488e+00
   1.6710851e+03   4.3000000e+01   6.4000000e+01   4.2800000e+02   4.7000000e+01   2.3500000e+01   2.1181818e+01   7.4666667e+00   2.0000000e+00   1.1000000e+01   3.0000000e+01   6.4271845e+00
