   3.6000000e+01   2.0000000e+00   1.0000000e+00   1.4000000e+01   1.4000000e+01   7.0000000e+00   0.0000000e+00   0.0000000e+00   2.0000000e+00   0.0000000e+00   0.0000000e+00   1.4000000e+01
   8.7624727e+02   2.3000000e+01   3.8000000e+01   5.2000000e+02   6.5000000e+01   3.2500000e+01   4.1800000e+01   1.7875000e+01   2.0000000e+00   5.0000000e+00   1.6000000e+01   1.0709091e+01
   6.1586076e+02   1.4000000e+01   2.4000000e+01   3.5100000e+02   5.4000000e+01   1.6000000e+01   5.2000000e+01   2.4000000e+01   2.0000000e+00   2.0000000e+00   1.0000000e+01   1.1342857e+01
   7.5758465e+02   2.4000000e+01   3.6000000e+01   5.0400000e+02   6.2000000e+01   3.1000000e+01   4.1200000e+01   1.6588235e+01   2.0000000e+00   5.0000000e+00   1.7000000e+01   1.1087719e+01
   8.3298578e+02   2.4000000e+01   4.4000000e+01   5.8500000e+02   6.7000000e+01   3.3500000e+01   4.2800000e+01   2.0882353e+01   2.0000000e+00   5.0000000e+00   1.7000000e+01   1.0828125e+01
   8.1161927e+02   2.7000000e+01   3.9000000e+01   5.1800000e+02   6.0000000e+01   3.0000000e+01   3.1714286e+01   1.5500000e+01   2.0000000e+00   7.0000000e+00   1.8000000e+01   1.1096774e+01
   9.2155615e+02   2.6000000e+01   4.1000000e+01   5.7700000e+02   6.3000000e+01   3.1500000e+01   3.8666667e+01   1.7888889e+01   2.0000000e+00   6.0000000e+00   1.8000000e+01   1.0615385e+01
   8.5361914e+02   2.8000000e+01   3.8000000e+01   5.2400000e+02   5.9000000e+01   2.9500000e+01   3.4000000e+01   1.4315789e+01   2.0000000e+00   7.0000000e+00   1.9000000e+01   1.0540984e+01
   7.6177267e+02   2.4000000e+01   3.8000000e+01   5.5800000e+02   6.9000000e+01   3.4500000e+01   3.9400000e+01   1.9705882e+01   2.0000000e+00   5.0000000e+00   1.7000000e+01   1.1050000e+01
   9.7793329e+02   2.7000000e+01   3.8000000e+01   5.2300000e+02   6.6000000e+01   3.3000000e+01   3.6166667e+01   1.5421053e+01   2.0000000e+00   6.0000000e+00   1.9000000e+01   1.1333333e+01
   1.0359677e+03   2.1000000e+01   4.3000000e+01   5.7800000e+02   6.0000000e+01   3.0000000e+01   4.9000000e+01   2.4600000e+01   2.0000000e+00   4.0000000e+00   1.5000000e+01   1.1100000e+01
   8.6688421e+02   2.6000000e+01   3.7000000e+01   5.2300000e+02   6.0000000e+01   3.0000000e+01   3.7666667e+01   1.5833333e+01   2.0000000e+00   6.0000000e+00   1.8000000e+01   1.0644068e+01
   8.3310232e+02   2.1000000e+01   3.5000000e+01   4.9100000e+02   6.7000000e+01   3.3500000e+01   3.3666667e+01   2.0230769e+01   2.0000000e+00   6.0000000e+00   1.3000000e+01   1.1039216e+01
   1.0702360e+03   2.8000000e+01   4.0000000e+01   5.6200000e+02   6.2000000e+01   3.1000000e+01   3.4285714e+01   1.6000000e+01   2.0000000e+00   7.0000000e+00   1.9000000e+01   1.0919355e+01
   7.6614563e+02   2.7000000e+01   3.8000000e+01   5.4000000e+02   6.0000000e+01   3.0000000e+01   3.3833333e+01   1.6894737e+01   2.0000000e+00   6.0000000e+00   1.9000000e+01   1.0982759e+01
   6.8773705e+02   2.8000000e+01   3.4000000e+01   5.0500000e+02   6.1000000e+01   3.0500000e+01   3.0142857e+01   1.4736842e+01   2.0000000e+00   7.0000000e+00   1.9000000e+01   1.1155172e+01
   9.1594286e+02   2.6000000e+01   3.8000000e+01   5.3100000e+02   6.2000000e+01   3.1000000e+01   3.1428571e+01   1.7235294e+01   2.0000000e+00   7.0000000e+00   1.7000000e+01   1.0918033e+01
   9.9057362e+02   2.7000000e+01   4.0000000e+01   5.8400000e+02   6.6000000e+01   3.3000000e+01   3.7000000e+01   1.7947368e+01   2.0000000e+00   6.0000000e+00   1.9000000e+01   1.1262295e+01
   7.9735673e+02   2.4000000e+01   3.8000000e+01   5.0800000e+02   6.5000000e+01   3.2500000e+01   3.9400000e+01   1.7352941e+01   2.0000000e+00   5.0000000e+00   1.7000000e+01   1.0423729e+01
   7.1370282e+02   2.1000000e+01   3.3000000e+01   4.4500000e+02   5.9000000e+01   2.9500000e+01   3.5200000e+01   1.7428571e+01   2.0000000e+00   5.0000000e+00   1.4000000e+01   1.0653061e+01
   9.5713700e+02   2.6000000e+01   3.8000000e+01   5.7500000e+02   5.9000000e+01   2.9500000e+01   4.2600000e+01   1.8105263e+01   2.0000000e+00   5.0000000e+00   1.9000000e+01   1.1600000e+01
   5.8800314e+02   2.7000000e+01   3.5000000e+01   4.6900000e+02   5.9000000e+01   2.9500000e+01   2.9142857e+01   1.3888889e+01   2.0000000e+00   7.0000000e+00   1.8000000e+01   1.0428571e+01
   8.2902690e+02   2.2000000e+01   3.7000000e+01   5.5900000e+02   6.9000000e+01   3.4500000e+01   4.2800000e+01   2.1333333e+01   2.0000000e+00   5.0000000e+00   1.5000000e+01   1.1714286e+01
   7.1947320e+02   2.2000000e+01   3.5000000e+01   5.2900000e+02   6.6000000e+01   3.3000000e+01   4.2400000e+01   1.9333333e+01   2.0000000e+00   5.0000000e+00   1.5000000e+01   1.1481481e+01
   8.9169101e+02   2.7000000e+01   4.1000000e+01   5.7600000e+02   6.4000000e+01   3.2000000e+01   3.3428571e+01   1.8111111e+01   2.0000000e+00   7.0000000e+00   1.8000000e+01   1.0615385e+01
   8.0758428e+02   2.5000000e+01   4.0000000e+01   5.3700000e+02   6.4000000e+01   3.2000000e+01   3.8200000e+01   1.8000000e+01   2.0000000e+00   5.0000000e+00   1.8000000e+01   1.0850000e+01
   1.0091255e+03   2.7000000e+01   4.1000000e+01   5.7300000e+02   6.1000000e+01   3.0500000e+01   3.9500000e+01   1.6894737e+01   2.0000000e+00   6.0000000e+00   1.9000000e+01   1.0276923e+01
   9.1997218e+02   2.4000000e+01   3.6000000e+01   5.3200000e+02   7.0000000e+01   3.5000000e+01   3.8333333e+01   1.7062500e+01   2.0000000e+00   6.0000000e+00   1.6000000e+01   1.1509434e+01
   9.3293663e+02   2.6000000e+01   4.9000000e+01   5.8800000e+02   6.8000000e+01   3.4000000e+01   4.4800000e+01   1.8736842e+01   2.0000000e+00   5.0000000e+00   1.9000000e+01   1.0623188e+01
   9.9683075e+02   2.2000000e+01   4.0000000e+01   5.9400000e+02   6.8000000e+01   3.4000000e+01   4.6800000e+01   2.2466667e+01   2.0000000e+00   5.0000000e+00   1.5000000e+01   1.1300000e+01
   7.2952150e+02   2.6000000e+01   3.4000000e+01   5.3600000e+02   6.3000000e+01   3.1500000e+01   3.4666667e+01   1.6888889e+01   2.0000000e+00   6.0000000e+00   1.8000000e+01   1.1654545e+01
   9.0341802e+02   2.4000000e+01   3.8000000e+01   5.4500000e+02   6.5000000e+01   3.2500000e+01   3.6000000e+01   2.0294118e+01   2.0000000e+00   5.0000000e+00   1.7000000e+01   1.1310345e+01
   8.2330581e+02   2.7000000e+01   3.5000000e+01   5.3500000e+02   6.2000000e+01   3.1000000e+01   3.6833333e+01   1.5473684e+01   2.0000000e+00   6.0000000e+00   1.9000000e+01   1.1086207e+01
   9.4766906e+02   2.5000000e+01   3.9000000e+01   5.9900000e+02   6.8000000e+01   3.4000000e+01   4.4400000e+01   1.9388889e+01   2.0000000e+00   5.0000000e+00   1.8000000e+01   1.1475410e+01
   9.0049194e+02   2.8000000e+01   4.1000000e+01   5.4900000e+02   6.8000000e+01   3.4000000e+01   3.2571429e+01   1.5789474e+01   2.0000000e+00   7.0000000e+00   1.9000000e+01   1.0430769e+01
   1.1041156e+03   2.7000000e+01   4.5000000e+01   6.2300000e+02   6.6000000e+01   3.3000000e+01   3.8285714e+01   1.9611111e+01   2.0000000e+00   7.0000000e+00   1.8000000e+01   1.1188406e+01
   8.9488515e+02   3.2000000e+01   4.1000000e+01   5.5200000e+02   5.7000000e+01   2.8500000e+01   3.5142857e+01   1.2913043e+01   2.0000000e+00   7.0000000e+00   2.3000000e+01   9.9402985e+00
   9.1569880e+02   2.8000000e+01   4.2000000e+01   5.8400000e+02   6.2000000e+01   3.1000000e+01   3.8333333e+01   1.6800000e+01   2.0000000e+00   6.0000000e+00   2.0000000e+01   1.0970149e+01
   1.0333061e+03   2.7000000e+01   4.1000000e+01   5.6200000e+02   6.2000000e+01   3.1000000e+01   3.5500000e+01   1.7631579e+01   2.0000000e+00   6.0000000e+00   1.9000000e+01   1.0703125e+01
   8.2994963e+02   2.8000000e+01   3.6000000e+01   5.1300000e+02   6.0000000e+01   3.0000000e+01   3.4428571e+01   1.3684211e+01   2.0000000e+00   7.0000000e+00   1.9000000e+01   1.0491803e+01
   6.6130240e+02   2.3000000e+01   3.2000000e+01   4.7000000e+02   6.7000000e+01   3.3500000e+01   3.2500000e+01   1.6200000e+01   2.0000000e+00   6.0000000e+00   1.5000000e+01   1.1360000e+01
   8.9839194e+02   2.8000000e+01   4.3000000e+01   5.9900000e+02   6.1000000e+01   3.0500000e+01   3.8857143e+01   1.6631579e+01   2.0000000e+00   7.0000000e+00   1.9000000e+01   1.0985294e+01
   8.7127717e+02   2.6000000e+01   4.1000000e+01   5.8500000e+02   6.6000000e+01   3.3000000e+01   3.8166667e+01   1.8722222e+01   2.0000000e+00   6.0000000e+00   1.8000000e+01   1.1184615e+01
   1.1299049e+03   2.7000000e+01   4.8000000e+01   6.0000000e+02   6.3000000e+01   3.1500000e+01   3.9000000e+01   1.8947368e+01   2.0000000e+00   6.0000000e+00   1.9000000e+01   1.0450704e+01
   9.1089029e+02   2.2000000e+01   4.1000000e+01   5.1300000e+02   5.8000000e+01   2.9000000e+01   4.5250000e+01   1.9875000e+01   2.0000000e+00   4.0000000e+00   1.6000000e+01   1.0800000e+01
   8.2510591e+02   2.8000000e+01   3.9000000e+01   5.0900000e+02   5.7000000e+01   2.8500000e+01   2.9250000e+01   1.4833333e+01   2.0000000e+00   8.0000000e+00   1.8000000e+01   1.0111111e+01
   8.2643267e+02   2.4000000e+01   3.4000000e+01   4.9000000e+02   6.4000000e+01   3.2000000e+01   3.3500000e+01   1.6437500e+01   2.0000000e+00   6.0000000e+00   1.6000000e+01   1.0464286e+01
   8.8809387e+02   2.5000000e+01   4.2000000e+01   5.9800000e+02   6.2000000e+01   3.1000000e+01   4.4400000e+01   2.0055556e+01   2.0000000e+00   5.0000000e+00   1.8000000e+01   1.1109375e+01
   7.8041188e+02   2.4000000e+01   3.7000000e+01   5.7500000e+02   6.7000000e+01   3.3500000e+01   3.9833333e+01   1.9562500e+01   2.0000000e+00   6.0000000e+00   1.6000000e+01   1.1172414e+01
   8.3244082e+02   2.5000000e+01   3.8000000e+01   5.1100000e+02   6.2000000e+01   3.1000000e+01   3.6166667e+01   1.6705882e+01   2.0000000e+00   6.0000000e+00   1.7000000e+01   1.0898305e+01
   8.9145503e+02   2.4000000e+01   4.3000000e+01   5.5200000e+02   6.6000000e+01   3.3000000e+01   3.5666667e+01   2.0312500e+01   2.0000000e+00   6.0000000e+00   1.6000000e+01   1.0600000e+01
   9.1118839e+02   2.5000000e+01   4.1000000e+01   5.4900000e+02   6.7000000e+01   3.3500000e+01   3.8000000e+01   1.7764706e+01   2.0000000e+00   6.0000000e+00   1.7000000e+01   1.1048387e+01
   7.0385883e+02   2.4000000e+01   2.9000000e+01   4.8500000e+02   6.1000000e+01   3.0500000e+01   3.0000000e+01   1.7187500e+01   2.0000000e+00   6.0000000e+00   1.6000000e+01   1.1836735e+01
   9.2760348e+02   2.5000000e+01   4.1000000e+01   5.9000000e+02   6.5000000e+01   3.2500000e+01   4.4000000e+01   1.9944444e+01   2.0000000e+00   5.0000000e+00   1.8000000e+01   1.1590164e+01
   6.3737313e+02   2.4000000e+01   3.3000000e+01   4.6500000e+02   6.4000000e+01   3.2000000e+01   3.7000000e+01   1.4647059e+01   2.0000000e+00   5.0000000e+00   1.7000000e+01   1.1274510e+01
   9.0096224e+02   2.7000000e+01   3.8000000e+01   5.6300000e+02   6.6000000e+01   3.3000000e+01   2.9714286e+01   1.8500000e+01   2.0000000e+00   7.0000000e+00   1.8000000e+01   1.1016393e+01
   7.5706626e+02   2.4000000e+01   4.0000000e+01   5.4600000e+02   6.7000000e+01   3.3500000e+01   3.9400000e+01   1.9470588e+01   2.0000000e+00   5.0000000e+00   1.7000000e+01   1.1450000e+01
   9.6944075e+02   2.8000000e+01   3.6000000e+01   5.7200000e+02   5.9000000e+01   2.9500000e+01   3.5142857e+01   1.6578947e+01   2.0000000e+00   7.0000000e+00   1.9000000e+01   1.1467742e+01
   8.2169231e+02   2.4000000e+01   3.3000000e+01   4.6400000e+02   6.1000000e+01   3.0500000e+01   3.9600000e+01   1.4823529e+01   2.0000000e+00   5.0000000e+00   1.7000000e+01   1.0685185e+01
   9.0186867e+02   2.8000000e+01   4.1000000e+01   5.9900000e+02   6.4000000e+01   3.2000000e+01   3.9166667e+01   1.7150000e+01   2.0000000e+00   6.0000000e+00   2.0000000e+01   1.1402985e+01
   1.0083831e+03   3.0000000e+01   4.4000000e+01   6.2700000e+02   6.0000000e+01   3.0000000e+01   3.8000000e+01   1.6904762e+01   2.0000000e+00   7.0000000e+00   2.1000000e+01   1.1134328e+01
   9.6282354e+02   2.2000000e+01   4.0000000e+01   5.4900000e+02   7.4000000e+01   3.7000000e+01   3.9000000e+01   2.1533333e+01   2.0000000e+00   5.0000000e+00   1.5000000e+01   1.1517241e+01
   8.4418579e+02   2.8000000e+01   3.8000000e+01   5.8000000e+02   6.0000000e+01   3.0000000e+01   3.8333333e+01   1.6850000e+01   2.0000000e+00   6.0000000e+00   2.0000000e+01   1.1000000e+01
   8.5635166e+02   2.3000000e+01   3.7000000e+01   5.3500000e+02   6.7000000e+01   3.3500000e+01   3.1142857e+01   2.0785714e+01   2.0000000e+00   7.0000000e+00   1.4000000e+01   1.1254545e+01
   8.5630748e+02   2.5000000e+01   3.9000000e+01   5.2900000e+02   6.6000000e+01   3.3000000e+01   3.7800000e+01   1.7833333e+01   2.0000000e+00   5.0000000e+00   1.8000000e+01   1.0833333e+01
   1.0285150e+03   2.8000000e+01   4.4000000e+01   6.3800000e+02   6.4000000e+01   3.2000000e+01   3.5714286e+01   2.0157895e+01   2.0000000e+00   7.0000000e+00   1.9000000e+01   1.1028986e+01
   7.9465321e+02   2.4000000e+01   3.5000000e+01   5.4600000e+02   6.2000000e+01   3.1000000e+01   4.2400000e+01   1.8529412e+01   2.0000000e+00   5.0000000e+00   1.7000000e+01   1.1388889e+01
   8.2123925e+02   2.7000000e+01   3.8000000e+01   5.5900000e+02   6.3000000e+01   3.1500000e+01   3.4142857e+01   1.6444444e+01   2.0000000e+00   7.0000000e+00   1.8000000e+01   1.1271186e+01
   6.2921369e+02   2.1000000e+01   3.0000000e+01   4.3400000e+02   6.5000000e+01   3.2500000e+01   3.1166667e+01   1.6538462e+01   2.0000000e+00   6.0000000e+00   1.3000000e+01   1.0708333e+01
   8.7337795e+02   2.2000000e+01   4.0000000e+01   5.3400000e+02   6.8000000e+01   3.4000000e+01   4.1600000e+01   2.0266667e+01   2.0000000e+00   5.0000000e+00   1.5000000e+01   1.0824561e+01
   9.4290789e+02   2.2000000e+01   3.8000000e+01   5.5700000e+02   6.6000000e+01   3.3000000e+01   4.7000000e+01   2.1625000e+01   2.0000000e+00   4.0000000e+00   1.6000000e+01   1.1465517e+01
   1.0783693e+03   2.5000000e+01   4.5000000e+01   5.6900000e+02   6.0000000e+01   3.0000000e+01   3.6500000e+01   2.0235294e+01   2.0000000e+00   6.0000000e+00   1.7000000e+01   1.0444444e+01
   9.3021105e+02   3.0000000e+01   4.0000000e+01   5.7500000e+02   5.9000000e+01   2.9500000e+01   3.3714286e+01   1.5714286e+01   2.0000000e+00   7.0000000e+00   2.1000000e+01   1.1000000e+01
   8.4998127e+02   2.3000000e+01   3.6000000e+01   5.3200000e+02   7.0000000e+01   3.5000000e+01   4.1400000e+01   1.8250000e+01   2.0000000e+00   5.0000000e+00   1.6000000e+01   1.1456140e+01
   9.3075361e+02   3.2000000e+01   4.2000000e+01   6.3900000e+02   6.1000000e+01   3.0500000e+01   3.9000000e+01   1.5304348e+01   2.0000000e+00   7.0000000e+00   2.3000000e+01   1.1637681e+01
   1.0538864e+03   2.6000000e+01   4.4000000e+01   6.1000000e+02   6.7000000e+01   3.3500000e+01   4.1166667e+01   1.9500000e+01   2.0000000e+00   6.0000000e+00   1.8000000e+01   1.1176471e+01
   8.6056606e+02   2.3000000e+01   3.9000000e+01   5.3700000e+02   6.3000000e+01   3.1500000e+01   3.9400000e+01   1.9812500e+01   2.0000000e+00   5.0000000e+00   1.6000000e+01   1.1118644e+01
   9.1068394e+02   2.6000000e+01   4.1000000e+01   5.7200000e+02   6.4000000e+01   3.2000000e+01   3.7500000e+01   1.8333333e+01   2.0000000e+00   6.0000000e+00   1.8000000e+01   1.0906250e+01
   8.6027078e+02   2.2000000e+01   3.7000000e+01   5.4000000e+02   6.6000000e+01   3.3000000e+01   3.8333333e+01   2.1071429e+01   2.0000000e+00   6.0000000e+00   1.4000000e+01   1.1509434e+01
   1.0871594e+03   2.4000000e+01   4.4000000e+01   5.8200000e+02   6.8000000e+01   3.4000000e+01   4.1400000e+01   2.1294118e+01   2.0000000e+00   5.0000000e+00   1.7000000e+01   1.1061538e+01
   9.4888592e+02   2.4000000e+01   3.6000000e+01   5.3300000e+02   6.1000000e+01   3.0500000e+01   3.1000000e+01   2.0312500e+01   2.0000000e+00   6.0000000e+00   1.6000000e+01   1.1357143e+01
   8.9489951e+02   2.5000000e+01   4.1000000e+01   5.7400000e+02   6.6000000e+01   3.3000000e+01   3.8666667e+01   1.9117647e+01   2.0000000e+00   6.0000000e+00   1.7000000e+01   1.1442623e+01
   7.4424066e+02   2.5000000e+01   3.6000000e+01   5.2700000e+02   6.2000000e+01   3.1000000e+01   3.5666667e+01   1.7000000e+01   2.0000000e+00   6.0000000e+00   1.7000000e+01   1.1178571e+01
   7.2812993e+02   2.7000000e+01   3.7000000e+01   5.0300000e+02   6.3000000e+01   3.1500000e+01   3.8800000e+01   1.4950000e+01   2.0000000e+00   5.0000000e+00   2.0000000e+01   1.0694915e+01
   8.7166944e+02   2.5000000e+01   4.0000000e+01   5.3600000e+02   6.1000000e+01   3.0500000e+01   4.1400000e+01   1.7444444e+01   2.0000000e+00   5.0000000e+00   1.8000000e+01   1.0868852e+01
   8.7626492e+02   2.0000000e+01   4.2000000e+01   5.4800000e+02   6.7000000e+01   3.3500000e+01   4.8000000e+01   2.3785714e+01   2.0000000e+00   4.0000000e+00   1.4000000e+01   1.0898305e+01
   9.5768824e+02   3.1000000e+01   4.3000000e+01   6.2700000e+02   5.7000000e+01   2.8500000e+01   4.1000000e+01   1.6391304e+01   2.0000000e+00   6.0000000e+00   2.3000000e+01   1.1126761e+01
   6.7415277e+02   2.5000000e+01   3.2000000e+01   4.4900000e+02   6.0000000e+01   3.0000000e+01   2.7571429e+01   1.4812500e+01   2.0000000e+00   7.0000000e+00   1.6000000e+01   1.0470588e+01
   8.3325665e+02   2.2000000e+01   3.8000000e+01   4.8600000e+02   6.8000000e+01   3.4000000e+01   3.6600000e+01   1.9533333e+01   2.0000000e+00   5.0000000e+00   1.5000000e+01   1.1019231e+01
   8.2889583e+02   2.6000000e+01   3.9000000e+01   5.4300000e+02   6.7000000e+01   3.3500000e+01   3.3500000e+01   1.7611111e+01   2.0000000e+00   6.0000000e+00   1.8000000e+01   1.1206897e+01
   9.1860483e+02   2.8000000e+01   4.0000000e+01   5.6300000e+02   6.5000000e+01   3.2500000e+01   3.3428571e+01   1.6105263e+01   2.0000000e+00   7.0000000e+00   1.9000000e+01   1.0492308e+01
   8.3320060e+02   2.6000000e+01   4.0000000e+01   5.9100000e+02   6.6000000e+01   3.3000000e+01   3.9666667e+01   1.8277778e+01   2.0000000e+00   6.0000000e+00   1.8000000e+01   1.1203125e+01
   8.9899594e+02   2.6000000e+01   4.1000000e+01   5.5200000e+02   6.6000000e+01   3.3000000e+01   3.6000000e+01   1.6882353e+01   2.0000000e+00   7.0000000e+00   1.7000000e+01   1.0655738e+01
   9.5995126e+02   2.7000000e+01   4.4000000e+01   5.7800000e+02   5.8000000e+01   2.9000000e+01   4.3200000e+01   1.7600000e+01   2.0000000e+00   5.0000000e+00   2.0000000e+01   1.0545455e+01
   9.2073116e+02   2.7000000e+01   4.1000000e+01   6.2300000e+02   6.5000000e+01   3.2500000e+01   3.2500000e+01   2.0117647e+01   2.0000000e+00   8.0000000e+00   1.7000000e+01   1.1061538e+01
   1.0404792e+03   2.6000000e+01   4.9000000e+01   6.5400000e+02   6.7000000e+01   3.3500000e+01   3.9666667e+01   2.2111111e+01   2.0000000e+00   6.0000000e+00   1.8000000e+01   1.0914286e+01
   9.8044384e+02   2.8000000e+01   4.0000000e+01   5.7400000e+02   6.4000000e+01   3.2000000e+01   3.6833333e+01   1.6650000e+01   2.0000000e+00   6.0000000e+00   2.0000000e+01   1.1246154e+01
   7.4887908e+02   2.3000000e+01   3.9000000e+01   5.0400000e+02   6.4000000e+01   3.2000000e+01   3.5000000e+01   1.8400000e+01   2.0000000e+00   6.0000000e+00   1.5000000e+01   1.0631579e+01
   7.9642280e+02   2.3000000e+01   4.1000000e+01   5.7000000e+02   6.8000000e+01   3.4000000e+01   4.3200000e+01   2.1312500e+01   2.0000000e+00   5.0000000e+00   1.6000000e+01   1.1568966e+01
   8.8435083e+02   2.6000000e+01   3.5000000e+01   5.0000000e+02   6.2000000e+01   3.1000000e+01   3.4333333e+01   1.5166667e+01   2.0000000e+00   6.0000000e+00   1.8000000e+01   1.0844828e+01
