   2.1333989e+03   4.0000000e+01   6.9000000e+01   5.1700000e+02   5.0000000e+01   2.5000000e+01   3.0250000e+01   1.0200000e+01   2.0000000e+00   8.0000000e+00   3.0000000e+01   6.1538462e+00
   1.8807733e+03   3.4000000e+01   6.2000000e+01   4.9000000e+02   5.5000000e+01   2.7500000e+01   2.6500000e+01   1.2166667e+01   2.0000000e+00   8.0000000e+00   2.4000000e+01   6.3956044e+00
   2.2467837e+03   3.9000000e+01   7.2000000e+01   5.2700000e+02   5.4000000e+01   2.7000000e+01   2.8428571e+01   1.1933333e+01   2.0000000e+00   7.0000000e+00   3.0000000e+01   6.1600000e+00
   1.5087106e+03   3.8000000e+01   5.0000000e+01   4.1400000e+02   5.2000000e+01   2.6000000e+01   2.3625000e+01   8.1428571e+00   2.0000000e+00   8.0000000e+00   2.8000000e+01   5.9750000e+00
   1.9149406e+03   3.4000000e+01   5.5000000e+01   4.4800000e+02   4.8000000e+01   2.4000000e+01   3.0666667e+01   1.0769231e+01   2.0000000e+00   6.0000000e+00   2.6000000e+01   6.1904762e+00
   2.1039214e+03   4.2000000e+01   6.6000000e+01   5.3700000e+02   5.1000000e+01   2.5500000e+01   3.2142857e+01   1.0272727e+01   2.0000000e+00   7.0000000e+00   3.3000000e+01   6.0693069e+00
   1.8588163e+03   4.0000000e+01   5.5000000e+01   4.6000000e+02   5.4000000e+01   2.7000000e+01   2.5250000e+01   9.2333333e+00   2.0000000e+00   8.0000000e+00   3.0000000e+01   6.3956044e+00
   1.9840364e+03   3.4000000e+01   6.5000000e+01   4.5200000e+02   5.3000000e+01   2.6500000e+01   2.7857143e+01   1.1160000e+01   2.0000000e+00   7.0000000e+00   2.5000000e+01   5.9111111e+00
   1.8998141e+03   3.8000000e+01   5.7000000e+01   4.8500000e+02   5.4000000e+01   2.7000000e+01   2.7125000e+01   1.0000000e+01   2.0000000e+00   8.0000000e+00   2.8000000e+01   6.3406593e+00
   1.6928470e+03   3.6000000e+01   5.8000000e+01   4.2600000e+02   5.4000000e+01   2.7000000e+01   2.3714286e+01   1.0000000e+01   2.0000000e+00   7.0000000e+00   2.7000000e+01   5.8139535e+00
   2.3036523e+03   4.5000000e+01   7.5000000e+01   5.8800000e+02   5.3000000e+01   2.6500000e+01   3.1375000e+01   1.0542857e+01   2.0000000e+00   8.0000000e+00   3.5000000e+01   6.0347826e+00
   2.4007761e+03   4.2000000e+01   7.1000000e+01   5.4100000e+02   5.3000000e+01   2.6500000e+01   3.0750000e+01   1.0125000e+01   2.0000000e+00   8.0000000e+00   3.2000000e+01   5.8888889e+00
   1.5152396e+03   3.5000000e+01   5.7000000e+01   4.6500000e+02   5.4000000e+01   2.7000000e+01   2.5750000e+01   1.1080000e+01   2.0000000e+00   8.0000000e+00   2.5000000e+01   6.2359551e+00
   2.3309466e+03   4.1000000e+01   7.4000000e+01   5.3900000e+02   5.1000000e+01   2.5500000e+01   3.3142857e+01   1.1218750e+01   2.0000000e+00   7.0000000e+00   3.2000000e+01   5.9908257e+00
   2.4124717e+03   4.5000000e+01   7.1000000e+01   5.4900000e+02   5.3000000e+01   2.6500000e+01   2.7444444e+01   9.7647059e+00   2.0000000e+00   9.0000000e+00   3.4000000e+01   5.9633028e+00
   2.2997249e+03   4.6000000e+01   7.4000000e+01   6.0900000e+02   5.4000000e+01   2.7000000e+01   3.1111111e+01   1.0371429e+01   2.0000000e+00   9.0000000e+00   3.5000000e+01   6.3391304e+00
   2.0249941e+03   3.8000000e+01   6.4000000e+01   4.9200000e+02   5.4000000e+01   2.7000000e+01   2.7142857e+01   1.1137931e+01   2.0000000e+00   7.0000000e+00   2.9000000e+01   5.9684211e+00
   2.1495720e+03   4.0000000e+01   6.5000000e+01   4.5000000e+02   5.5000000e+01   2.7500000e+01   2.5875000e+01   8.9333333e+00   2.0000000e+00   8.0000000e+00   3.0000000e+01   5.6122449e+00
   1.9156865e+03   4.1000000e+01   7.0000000e+01   5.4500000e+02   5.4000000e+01   2.7000000e+01   3.3285714e+01   1.0468750e+01   2.0000000e+00   7.0000000e+00   3.2000000e+01   6.2788462e+00
   2.1364897e+03   4.1000000e+01   7.1000000e+01   5.4400000e+02   5.7000000e+01   2.8500000e+01   3.2142857e+01   1.0968750e+01   2.0000000e+00   7.0000000e+00   3.2000000e+01   6.1714286e+00
   2.1375621e+03   4.4000000e+01   7.2000000e+01   5.9700000e+02   5.6000000e+01   2.8000000e+01   3.1875000e+01   1.0735294e+01   2.0000000e+00   8.0000000e+00   3.4000000e+01   6.3518519e+00
   1.9883724e+03   3.8000000e+01   6.2000000e+01   4.5900000e+02   4.9000000e+01   2.4500000e+01   2.9714286e+01   9.6206897e+00   2.0000000e+00   7.0000000e+00   2.9000000e+01   5.9893617e+00
   2.5441791e+03   4.7000000e+01   7.7000000e+01   5.9900000e+02   5.2000000e+01   2.6000000e+01   3.1000000e+01   9.8055556e+00   2.0000000e+00   9.0000000e+00   3.6000000e+01   5.9159664e+00
   2.2492521e+03   4.0000000e+01   6.3000000e+01   4.8700000e+02   5.1000000e+01   2.5500000e+01   2.7857143e+01   1.0129032e+01   2.0000000e+00   7.0000000e+00   3.1000000e+01   5.8265306e+00
   2.2122138e+03   4.1000000e+01   7.3000000e+01   5.4900000e+02   5.3000000e+01   2.6500000e+01   3.2428571e+01   1.1187500e+01   2.0000000e+00   7.0000000e+00   3.2000000e+01   6.2285714e+00
   2.4427494e+03   5.4000000e+01   8.2000000e+01   6.3400000e+02   5.1000000e+01   2.5500000e+01   2.6363636e+01   9.7804878e+00   2.0000000e+00   1.1000000e+01   4.1000000e+01   6.1760000e+00
   2.0862824e+03   4.1000000e+01   7.1000000e+01   5.6600000e+02   5.4000000e+01   2.7000000e+01   3.0625000e+01   1.1451613e+01   2.0000000e+00   8.0000000e+00   3.1000000e+01   6.1869159e+00
   2.3078599e+03   4.6000000e+01   7.5000000e+01   5.4000000e+02   5.4000000e+01   2.7000000e+01   2.4909091e+01   9.3939394e+00   2.0000000e+00   1.1000000e+01   3.3000000e+01   5.9819820e+00
   2.3057848e+03   4.3000000e+01   7.0000000e+01   5.5800000e+02   5.2000000e+01   2.6000000e+01   3.2000000e+01   1.0151515e+01   2.0000000e+00   8.0000000e+00   3.3000000e+01   6.2190476e+00
   2.3340198e+03   5.0000000e+01   7.2000000e+01   5.5400000e+02   5.4000000e+01   2.7000000e+01   2.8222222e+01   8.4615385e+00   2.0000000e+00   9.0000000e+00   3.9000000e+01   5.7217391e+00
   2.1769165e+03   4.0000000e+01   7.2000000e+01   6.0600000e+02   5.7000000e+01   2.8500000e+01   3.1375000e+01   1.2633333e+01   2.0000000e+00   8.0000000e+00   3.0000000e+01   6.3888889e+00
   2.5748533e+03   3.8000000e+01   7.9000000e+01   5.8500000e+02   5.5000000e+01   2.7500000e+01   3.6000000e+01   1.3233333e+01   2.0000000e+00   6.0000000e+00   3.0000000e+01   6.1875000e+00
   1.9371899e+03   4.5000000e+01   6.9000000e+01   5.5200000e+02   5.5000000e+01   2.7500000e+01   2.8000000e+01   9.9714286e+00   2.0000000e+00   8.0000000e+00   3.5000000e+01   6.0660377e+00
   1.6018795e+03   3.6000000e+01   5.8000000e+01   4.7600000e+02   5.2000000e+01   2.6000000e+01   3.1000000e+01   1.0222222e+01   2.0000000e+00   7.0000000e+00   2.7000000e+01   6.3777778e+00
   1.9972222e+03   3.7000000e+01   7.2000000e+01   5.2000000e+02   5.5000000e+01   2.7500000e+01   3.0428571e+01   1.1928571e+01   2.0000000e+00   7.0000000e+00   2.8000000e+01   5.9898990e+00
   2.1939086e+03   4.0000000e+01   7.4000000e+01   5.7600000e+02   5.6000000e+01   2.8000000e+01   3.1571429e+01   1.2387097e+01   2.0000000e+00   7.0000000e+00   3.1000000e+01   6.1698113e+00
   2.7541239e+03   4.2000000e+01   7.9000000e+01   5.7700000e+02   5.2000000e+01   2.6000000e+01   3.2571429e+01   1.1757576e+01   2.0000000e+00   7.0000000e+00   3.3000000e+01   6.0173913e+00
   1.8689910e+03   3.8000000e+01   6.8000000e+01   5.3500000e+02   5.3000000e+01   2.6500000e+01   3.4666667e+01   1.1700000e+01   2.0000000e+00   6.0000000e+00   3.0000000e+01   6.1188119e+00
   1.9938985e+03   5.3000000e+01   7.0000000e+01   5.6700000e+02   4.9000000e+01   2.4500000e+01   3.0111111e+01   8.1904762e+00   2.0000000e+00   9.0000000e+00   4.2000000e+01   6.2192982e+00
   2.1488165e+03   3.9000000e+01   7.4000000e+01   5.5700000e+02   5.2000000e+01   2.6000000e+01   2.9250000e+01   1.2344828e+01   2.0000000e+00   8.0000000e+00   2.9000000e+01   6.2523364e+00
   2.0639905e+03   4.2000000e+01   7.1000000e+01   5.6500000e+02   5.3000000e+01   2.6500000e+01   3.1375000e+01   1.1000000e+01   2.0000000e+00   8.0000000e+00   3.2000000e+01   6.3679245e+00
   2.0908411e+03   4.9000000e+01   7.3000000e+01   5.6500000e+02   5.0000000e+01   2.5000000e+01   2.6500000e+01   9.1621622e+00   2.0000000e+00   1.0000000e+01   3.7000000e+01   6.0862069e+00
   1.9196010e+03   3.5000000e+01   6.2000000e+01   4.9500000e+02   5.1000000e+01   2.5500000e+01   2.7000000e+01   1.2538462e+01   2.0000000e+00   7.0000000e+00   2.6000000e+01   6.1666667e+00
   2.2232079e+03   3.9000000e+01   6.6000000e+01   4.8800000e+02   5.4000000e+01   2.7000000e+01   2.9125000e+01   9.3448276e+00   2.0000000e+00   8.0000000e+00   2.9000000e+01   6.0204082e+00
   1.9127335e+03   3.6000000e+01   6.3000000e+01   4.9800000e+02   5.2000000e+01   2.6000000e+01   2.9571429e+01   1.1518519e+01   2.0000000e+00   7.0000000e+00   2.7000000e+01   6.5161290e+00
   2.0812729e+03   4.5000000e+01   7.2000000e+01   5.5300000e+02   5.1000000e+01   2.5500000e+01   3.1125000e+01   9.6285714e+00   2.0000000e+00   8.0000000e+00   3.5000000e+01   5.9189189e+00
   1.9673088e+03   3.7000000e+01   6.6000000e+01   5.1000000e+02   5.0000000e+01   2.5000000e+01   3.0857143e+01   1.1357143e+01   2.0000000e+00   7.0000000e+00   2.8000000e+01   6.2105263e+00
   2.2770754e+03   4.0000000e+01   7.2000000e+01   5.0300000e+02   5.2000000e+01   2.6000000e+01   3.0857143e+01   1.0645161e+01   2.0000000e+00   7.0000000e+00   3.1000000e+01   5.8653846e+00
   1.9928014e+03   4.4000000e+01   6.6000000e+01   5.3400000e+02   5.5000000e+01   2.7500000e+01   2.8333333e+01   9.2121212e+00   2.0000000e+00   9.0000000e+00   3.3000000e+01   6.1764706e+00
   1.7996272e+03   2.8000000e+01   6.2000000e+01   4.5700000e+02   5.5000000e+01   2.7500000e+01   2.4285714e+01   1.5947368e+01   2.0000000e+00   7.0000000e+00   1.9000000e+01   6.0581395e+00
   2.0716278e+03   5.6000000e+01   7.4000000e+01   5.8300000e+02   4.8000000e+01   2.4000000e+01   2.5727273e+01   7.8372093e+00   2.0000000e+00   1.1000000e+01   4.3000000e+01   6.1176471e+00
   1.9765977e+03   3.7000000e+01   6.6000000e+01   5.1100000e+02   5.4000000e+01   2.7000000e+01   2.9857143e+01   1.1392857e+01   2.0000000e+00   7.0000000e+00   2.8000000e+01   5.9791667e+00
   1.9425292e+03   4.0000000e+01   7.0000000e+01   5.5100000e+02   5.0000000e+01   2.5000000e+01   3.0000000e+01   1.1633333e+01   2.0000000e+00   8.0000000e+00   3.0000000e+01   6.3619048e+00
   2.0013538e+03   3.4000000e+01   6.9000000e+01   5.1900000e+02   5.4000000e+01   2.7000000e+01   3.0142857e+01   1.3080000e+01   2.0000000e+00   7.0000000e+00   2.5000000e+01   6.2346939e+00
   2.0763735e+03   3.2000000e+01   5.9000000e+01   4.5700000e+02   5.2000000e+01   2.6000000e+01   2.2375000e+01   1.3090909e+01   2.0000000e+00   8.0000000e+00   2.2000000e+01   5.9534884e+00
   2.2088562e+03   4.0000000e+01   6.8000000e+01   5.3200000e+02   5.3000000e+01   2.6500000e+01   2.5222222e+01   1.1482759e+01   2.0000000e+00   9.0000000e+00   2.9000000e+01   6.0194175e+00
   1.7598248e+03   3.4000000e+01   5.8000000e+01   4.4700000e+02   5.2000000e+01   2.6000000e+01   2.4250000e+01   1.1083333e+01   2.0000000e+00   8.0000000e+00   2.4000000e+01   6.1511628e+00
   2.1502222e+03   4.1000000e+01   7.5000000e+01   5.6100000e+02   5.4000000e+01   2.7000000e+01   3.1857143e+01   1.1875000e+01   2.0000000e+00   7.0000000e+00   3.2000000e+01   6.1711712e+00
   2.1854897e+03   4.3000000e+01   6.9000000e+01   5.1800000e+02   5.2000000e+01   2.6000000e+01   2.6333333e+01   9.4687500e+00   2.0000000e+00   9.0000000e+00   3.2000000e+01   5.9523810e+00
   2.1544219e+03   5.2000000e+01   7.2000000e+01   5.6200000e+02   5.1000000e+01   2.5500000e+01   2.6400000e+01   8.6500000e+00   2.0000000e+00   1.0000000e+01   4.0000000e+01   5.9827586e+00
   2.5643404e+03   4.5000000e+01   7.8000000e+01   5.8700000e+02   5.2000000e+01   2.6000000e+01   2.7888889e+01   1.1176471e+01   2.0000000e+00   9.0000000e+00   3.4000000e+01   5.7796610e+00
   2.2027754e+03   4.0000000e+01   7.2000000e+01   5.2100000e+02   5.6000000e+01   2.8000000e+01   2.7625000e+01   1.1033333e+01   2.0000000e+00   8.0000000e+00   3.0000000e+01   6.1047619e+00
   1.8012767e+03   3.9000000e+01   5.8000000e+01   4.6300000e+02   5.1000000e+01   2.5500000e+01   2.5888889e+01   8.7500000e+00   2.0000000e+00   9.0000000e+00   2.8000000e+01   6.0215054e+00
   1.8193615e+03   3.9000000e+01   5.8000000e+01   4.9400000e+02   5.5000000e+01   2.7500000e+01   2.9000000e+01   9.4827586e+00   2.0000000e+00   8.0000000e+00   2.9000000e+01   6.1473684e+00
   2.3764557e+03   4.3000000e+01   8.0000000e+01   5.3100000e+02   5.3000000e+01   2.6500000e+01   2.8500000e+01   1.0454545e+01   2.0000000e+00   8.0000000e+00   3.3000000e+01   5.6339286e+00
   1.6203627e+03   3.5000000e+01   5.4000000e+01   4.2600000e+02   5.1000000e+01   2.5500000e+01   2.4857143e+01   1.0115385e+01   2.0000000e+00   7.0000000e+00   2.6000000e+01   6.1829268e+00
   2.1899643e+03   4.2000000e+01   7.5000000e+01   5.4000000e+02   5.6000000e+01   2.8000000e+01   3.0000000e+01   1.0812500e+01   2.0000000e+00   8.0000000e+00   3.2000000e+01   6.0000000e+00
   2.1834562e+03   4.6000000e+01   7.1000000e+01   5.1700000e+02   5.2000000e+01   2.6000000e+01   2.7666667e+01   8.5428571e+00   2.0000000e+00   9.0000000e+00   3.5000000e+01   5.8990826e+00
   2.2150512e+03   4.5000000e+01   7.7000000e+01   5.7900000e+02   5.2000000e+01   2.6000000e+01   2.6777778e+01   1.0941176e+01   2.0000000e+00   9.0000000e+00   3.4000000e+01   6.0175439e+00
   1.8695717e+03   4.3000000e+01   6.5000000e+01   5.0800000e+02   5.3000000e+01   2.6500000e+01   3.2000000e+01   8.5454545e+00   2.0000000e+00   8.0000000e+00   3.3000000e+01   6.1683168e+00
   2.4990277e+03   4.2000000e+01   7.8000000e+01   5.8600000e+02   5.5000000e+01   2.7500000e+01   3.2285714e+01   1.2000000e+01   2.0000000e+00   7.0000000e+00   3.3000000e+01   5.8620690e+00
   2.5372307e+03   5.1000000e+01   7.4000000e+01   5.6300000e+02   4.9000000e+01   2.4500000e+01   2.9000000e+01   8.7250000e+00   2.0000000e+00   9.0000000e+00   4.0000000e+01   5.7226891e+00
   2.2719338e+03   4.2000000e+01   7.4000000e+01   5.0200000e+02   5.0000000e+01   2.5000000e+01   2.6125000e+01   1.0281250e+01   2.0000000e+00   8.0000000e+00   3.2000000e+01   5.6574074e+00
   1.8478602e+03   4.2000000e+01   6.2000000e+01   4.8300000e+02   5.0000000e+01   2.5000000e+01   2.7875000e+01   9.0312500e+00   2.0000000e+00   8.0000000e+00   3.2000000e+01   6.0000000e+00
   2.2872535e+03   4.7000000e+01   7.4000000e+01   5.5700000e+02   5.1000000e+01   2.5500000e+01   2.9333333e+01   9.0833333e+00   2.0000000e+00   9.0000000e+00   3.6000000e+01   6.0608696e+00
   2.2663880e+03   4.4000000e+01   6.8000000e+01   5.3100000e+02   5.1000000e+01   2.5500000e+01   2.7750000e+01   9.8823529e+00   2.0000000e+00   8.0000000e+00   3.4000000e+01   6.0925926e+00
   2.3070129e+03   4.1000000e+01   7.9000000e+01   6.0400000e+02   5.3000000e+01   2.6500000e+01   3.3857143e+01   1.2718750e+01   2.0000000e+00   7.0000000e+00   3.2000000e+01   6.2972973e+00
   2.1215982e+03   4.3000000e+01   6.8000000e+01   5.1300000e+02   4.8000000e+01   2.4000000e+01   2.8125000e+01   9.5454545e+00   2.0000000e+00   8.0000000e+00   3.3000000e+01   5.9523810e+00
   1.9035512e+03   3.9000000e+01   5.7000000e+01   4.0600000e+02   5.4000000e+01   2.7000000e+01   2.0000000e+01   9.0714286e+00   2.0000000e+00   9.0000000e+00   2.8000000e+01   5.8160920e+00
   2.2068468e+03   4.2000000e+01   7.2000000e+01   5.5000000e+02   5.2000000e+01   2.6000000e+01   2.9857143e+01   1.1424242e+01   2.0000000e+00   7.0000000e+00   3.3000000e+01   6.1588785e+00
   2.1708999e+03   3.7000000e+01   6.6000000e+01   5.3300000e+02   5.4000000e+01   2.7000000e+01   2.8125000e+01   1.2074074e+01   2.0000000e+00   8.0000000e+00   2.7000000e+01   6.2268041e+00
   1.8012163e+03   3.8000000e+01   5.8000000e+01   4.5500000e+02   5.5000000e+01   2.7500000e+01   2.2222222e+01   9.7407407e+00   2.0000000e+00   9.0000000e+00   2.7000000e+01   6.2197802e+00
   1.6657932e+03   3.6000000e+01   5.2000000e+01   4.4300000e+02   5.3000000e+01   2.6500000e+01   2.3888889e+01   9.6000000e+00   2.0000000e+00   9.0000000e+00   2.5000000e+01   6.2682927e+00
   1.9335024e+03   3.4000000e+01   6.9000000e+01   5.3600000e+02   5.9000000e+01   2.9500000e+01   2.9000000e+01   1.4080000e+01   2.0000000e+00   7.0000000e+00   2.5000000e+01   6.3333333e+00
   2.2271727e+03   4.6000000e+01   6.9000000e+01   5.7100000e+02   4.9000000e+01   2.4500000e+01   2.9888889e+01   9.5428571e+00   2.0000000e+00   9.0000000e+00   3.5000000e+01   6.2407407e+00
   1.2285364e+03   3.1000000e+01   5.0000000e+01   3.6100000e+02   5.1000000e+01   2.5500000e+01   2.8500000e+01   8.2173913e+00   2.0000000e+00   6.0000000e+00   2.3000000e+01   5.8333333e+00
   2.1463004e+03   4.2000000e+01   6.2000000e+01   4.9100000e+02   5.2000000e+01   2.6000000e+01   2.4555556e+01   9.3548387e+00   2.0000000e+00   9.0000000e+00   3.1000000e+01   5.9896907e+00
   2.2718989e+03   4.3000000e+01   6.9000000e+01   5.4800000e+02   5.1000000e+01   2.5500000e+01   2.8777778e+01   9.9375000e+00   2.0000000e+00   9.0000000e+00   3.2000000e+01   6.1250000e+00
   2.3383481e+03   4.1000000e+01   7.4000000e+01   5.4600000e+02   5.3000000e+01   2.6500000e+01   3.2000000e+01   1.0903226e+01   2.0000000e+00   8.0000000e+00   3.1000000e+01   6.1944444e+00
   1.4153920e+03   2.7000000e+01   5.0000000e+01   3.6200000e+02   5.2000000e+01   2.6000000e+01   2.0714286e+01   1.2333333e+01   2.0000000e+00   7.0000000e+00   1.8000000e+01   5.9594595e+00
   1.4194282e+03   3.2000000e+01   4.4000000e+01   3.4400000e+02   4.8000000e+01   2.4000000e+01   2.3000000e+01   8.1304348e+00   2.0000000e+00   7.0000000e+00   2.3000000e+01   5.9295775e+00
   1.7236613e+03   4.5000000e+01   5.8000000e+01   4.7800000e+02   4.9000000e+01   2.4500000e+01   2.4090909e+01   7.5000000e+00   2.0000000e+00   1.1000000e+01   3.2000000e+01   6.0312500e+00
   2.1362188e+03   4.5000000e+01   6.9000000e+01   5.3200000e+02   5.0000000e+01   2.5000000e+01   2.9750000e+01   9.3142857e+00   2.0000000e+00   8.0000000e+00   3.5000000e+01   5.8018868e+00
   1.7333468e+03   3.5000000e+01   5.7000000e+01   4.1200000e+02   5.0000000e+01   2.5000000e+01   2.1750000e+01   1.0040000e+01   2.0000000e+00   8.0000000e+00   2.5000000e+01   5.8255814e+00
   1.9988092e+03   4.5000000e+01   7.4000000e+01   5.6100000e+02   5.1000000e+01   2.5500000e+01   2.7750000e+01   1.0800000e+01   2.0000000e+00   8.0000000e+00   3.5000000e+01   6.3333333e+00
   1.7837133e+03   3.5000000e+01   5.5000000e+01   4.3800000e+02   5.2000000e+01   2.6000000e+01   2.6714286e+01   1.0153846e+01   2.0000000e+00   7.0000000e+00   2.6000000e+01   6.1411765e+00
   2.0403888e+03   3.7000000e+01   6.2000000e+01   4.8700000e+02   5.5000000e+01   2.7500000e+01   3.2500000e+01   1.0586207e+01   2.0000000e+00   6.0000000e+00   2.9000000e+01   6.3297872e+00
   1.7420457e+03   3.8000000e+01   6.0000000e+01   4.5700000e+02   5.3000000e+01   2.6500000e+01   2.6750000e+01   9.6428571e+00   2.0000000e+00   8.0000000e+00   2.8000000e+01   6.1086957e+00
   1.9240985e+03   4.1000000e+01   7.1000000e+01   5.6500000e+02   5.3000000e+01   2.6500000e+01   2.7444444e+01   1.1766667e+01   2.0000000e+00   9.0000000e+00   3.0000000e+01   6.3173077e+00
   1.7016170e+03   3.8000000e+01   6.1000000e+01   4.4600000e+02   5.2000000e+01   2.6000000e+01   2.7285714e+01   9.3448276e+00   2.0000000e+00   7.0000000e+00   2.9000000e+01   6.0659341e+00
