   1.2972392e+03   4.0000000e+01   5.6000000e+01   3.3600000e+02   4.4000000e+01   2.2000000e+01   2.1875000e+01   5.9666667e+00   2.0000000e+00   8.0000000e+00   3.0000000e+01   4.5777778e+00
   2.2292282e+03   4.9000000e+01   9.5000000e+01   5.1900000e+02   4.8000000e+01   2.4000000e+01   2.6125000e+01   9.4102564e+00   2.0000000e+00   8.0000000e+00   3.9000000e+01   4.5149254e+00
   6.5722260e+02   3.7000000e+01   5.3000000e+01   3.4500000e+02   4.8000000e+01   2.4000000e+01   2.0500000e+01   6.9629630e+00   2.0000000e+00   8.0000000e+00   2.7000000e+01   4.6024096e+00
   1.3738215e+03   3.6000000e+01   7.1000000e+01   4.0100000e+02   4.5000000e+01   2.2500000e+01   2.5571429e+01   9.5185185e+00   2.0000000e+00   7.0000000e+00   2.7000000e+01   4.6060606e+00
   1.8715564e+03   4.6000000e+01   7.9000000e+01   4.6900000e+02   5.0000000e+01   2.5000000e+01   2.4111111e+01   8.3428571e+00   2.0000000e+00   9.0000000e+00   3.5000000e+01   4.5619835e+00
   5.3542738e+02   3.5000000e+01   5.3000000e+01   3.2800000e+02   4.5000000e+01   2.2500000e+01   2.2571429e+01   6.9230769e+00   2.0000000e+00   7.0000000e+00   2.6000000e+01   4.5609756e+00
   1.0839560e+03   3.4000000e+01   4.9000000e+01   3.1900000e+02   4.6000000e+01   2.3000000e+01   2.1285714e+01   7.0800000e+00   2.0000000e+00   7.0000000e+00   2.5000000e+01   4.8076923e+00
   2.0102775e+03   4.3000000e+01   7.0000000e+01   4.0800000e+02   5.0000000e+01   2.5000000e+01   2.4000000e+01   7.4848485e+00   2.0000000e+00   8.0000000e+00   3.3000000e+01   4.5700935e+00
   1.3592630e+03   3.5000000e+01   5.8000000e+01   3.5500000e+02   4.8000000e+01   2.4000000e+01   1.8555556e+01   8.3333333e+00   2.0000000e+00   9.0000000e+00   2.4000000e+01   4.7469880e+00
   1.7697020e+03   4.4000000e+01   7.6000000e+01   4.3300000e+02   4.8000000e+01   2.4000000e+01   2.2777778e+01   8.0606061e+00   2.0000000e+00   9.0000000e+00   3.3000000e+01   4.6545455e+00
   1.6508851e+03   4.5000000e+01   6.4000000e+01   3.7800000e+02   4.4000000e+01   2.2000000e+01   2.4125000e+01   6.4285714e+00   2.0000000e+00   8.0000000e+00   3.5000000e+01   4.4600000e+00
   5.7963582e+02   2.9000000e+01   3.7000000e+01   2.5200000e+02   3.8000000e+01   1.9000000e+01   1.8142857e+01   6.3000000e+00   2.0000000e+00   7.0000000e+00   2.0000000e+01   4.3593750e+00
   1.5319277e+03   3.7000000e+01   6.1000000e+01   3.5700000e+02   4.7000000e+01   2.3500000e+01   2.4428571e+01   7.3571429e+00   2.0000000e+00   7.0000000e+00   2.8000000e+01   4.4494382e+00
   1.4694225e+03   4.4000000e+01   6.8000000e+01   4.0800000e+02   4.7000000e+01   2.3500000e+01   2.1333333e+01   7.2727273e+00   2.0000000e+00   9.0000000e+00   3.3000000e+01   4.5523810e+00
   1.8677588e+03   4.6000000e+01   7.9000000e+01   4.5600000e+02   4.8000000e+01   2.4000000e+01   2.4875000e+01   8.1666667e+00   2.0000000e+00   8.0000000e+00   3.6000000e+01   4.4873950e+00
   1.6264320e+03   4.4000000e+01   6.7000000e+01   3.8400000e+02   4.3000000e+01   2.1500000e+01   2.1555556e+01   6.6666667e+00   2.0000000e+00   9.0000000e+00   3.3000000e+01   4.3883495e+00
   1.2156201e+03   3.3000000e+01   5.3000000e+01   3.2800000e+02   4.7000000e+01   2.3500000e+01   2.3142857e+01   7.2916667e+00   2.0000000e+00   7.0000000e+00   2.4000000e+01   4.7125000e+00
   1.6393352e+03   4.8000000e+01   7.5000000e+01   4.4400000e+02   4.6000000e+01   2.3000000e+01   2.6555556e+01   6.7297297e+00   2.0000000e+00   9.0000000e+00   3.7000000e+01   4.5172414e+00
   5.1189660e+02   3.2000000e+01   4.2000000e+01   2.6900000e+02   4.5000000e+01   2.2500000e+01   2.0000000e+01   5.9130435e+00   2.0000000e+00   7.0000000e+00   2.3000000e+01   4.3857143e+00
   1.3075833e+03   4.3000000e+01   6.4000000e+01   4.0000000e+02   4.7000000e+01   2.3500000e+01   2.2666667e+01   7.0312500e+00   2.0000000e+00   9.0000000e+00   3.2000000e+01   4.6568627e+00
   1.7290072e+03   4.7000000e+01   7.3000000e+01   4.5300000e+02   5.0000000e+01   2.5000000e+01   2.7500000e+01   7.1081081e+00   2.0000000e+00   8.0000000e+00   3.7000000e+01   4.6814159e+00
   1.4436738e+03   4.5000000e+01   7.0000000e+01   4.2600000e+02   4.5000000e+01   2.2500000e+01   2.4200000e+01   6.4545455e+00   2.0000000e+00   1.0000000e+01   3.3000000e+01   4.5555556e+00
   1.4745035e+03   4.8000000e+01   7.0000000e+01   4.3100000e+02   4.5000000e+01   2.2500000e+01   2.1800000e+01   6.9722222e+00   2.0000000e+00   1.0000000e+01   3.6000000e+01   4.6216216e+00
   1.4432216e+03   3.6000000e+01   6.5000000e+01   3.8900000e+02   5.1000000e+01   2.5500000e+01   2.2428571e+01   9.1851852e+00   2.0000000e+00   7.0000000e+00   2.7000000e+01   4.5000000e+00
   1.5143691e+03   2.1000000e+01   7.2000000e+01   3.8000000e+02   4.1000000e+01   8.0000000e+00   4.0500000e+01   2.0882353e+01   2.0000000e+00   2.0000000e+00   1.7000000e+01   4.6976744e+00
   1.5804678e+03   4.4000000e+01   7.0000000e+01   4.1700000e+02   4.9000000e+01   2.4500000e+01   2.1666667e+01   7.3939394e+00   2.0000000e+00   9.0000000e+00   3.3000000e+01   4.5566038e+00
   1.6434795e+03   4.3000000e+01   6.2000000e+01   3.9700000e+02   5.0000000e+01   2.5000000e+01   2.0700000e+01   6.6129032e+00   2.0000000e+00   1.0000000e+01   3.1000000e+01   4.6600000e+00
   1.4688557e+03   4.7000000e+01   6.7000000e+01   4.3000000e+02   4.7000000e+01   2.3500000e+01   2.3888889e+01   6.8055556e+00   2.0000000e+00   9.0000000e+00   3.6000000e+01   4.6851852e+00
   1.6093693e+03   4.2000000e+01   7.2000000e+01   4.4300000e+02   5.0000000e+01   2.5000000e+01   2.5375000e+01   8.4062500e+00   2.0000000e+00   8.0000000e+00   3.2000000e+01   4.6422018e+00
   1.6705759e+03   5.5000000e+01   7.4000000e+01   4.6500000e+02   4.6000000e+01   2.3000000e+01   2.5777778e+01   6.2272727e+00   2.0000000e+00   9.0000000e+00   4.4000000e+01   4.5371901e+00
   1.6882235e+03   3.9000000e+01   6.4000000e+01   3.5700000e+02   4.9000000e+01   2.4500000e+01   2.0125000e+01   7.5172414e+00   2.0000000e+00   8.0000000e+00   2.9000000e+01   4.4021739e+00
   1.5689972e+03   5.0000000e+01   7.3000000e+01   4.7100000e+02   5.0000000e+01   2.5000000e+01   2.6750000e+01   7.3000000e+00   2.0000000e+00   8.0000000e+00   4.0000000e+01   4.8000000e+00
   1.9049629e+03   4.2000000e+01   8.6000000e+01   5.0700000e+02   5.2000000e+01   2.6000000e+01   2.6875000e+01   1.0343750e+01   2.0000000e+00   8.0000000e+00   3.2000000e+01   4.6611570e+00
   1.5670818e+03   3.9000000e+01   6.4000000e+01   3.6300000e+02   4.6000000e+01   2.3000000e+01   2.0500000e+01   7.6551724e+00   2.0000000e+00   8.0000000e+00   2.9000000e+01   4.5376344e+00
   2.1963304e+03   4.3000000e+01   8.4000000e+01   4.6800000e+02   5.0000000e+01   2.5000000e+01   2.8571429e+01   9.0588235e+00   2.0000000e+00   7.0000000e+00   3.4000000e+01   4.5966387e+00
   1.8337997e+03   4.7000000e+01   7.2000000e+01   4.1800000e+02   4.8000000e+01   2.4000000e+01   2.1400000e+01   6.8285714e+00   2.0000000e+00   1.0000000e+01   3.5000000e+01   4.4159292e+00
   1.1644956e+03   2.9000000e+01   4.8000000e+01   2.9800000e+02   4.4000000e+01   2.2000000e+01   1.7250000e+01   8.7894737e+00   2.0000000e+00   8.0000000e+00   1.9000000e+01   4.6527778e+00
   1.7878062e+03   5.3000000e+01   7.9000000e+01   4.6500000e+02   5.1000000e+01   2.5500000e+01   2.0166667e+01   6.6666667e+00   2.0000000e+00   1.2000000e+01   3.9000000e+01   4.5853659e+00
   1.3666567e+03   3.9000000e+01   6.5000000e+01   4.0900000e+02   4.8000000e+01   2.4000000e+01   2.1333333e+01   8.4642857e+00   2.0000000e+00   9.0000000e+00   2.8000000e+01   4.6354167e+00
   1.7164157e+03   4.6000000e+01   6.9000000e+01   4.1800000e+02   4.9000000e+01   2.4500000e+01   2.1500000e+01   6.8529412e+00   2.0000000e+00   1.0000000e+01   3.4000000e+01   4.5648148e+00
   1.2420516e+03   4.0000000e+01   6.8000000e+01   3.9700000e+02   4.9000000e+01   2.4500000e+01   2.2750000e+01   8.0666667e+00   2.0000000e+00   8.0000000e+00   3.0000000e+01   4.5252525e+00
   1.5545884e+03   4.7000000e+01   6.3000000e+01   4.0300000e+02   4.8000000e+01   2.4000000e+01   2.2900000e+01   5.6857143e+00   2.0000000e+00   1.0000000e+01   3.5000000e+01   4.6565657e+00
   1.8762978e+03   4.5000000e+01   7.7000000e+01   4.3400000e+02   4.9000000e+01   2.4500000e+01   2.2875000e+01   8.1714286e+00   2.0000000e+00   8.0000000e+00   3.5000000e+01   4.4385965e+00
   1.3370105e+03   3.9000000e+01   6.6000000e+01   4.1200000e+02   5.0000000e+01   2.5000000e+01   2.3125000e+01   8.6206897e+00   2.0000000e+00   8.0000000e+00   2.9000000e+01   4.8415842e+00
   7.7636367e+02   4.3000000e+01   5.5000000e+01   3.6600000e+02   4.6000000e+01   2.3000000e+01   2.0666667e+01   5.9687500e+00   2.0000000e+00   9.0000000e+00   3.2000000e+01   4.4719101e+00
   1.9748606e+03   4.9000000e+01   8.5000000e+01   4.8400000e+02   5.0000000e+01   2.5000000e+01   2.6444444e+01   7.5000000e+00   2.0000000e+00   9.0000000e+00   3.8000000e+01   4.4508197e+00
   1.9470613e+03   4.8000000e+01   7.7000000e+01   4.5400000e+02   5.2000000e+01   2.6000000e+01   2.4333333e+01   7.3783784e+00   2.0000000e+00   9.0000000e+00   3.7000000e+01   4.5689655e+00
   1.3760405e+03   4.9000000e+01   6.8000000e+01   3.9200000e+02   4.6000000e+01   2.3000000e+01   2.3111111e+01   5.7105263e+00   2.0000000e+00   9.0000000e+00   3.8000000e+01   4.4607843e+00
   1.3259908e+03   4.1000000e+01   6.0000000e+01   3.7700000e+02   4.1000000e+01   2.0500000e+01   2.2444444e+01   6.8000000e+00   2.0000000e+00   9.0000000e+00   3.0000000e+01   4.6666667e+00
   1.1431359e+03   4.5000000e+01   5.7000000e+01   3.5200000e+02   4.4000000e+01   2.2000000e+01   2.1222222e+01   5.2941176e+00   2.0000000e+00   9.0000000e+00   3.4000000e+01   4.5760870e+00
   1.5173817e+03   4.8000000e+01   7.2000000e+01   4.3400000e+02   4.9000000e+01   2.4500000e+01   2.2900000e+01   6.7222222e+00   2.0000000e+00   1.0000000e+01   3.6000000e+01   4.6403509e+00
   1.2960825e+03   1.2000000e+01   5.3000000e+01   2.5600000e+02   5.3000000e+01   4.5000000e+00   5.3000000e+01   2.7333333e+01   2.0000000e+00   1.0000000e+00   9.0000000e+00   4.5423729e+00
   1.5227801e+03   4.8000000e+01   6.6000000e+01   4.0700000e+02   4.5000000e+01   2.2500000e+01   2.4222222e+01   6.0270270e+00   2.0000000e+00   9.0000000e+00   3.7000000e+01   4.5673077e+00
   1.4936807e+03   4.6000000e+01   7.0000000e+01   4.3400000e+02   5.1000000e+01   2.5500000e+01   2.3222222e+01   7.0285714e+00   2.0000000e+00   9.0000000e+00   3.5000000e+01   4.6116505e+00
   2.4031358e+03   5.1000000e+01   9.2000000e+01   5.2700000e+02   4.9000000e+01   2.4500000e+01   2.7222222e+01   8.3250000e+00   2.0000000e+00   9.0000000e+00   4.0000000e+01   4.5522388e+00
   9.3873578e+02   3.1000000e+01   5.3000000e+01   2.8700000e+02   4.1000000e+01   2.0500000e+01   2.2666667e+01   7.2608696e+00   2.0000000e+00   6.0000000e+00   2.3000000e+01   4.4794521e+00
   2.0881700e+03   5.0000000e+01   9.0000000e+01   5.2900000e+02   5.0000000e+01   2.5000000e+01   2.3800000e+01   9.3421053e+00   2.0000000e+00   1.0000000e+01   3.8000000e+01   4.6893939e+00
   1.3323761e+03   1.2000000e+01   5.5000000e+01   2.8500000e+02   5.2000000e+01   5.5000000e+00   5.2000000e+01   3.0666667e+01   2.0000000e+00   1.0000000e+00   9.0000000e+00   4.7460317e+00
   1.2751828e+03   1.9000000e+01   5.9000000e+01   3.0800000e+02   4.0000000e+01   4.0000000e+00   3.9000000e+01   1.8866667e+01   2.0000000e+00   2.0000000e+00   1.5000000e+01   4.6805556e+00
   2.0853804e+03   4.7000000e+01   8.7000000e+01   5.0300000e+02   5.0000000e+01   2.5000000e+01   2.8375000e+01   8.6486486e+00   2.0000000e+00   8.0000000e+00   3.7000000e+01   4.6585366e+00
   1.8352721e+03   5.1000000e+01   7.8000000e+01   4.6000000e+02   5.0000000e+01   2.5000000e+01   2.4700000e+01   6.5128205e+00   2.0000000e+00   1.0000000e+01   3.9000000e+01   4.5462185e+00
   1.5113294e+03   3.8000000e+01   6.5000000e+01   3.7900000e+02   4.6000000e+01   2.3000000e+01   2.3125000e+01   7.8214286e+00   2.0000000e+00   8.0000000e+00   2.8000000e+01   4.4183673e+00
   1.4272674e+03   3.5000000e+01   5.6000000e+01   3.5400000e+02   4.9000000e+01   2.4500000e+01   2.1000000e+01   8.0000000e+00   2.0000000e+00   8.0000000e+00   2.5000000e+01   4.6744186e+00
   1.7226480e+03   5.6000000e+01   7.4000000e+01   4.8200000e+02   4.8000000e+01   2.4000000e+01   2.5700000e+01   6.0227273e+00   2.0000000e+00   1.0000000e+01   4.4000000e+01   4.7310924e+00
   1.6702659e+03   4.7000000e+01   7.0000000e+01   4.3500000e+02   4.8000000e+01   2.4000000e+01   2.0700000e+01   7.2857143e+00   2.0000000e+00   1.0000000e+01   3.5000000e+01   4.7339450e+00
   1.5463147e+03   4.7000000e+01   6.1000000e+01   3.7700000e+02   4.5000000e+01   2.2500000e+01   2.3222222e+01   5.2222222e+00   2.0000000e+00   9.0000000e+00   3.6000000e+01   4.4117647e+00
   7.3452818e+02   3.9000000e+01   5.3000000e+01   3.2600000e+02   4.3000000e+01   2.1500000e+01   2.0222222e+01   5.7142857e+00   2.0000000e+00   9.0000000e+00   2.8000000e+01   4.4939759e+00
   1.1130241e+03   3.6000000e+01   5.6000000e+01   3.1300000e+02   3.7000000e+01   1.8500000e+01   2.0500000e+01   6.6538462e+00   2.0000000e+00   8.0000000e+00   2.6000000e+01   4.5119048e+00
   1.3517943e+03   4.5000000e+01   7.0000000e+01   4.2600000e+02   4.5000000e+01   2.2500000e+01   2.4333333e+01   7.2647059e+00   2.0000000e+00   9.0000000e+00   3.4000000e+01   4.6415094e+00
   1.5417503e+03   4.0000000e+01   7.2000000e+01   4.2900000e+02   5.0000000e+01   2.5000000e+01   2.4750000e+01   8.7666667e+00   2.0000000e+00   8.0000000e+00   3.0000000e+01   4.7400000e+00
   1.6649235e+03   4.9000000e+01   7.3000000e+01   4.4500000e+02   4.9000000e+01   2.4500000e+01   2.3444444e+01   7.0263158e+00   2.0000000e+00   9.0000000e+00   3.8000000e+01   4.5913043e+00
   1.5628764e+03   4.4000000e+01   6.6000000e+01   4.0600000e+02   4.7000000e+01   2.3500000e+01   2.7714286e+01   6.9142857e+00   2.0000000e+00   7.0000000e+00   3.5000000e+01   4.6634615e+00
   1.8321141e+03   4.1000000e+01   7.8000000e+01   4.2200000e+02   4.9000000e+01   2.4500000e+01   2.1777778e+01   8.7333333e+00   2.0000000e+00   9.0000000e+00   3.0000000e+01   4.4485981e+00
   1.5473859e+03   4.9000000e+01   6.4000000e+01   4.0400000e+02   4.6000000e+01   2.3000000e+01   2.3000000e+01   5.4324324e+00   2.0000000e+00   1.0000000e+01   3.7000000e+01   4.4485981e+00
   1.3977471e+03   4.4000000e+01   6.3000000e+01   3.6800000e+02   4.8000000e+01   2.4000000e+01   2.0900000e+01   5.7812500e+00   2.0000000e+00   1.0000000e+01   3.2000000e+01   4.5353535e+00
   1.4401884e+03   4.2000000e+01   7.4000000e+01   4.3200000e+02   5.1000000e+01   2.5500000e+01   2.6375000e+01   8.0312500e+00   2.0000000e+00   8.0000000e+00   3.2000000e+01   4.6261682e+00
   1.8464535e+03   4.6000000e+01   7.4000000e+01   4.4300000e+02   4.8000000e+01   2.4000000e+01   2.2000000e+01   7.8571429e+00   2.0000000e+00   9.0000000e+00   3.5000000e+01   4.5739130e+00
   1.6436844e+03   4.3000000e+01   7.0000000e+01   4.3100000e+02   4.8000000e+01   2.4000000e+01   2.3777778e+01   7.6250000e+00   2.0000000e+00   9.0000000e+00   3.2000000e+01   4.7211538e+00
   1.8753934e+03   4.8000000e+01   7.9000000e+01   4.6200000e+02   4.8000000e+01   2.4000000e+01   2.4300000e+01   7.2777778e+00   2.0000000e+00   1.0000000e+01   3.6000000e+01   4.5462185e+00
   2.0682502e+03   4.8000000e+01   9.0000000e+01   4.7700000e+02   4.9000000e+01   2.4500000e+01   2.6750000e+01   8.2631579e+00   2.0000000e+00   8.0000000e+00   3.8000000e+01   4.3968254e+00
   1.6120560e+03   4.9000000e+01   7.5000000e+01   4.0000000e+02   4.6000000e+01   2.3000000e+01   2.0454545e+01   6.1111111e+00   2.0000000e+00   1.1000000e+01   3.6000000e+01   4.4311927e+00
   1.8260779e+03   5.4000000e+01   7.8000000e+01   4.4200000e+02   4.6000000e+01   2.3000000e+01   2.5444444e+01   5.9534884e+00   2.0000000e+00   9.0000000e+00   4.3000000e+01   4.3821138e+00
   1.8894716e+03   4.5000000e+01   8.1000000e+01   4.4200000e+02   4.8000000e+01   2.4000000e+01   2.4750000e+01   8.1142857e+00   2.0000000e+00   8.0000000e+00   3.5000000e+01   4.5086207e+00
   1.4793445e+03   4.5000000e+01   7.1000000e+01   3.9200000e+02   4.7000000e+01   2.3500000e+01   2.4125000e+01   6.4571429e+00   2.0000000e+00   8.0000000e+00   3.5000000e+01   4.4000000e+00
   1.9978462e+03   5.1000000e+01   8.6000000e+01   5.0900000e+02   4.8000000e+01   2.4000000e+01   2.5200000e+01   7.7692308e+00   2.0000000e+00   1.0000000e+01   3.9000000e+01   4.7016129e+00
   1.6184975e+03   4.7000000e+01   8.2000000e+01   4.7600000e+02   5.0000000e+01   2.5000000e+01   2.5222222e+01   8.0277778e+00   2.0000000e+00   9.0000000e+00   3.6000000e+01   4.5932203e+00
   1.6338374e+03   4.4000000e+01   7.3000000e+01   4.2800000e+02   4.6000000e+01   2.3000000e+01   2.4250000e+01   7.8529412e+00   2.0000000e+00   8.0000000e+00   3.4000000e+01   4.6698113e+00
   1.6013740e+03   4.8000000e+01   6.3000000e+01   4.1300000e+02   4.8000000e+01   2.4000000e+01   2.2600000e+01   5.8333333e+00   2.0000000e+00   1.0000000e+01   3.6000000e+01   4.4761905e+00
   1.4303207e+03   3.7000000e+01   6.7000000e+01   3.8100000e+02   4.8000000e+01   2.4000000e+01   2.0444444e+01   8.3846154e+00   2.0000000e+00   9.0000000e+00   2.6000000e+01   4.5567010e+00
   1.7612603e+03   4.3000000e+01   7.9000000e+01   4.7300000e+02   5.0000000e+01   2.5000000e+01   2.4444444e+01   9.4687500e+00   2.0000000e+00   9.0000000e+00   3.2000000e+01   4.7982456e+00
   1.2962773e+03   4.1000000e+01   6.3000000e+01   3.9100000e+02   4.9000000e+01   2.4500000e+01   2.3666667e+01   6.5333333e+00   2.0000000e+00   9.0000000e+00   3.0000000e+01   4.7142857e+00
   1.7885197e+03   4.8000000e+01   7.8000000e+01   4.5100000e+02   4.9000000e+01   2.4500000e+01   2.0100000e+01   7.9722222e+00   2.0000000e+00   1.0000000e+01   3.6000000e+01   4.5689655e+00
   9.6197572e+02   4.0000000e+01   5.3000000e+01   3.4200000e+02   4.1000000e+01   2.0500000e+01   2.1500000e+01   6.1000000e+00   2.0000000e+00   8.0000000e+00   3.0000000e+01   4.4941176e+00
   1.7719570e+03   5.1000000e+01   8.1000000e+01   4.6200000e+02   4.8000000e+01   2.4000000e+01   2.6000000e+01   6.8000000e+00   2.0000000e+00   9.0000000e+00   4.0000000e+01   4.5365854e+00
   1.5137162e+03   5.1000000e+01   7.2000000e+01   4.3600000e+02   4.5000000e+01   2.2500000e+01   2.4800000e+01   6.0256410e+00   2.0000000e+00   1.0000000e+01   3.9000000e+01   4.6160714e+00
   9.0811708e+02   3.6000000e+01   5.1000000e+01   3.0400000e+02   4.3000000e+01   2.1500000e+01   1.9375000e+01   6.2692308e+00   2.0000000e+00   8.0000000e+00   2.6000000e+01   4.5324675e+00
   1.7061870e+03   4.6000000e+01   8.4000000e+01   4.6400000e+02   5.1000000e+01   2.5500000e+01   2.6000000e+01   7.9428571e+00   2.0000000e+00   9.0000000e+00   3.5000000e+01   4.5762712e+00
   1.7032669e+03   4.5000000e+01   6.8000000e+01   4.1500000e+02   4.8000000e+01   2.4000000e+01   2.3111111e+01   6.8823529e+00   2.0000000e+00   9.0000000e+00   3.4000000e+01   4.5688073e+00
   1.5154416e+03   4.5000000e+01   6.7000000e+01   3.9000000e+02   4.4000000e+01   2.2000000e+01   2.1500000e+01   6.3030303e+00   2.0000000e+00   1.0000000e+01   3.3000000e+01   4.5377358e+00
   1.9546616e+03   4.9000000e+01   7.7000000e+01   4.5600000e+02   4.9000000e+01   2.4500000e+01   2.3888889e+01   7.4210526e+00   2.0000000e+00   9.0000000e+00   3.8000000e+01   4.6186441e+00
