   1.1045503e+03   2.7000000e+01   4.9000000e+01   6.2600000e+02   6.1000000e+01   3.0500000e+01   4.4000000e+01   1.9950000e+01   2.0000000e+00   5.0000000e+00   2.0000000e+01   1.0690141e+01
   1.0054749e+03   2.5000000e+01   4.3000000e+01   6.0000000e+02   6.2000000e+01   3.1000000e+01   4.1333333e+01   2.0235294e+01   2.0000000e+00   6.0000000e+00   1.7000000e+01   1.1000000e+01
   8.1989649e+02   2.4000000e+01   4.0000000e+01   5.3600000e+02   6.5000000e+01   3.2500000e+01   3.7500000e+01   1.8250000e+01   2.0000000e+00   6.0000000e+00   1.6000000e+01   1.1033333e+01
   8.0693913e+02   2.4000000e+01   4.1000000e+01   5.3700000e+02   6.4000000e+01   3.2000000e+01   4.0400000e+01   1.8647059e+01   2.0000000e+00   5.0000000e+00   1.7000000e+01   1.0557377e+01
   1.1207929e+03   2.7000000e+01   4.4000000e+01   5.8600000e+02   6.4000000e+01   3.2000000e+01   4.1833333e+01   1.6736842e+01   2.0000000e+00   6.0000000e+00   1.9000000e+01   1.0641791e+01
   6.5853933e+02   2.8000000e+01   3.4000000e+01   5.1800000e+02   5.8000000e+01   2.9000000e+01   2.9714286e+01   1.5736842e+01   2.0000000e+00   7.0000000e+00   1.9000000e+01   1.0466667e+01
   9.0819404e+02   2.2000000e+01   3.4000000e+01   4.4300000e+02   6.5000000e+01   3.2500000e+01   3.5200000e+01   1.6266667e+01   2.0000000e+00   5.0000000e+00   1.5000000e+01   1.0452830e+01
   8.7349697e+02   2.4000000e+01   3.5000000e+01   4.9300000e+02   6.3000000e+01   3.1500000e+01   3.2500000e+01   1.6812500e+01   2.0000000e+00   6.0000000e+00   1.6000000e+01   1.0814815e+01
   1.1177981e+03   2.6000000e+01   3.7000000e+01   5.2600000e+02   6.3000000e+01   3.1500000e+01   3.1857143e+01   1.6764706e+01   2.0000000e+00   7.0000000e+00   1.7000000e+01   1.0433333e+01
   9.3539499e+02   2.7000000e+01   3.3000000e+01   5.0000000e+02   5.7000000e+01   2.8500000e+01   3.3833333e+01   1.4736842e+01   2.0000000e+00   6.0000000e+00   1.9000000e+01   1.0293103e+01
   1.1232133e+03   2.4000000e+01   3.9000000e+01   5.1500000e+02   6.5000000e+01   3.2500000e+01   3.7200000e+01   1.8058824e+01   2.0000000e+00   5.0000000e+00   1.7000000e+01   1.0474576e+01
   9.9071668e+02   2.4000000e+01   4.4000000e+01   5.7700000e+02   7.1000000e+01   3.5500000e+01   4.4200000e+01   1.9705882e+01   2.0000000e+00   5.0000000e+00   1.7000000e+01   1.1080645e+01
   8.9630494e+02   2.5000000e+01   4.3000000e+01   5.2700000e+02   6.3000000e+01   3.1500000e+01   4.2800000e+01   1.6500000e+01   2.0000000e+00   5.0000000e+00   1.8000000e+01   1.0015873e+01
   8.6593641e+02   2.5000000e+01   4.0000000e+01   5.7400000e+02   6.6000000e+01   3.3000000e+01   3.9333333e+01   1.8705882e+01   2.0000000e+00   6.0000000e+00   1.7000000e+01   1.1225806e+01
   1.0159138e+03   2.2000000e+01   4.1000000e+01   5.2100000e+02   6.0000000e+01   3.0000000e+01   4.5750000e+01   2.0875000e+01   2.0000000e+00   4.0000000e+00   1.6000000e+01   1.0931034e+01
   1.1121180e+03   2.7000000e+01   4.1000000e+01   6.0500000e+02   6.3000000e+01   3.1500000e+01   3.8500000e+01   1.8736842e+01   2.0000000e+00   6.0000000e+00   1.9000000e+01   1.1169231e+01
   8.7482886e+02   2.9000000e+01   3.7000000e+01   5.3700000e+02   6.2000000e+01   3.1000000e+01   3.2428571e+01   1.4500000e+01   2.0000000e+00   7.0000000e+00   2.0000000e+01   1.0725806e+01
   8.9855157e+02   2.5000000e+01   4.2000000e+01   5.7300000e+02   6.5000000e+01   3.2500000e+01   4.2800000e+01   1.8944444e+01   2.0000000e+00   5.0000000e+00   1.8000000e+01   1.0676923e+01
   1.1186837e+03   2.2000000e+01   4.3000000e+01   5.7700000e+02   6.8000000e+01   3.4000000e+01   4.3800000e+01   2.2600000e+01   2.0000000e+00   5.0000000e+00   1.5000000e+01   1.1129032e+01
   9.5551319e+02   2.5000000e+01   3.8000000e+01   5.0000000e+02   6.0000000e+01   3.0000000e+01   3.0166667e+01   1.7647059e+01   2.0000000e+00   6.0000000e+00   1.7000000e+01   1.0500000e+01
   8.8096153e+02   2.9000000e+01   3.9000000e+01   5.8500000e+02   5.7000000e+01   2.8500000e+01   3.7500000e+01   1.6428571e+01   2.0000000e+00   6.0000000e+00   2.1000000e+01   1.1063492e+01
   1.1157136e+03   3.3000000e+01   4.3000000e+01   6.1500000e+02   5.9000000e+01   2.9500000e+01   3.0555556e+01   1.5181818e+01   2.0000000e+00   9.0000000e+00   2.2000000e+01   1.0388889e+01
   1.0443556e+03   2.4000000e+01   4.0000000e+01   5.5200000e+02   6.7000000e+01   3.3500000e+01   4.2400000e+01   1.8411765e+01   2.0000000e+00   5.0000000e+00   1.7000000e+01   1.1051724e+01
   9.7959999e+02   2.5000000e+01   4.2000000e+01   5.2500000e+02   6.2000000e+01   3.1000000e+01   4.1800000e+01   1.7444444e+01   2.0000000e+00   5.0000000e+00   1.8000000e+01   1.0129032e+01
   9.1550438e+02   2.3000000e+01   3.3000000e+01   4.7200000e+02   6.1000000e+01   3.0500000e+01   3.2166667e+01   1.7800000e+01   2.0000000e+00   6.0000000e+00   1.5000000e+01   1.0288462e+01
   9.8545812e+02   2.7000000e+01   4.0000000e+01   5.6000000e+02   5.7000000e+01   2.8500000e+01   3.2142857e+01   1.8222222e+01   2.0000000e+00   7.0000000e+00   1.8000000e+01   1.0714286e+01
   1.1349580e+03   2.6000000e+01   4.8000000e+01   5.9100000e+02   6.2000000e+01   3.1000000e+01   3.9666667e+01   1.9277778e+01   2.0000000e+00   6.0000000e+00   1.8000000e+01   1.0309859e+01
   1.0778804e+03   2.7000000e+01   4.0000000e+01   5.3100000e+02   6.2000000e+01   3.1000000e+01   3.6166667e+01   1.5578947e+01   2.0000000e+00   6.0000000e+00   1.9000000e+01   1.0761905e+01
   8.6164010e+02   2.0000000e+01   3.6000000e+01   4.8600000e+02   6.5000000e+01   3.2500000e+01   3.6000000e+01   2.1307692e+01   2.0000000e+00   5.0000000e+00   1.3000000e+01   1.0592593e+01
   7.5442827e+02   2.2000000e+01   3.8000000e+01   5.1600000e+02   6.3000000e+01   3.1500000e+01   3.6200000e+01   2.1000000e+01   2.0000000e+00   5.0000000e+00   1.5000000e+01   1.0912281e+01
   6.6565816e+02   2.4000000e+01   3.8000000e+01   5.0500000e+02   5.8000000e+01   2.9000000e+01   3.8166667e+01   1.6500000e+01   2.0000000e+00   6.0000000e+00   1.6000000e+01   1.1403509e+01
   1.1638685e+03   2.5000000e+01   3.9000000e+01   5.5200000e+02   6.7000000e+01   3.3500000e+01   4.0600000e+01   1.8388889e+01   2.0000000e+00   5.0000000e+00   1.8000000e+01   1.0847458e+01
   1.2148001e+03   3.1000000e+01   4.8000000e+01   6.0700000e+02   6.2000000e+01   3.1000000e+01   3.9500000e+01   1.5782609e+01   2.0000000e+00   6.0000000e+00   2.3000000e+01   1.0051948e+01
   9.1100609e+02   2.8000000e+01   4.0000000e+01   5.5900000e+02   6.0000000e+01   3.0000000e+01   4.0000000e+01   1.5300000e+01   2.0000000e+00   6.0000000e+00   2.0000000e+01   1.0746032e+01
   1.2699393e+03   2.6000000e+01   4.3000000e+01   5.8400000e+02   6.5000000e+01   3.2500000e+01   4.0200000e+01   1.9473684e+01   2.0000000e+00   5.0000000e+00   1.9000000e+01   1.0850746e+01
   9.5396458e+02   2.8000000e+01   3.9000000e+01   5.7500000e+02   6.5000000e+01   3.2500000e+01   3.9500000e+01   1.6000000e+01   2.0000000e+00   6.0000000e+00   2.0000000e+01   1.1253968e+01
   1.0894765e+03   2.7000000e+01   4.3000000e+01   5.8200000e+02   6.3000000e+01   3.1500000e+01   3.9666667e+01   1.7578947e+01   2.0000000e+00   6.0000000e+00   1.9000000e+01   1.0402985e+01
   1.0050748e+03   2.8000000e+01   4.5000000e+01   5.7600000e+02   6.8000000e+01   3.4000000e+01   3.2142857e+01   1.7789474e+01   2.0000000e+00   7.0000000e+00   1.9000000e+01   1.0838235e+01
   8.9153418e+02   2.8000000e+01   4.1000000e+01   5.5400000e+02   5.9000000e+01   2.9500000e+01   3.7333333e+01   1.6200000e+01   2.0000000e+00   6.0000000e+00   2.0000000e+01   1.0875000e+01
   7.7958965e+02   2.2000000e+01   3.4000000e+01   5.2700000e+02   6.3000000e+01   3.1500000e+01   4.0800000e+01   2.0400000e+01   2.0000000e+00   5.0000000e+00   1.5000000e+01   1.1509434e+01
   1.0319810e+03   2.4000000e+01   4.5000000e+01   5.9200000e+02   7.0000000e+01   3.5000000e+01   4.4600000e+01   2.0294118e+01   2.0000000e+00   5.0000000e+00   1.7000000e+01   1.0825397e+01
   7.9168884e+02   2.4000000e+01   3.5000000e+01   4.9300000e+02   6.5000000e+01   3.2500000e+01   3.0500000e+01   1.7562500e+01   2.0000000e+00   6.0000000e+00   1.6000000e+01   1.0759259e+01
   1.0972498e+03   2.7000000e+01   4.3000000e+01   5.7300000e+02   6.4000000e+01   3.2000000e+01   3.5571429e+01   1.7277778e+01   2.0000000e+00   7.0000000e+00   1.8000000e+01   1.0686567e+01
   1.1130125e+03   2.1000000e+01   4.3000000e+01   5.5600000e+02   6.7000000e+01   3.3500000e+01   3.8800000e+01   2.4642857e+01   2.0000000e+00   5.0000000e+00   1.4000000e+01   1.1133333e+01
   1.1072716e+03   3.0000000e+01   4.4000000e+01   5.8700000e+02   5.8000000e+01   2.9000000e+01   3.9333333e+01   1.6000000e+01   2.0000000e+00   6.0000000e+00   2.2000000e+01   1.0112676e+01
   9.8188263e+02   3.0000000e+01   4.4000000e+01   6.0800000e+02   5.7000000e+01   2.8500000e+01   3.7142857e+01   1.6809524e+01   2.0000000e+00   7.0000000e+00   2.1000000e+01   1.0628571e+01
   9.5464441e+02   2.8000000e+01   4.1000000e+01   5.6000000e+02   6.3000000e+01   3.1500000e+01   3.3428571e+01   1.6473684e+01   2.0000000e+00   7.0000000e+00   1.9000000e+01   1.0640625e+01
   7.3593773e+02   2.5000000e+01   3.3000000e+01   5.2100000e+02   6.6000000e+01   3.3000000e+01   3.9400000e+01   1.6444444e+01   2.0000000e+00   5.0000000e+00   1.8000000e+01   1.1611111e+01
   1.0838710e+03   2.5000000e+01   4.1000000e+01   5.2900000e+02   6.6000000e+01   3.3000000e+01   3.6000000e+01   1.7058824e+01   2.0000000e+00   6.0000000e+00   1.7000000e+01   1.0548387e+01
   7.3358906e+02   2.4000000e+01   3.6000000e+01   5.0300000e+02   6.4000000e+01   3.2000000e+01   3.3833333e+01   1.7250000e+01   2.0000000e+00   6.0000000e+00   1.6000000e+01   1.0912281e+01
   7.8037414e+02   1.9000000e+01   2.8000000e+01   3.9500000e+02   5.8000000e+01   2.9000000e+01   2.5333333e+01   1.9454545e+01   2.0000000e+00   6.0000000e+00   1.1000000e+01   1.0454545e+01
   8.4477947e+02   2.0000000e+01   3.5000000e+01   4.4900000e+02   5.0000000e+01   2.4000000e+01   4.7000000e+01   1.9866667e+01   2.0000000e+00   3.0000000e+00   1.5000000e+01   1.0549020e+01
   1.0113423e+03   2.4000000e+01   4.3000000e+01   5.7400000e+02   6.0000000e+01   3.0000000e+01   4.4600000e+01   2.0000000e+01   2.0000000e+00   5.0000000e+00   1.7000000e+01   1.1031746e+01
   8.9510431e+02   2.9000000e+01   4.1000000e+01   5.7800000e+02   6.3000000e+01   3.1500000e+01   3.3714286e+01   1.6500000e+01   2.0000000e+00   7.0000000e+00   2.0000000e+01   1.0367647e+01
   1.1526505e+03   2.8000000e+01   4.4000000e+01   5.6500000e+02   5.9000000e+01   2.9500000e+01   3.1375000e+01   1.7222222e+01   2.0000000e+00   8.0000000e+00   1.8000000e+01   1.0138462e+01
   1.2409958e+03   3.0000000e+01   4.7000000e+01   6.2500000e+02   6.5000000e+01   3.2500000e+01   3.9714286e+01   1.5761905e+01   2.0000000e+00   7.0000000e+00   2.1000000e+01   1.0722222e+01
   9.5495514e+02   2.8000000e+01   4.0000000e+01   5.5100000e+02   6.6000000e+01   3.3000000e+01   3.8666667e+01   1.5050000e+01   2.0000000e+00   6.0000000e+00   2.0000000e+01   1.0843750e+01
   1.0671014e+03   3.1000000e+01   4.1000000e+01   5.5700000e+02   6.0000000e+01   3.0000000e+01   3.3250000e+01   1.3095238e+01   2.0000000e+00   8.0000000e+00   2.1000000e+01   1.0632353e+01
   1.0384230e+03   2.8000000e+01   3.8000000e+01   5.6700000e+02   6.3000000e+01   3.1500000e+01   3.9166667e+01   1.5550000e+01   2.0000000e+00   6.0000000e+00   2.0000000e+01   1.0265625e+01
   1.0818974e+03   2.8000000e+01   4.3000000e+01   5.6500000e+02   6.3000000e+01   3.1500000e+01   4.0333333e+01   1.5600000e+01   2.0000000e+00   6.0000000e+00   2.0000000e+01   1.0292308e+01
   1.1167492e+03   3.1000000e+01   4.4000000e+01   6.0800000e+02   6.1000000e+01   3.0500000e+01   3.2625000e+01   1.6000000e+01   2.0000000e+00   8.0000000e+00   2.1000000e+01   1.0442857e+01
   1.1591511e+03   2.5000000e+01   4.5000000e+01   5.4700000e+02   6.2000000e+01   3.1000000e+01   3.4500000e+01   1.9470588e+01   2.0000000e+00   6.0000000e+00   1.7000000e+01   1.0000000e+01
   7.4867804e+02   2.5000000e+01   3.3000000e+01   4.9000000e+02   5.9000000e+01   2.9500000e+01   3.9000000e+01   1.5277778e+01   2.0000000e+00   5.0000000e+00   1.8000000e+01   1.1109091e+01
   8.7503390e+02   2.6000000e+01   4.2000000e+01   5.7800000e+02   6.6000000e+01   3.3000000e+01   4.1800000e+01   1.9000000e+01   2.0000000e+00   5.0000000e+00   1.9000000e+01   1.0924242e+01
   7.8875594e+02   3.1000000e+01   3.9000000e+01   5.6400000e+02   5.7000000e+01   2.8500000e+01   3.2625000e+01   1.3904762e+01   2.0000000e+00   8.0000000e+00   2.1000000e+01   1.0812500e+01
   1.0683327e+03   2.7000000e+01   4.6000000e+01   5.5600000e+02   6.3000000e+01   3.1500000e+01   3.8200000e+01   1.8000000e+01   2.0000000e+00   5.0000000e+00   2.0000000e+01   1.0102941e+01
   1.1091928e+03   3.0000000e+01   4.4000000e+01   6.1800000e+02   6.3000000e+01   3.1500000e+01   4.1500000e+01   1.5863636e+01   2.0000000e+00   6.0000000e+00   2.2000000e+01   1.1323529e+01
   8.5513855e+02   2.4000000e+01   3.7000000e+01   5.2800000e+02   6.4000000e+01   3.2000000e+01   4.0600000e+01   1.7705882e+01   2.0000000e+00   5.0000000e+00   1.7000000e+01   1.0948276e+01
   8.9329889e+02   2.5000000e+01   3.4000000e+01   4.7700000e+02   5.9000000e+01   2.9500000e+01   3.4333333e+01   1.4764706e+01   2.0000000e+00   6.0000000e+00   1.7000000e+01   1.0473684e+01
   9.1597038e+02   2.5000000e+01   4.0000000e+01   5.4200000e+02   6.8000000e+01   3.4000000e+01   4.2000000e+01   1.7222222e+01   2.0000000e+00   5.0000000e+00   1.8000000e+01   1.0145161e+01
   8.9458815e+02   2.6000000e+01   4.1000000e+01   5.1800000e+02   6.1000000e+01   3.0500000e+01   3.1833333e+01   1.7222222e+01   2.0000000e+00   6.0000000e+00   1.8000000e+01   1.0915254e+01
   8.2383197e+02   2.9000000e+01   3.8000000e+01   5.2200000e+02   5.9000000e+01   2.9500000e+01   3.3571429e+01   1.3800000e+01   2.0000000e+00   7.0000000e+00   2.0000000e+01   1.0301587e+01
   8.4424226e+02   2.3000000e+01   3.2000000e+01   4.5600000e+02   6.0000000e+01   3.0000000e+01   3.5400000e+01   1.5937500e+01   2.0000000e+00   5.0000000e+00   1.6000000e+01   1.0480769e+01
   1.0408757e+03   2.8000000e+01   4.3000000e+01   5.5400000e+02   6.4000000e+01   3.2000000e+01   3.6666667e+01   1.6550000e+01   2.0000000e+00   6.0000000e+00   2.0000000e+01   9.9850746e+00
   1.0070179e+03   2.4000000e+01   4.1000000e+01   5.6500000e+02   6.5000000e+01   3.2500000e+01   3.9833333e+01   1.9312500e+01   2.0000000e+00   6.0000000e+00   1.6000000e+01   1.1063492e+01
   1.2382795e+03   2.5000000e+01   4.6000000e+01   5.8300000e+02   6.9000000e+01   3.4500000e+01   3.7666667e+01   1.9941176e+01   2.0000000e+00   6.0000000e+00   1.7000000e+01   1.0597015e+01
   7.6709633e+02   2.3000000e+01   3.3000000e+01   4.7800000e+02   6.3000000e+01   3.1500000e+01   3.1571429e+01   1.6285714e+01   2.0000000e+00   7.0000000e+00   1.4000000e+01   1.1117647e+01
   1.1292760e+03   2.8000000e+01   4.2000000e+01   5.4900000e+02   6.4000000e+01   3.2000000e+01   3.7500000e+01   1.5600000e+01   2.0000000e+00   6.0000000e+00   2.0000000e+01   1.0984615e+01
   1.1393794e+03   3.7000000e+01   4.6000000e+01   6.2500000e+02   5.9000000e+01   2.9500000e+01   3.4625000e+01   1.2814815e+01   2.0000000e+00   8.0000000e+00   2.7000000e+01   1.0311688e+01
   1.0812325e+03   3.2000000e+01   4.5000000e+01   5.8900000e+02   5.9000000e+01   2.9500000e+01   3.7666667e+01   1.5166667e+01   2.0000000e+00   6.0000000e+00   2.4000000e+01   1.0342466e+01
   8.2135317e+02   2.7000000e+01   4.0000000e+01   5.5700000e+02   6.1000000e+01   3.0500000e+01   3.2857143e+01   1.7277778e+01   2.0000000e+00   7.0000000e+00   1.8000000e+01   1.1225806e+01
   1.2491945e+03   2.9000000e+01   4.5000000e+01   5.7400000e+02   6.4000000e+01   3.2000000e+01   3.4142857e+01   1.6050000e+01   2.0000000e+00   7.0000000e+00   2.0000000e+01   1.0393939e+01
   9.8446215e+02   2.5000000e+01   4.4000000e+01   5.4900000e+02   6.0000000e+01   3.0000000e+01   3.6666667e+01   1.9117647e+01   2.0000000e+00   6.0000000e+00   1.7000000e+01   1.0446154e+01
   9.4993374e+02   2.3000000e+01   3.9000000e+01   5.0000000e+02   6.4000000e+01   3.2000000e+01   3.6200000e+01   1.8750000e+01   2.0000000e+00   5.0000000e+00   1.6000000e+01   1.0298246e+01
   7.8633955e+02   2.1000000e+01   3.3000000e+01   4.5700000e+02   6.2000000e+01   3.1000000e+01   4.1500000e+01   1.7666667e+01   2.0000000e+00   4.0000000e+00   1.5000000e+01   1.0549020e+01
   9.4568050e+02   2.5000000e+01   3.6000000e+01   4.6900000e+02   6.5000000e+01   3.2500000e+01   3.3166667e+01   1.4411765e+01   2.0000000e+00   6.0000000e+00   1.7000000e+01   1.0818182e+01
   9.5181597e+02   3.0000000e+01   3.8000000e+01   5.7000000e+02   6.6000000e+01   3.3000000e+01   3.8666667e+01   1.4681818e+01   2.0000000e+00   6.0000000e+00   2.2000000e+01   1.0938462e+01
   9.5839523e+02   2.6000000e+01   4.4000000e+01   5.7300000e+02   6.2000000e+01   3.1000000e+01   3.7600000e+01   1.9684211e+01   2.0000000e+00   5.0000000e+00   1.9000000e+01   1.0681818e+01
   1.1119079e+03   2.4000000e+01   4.3000000e+01   5.6300000e+02   6.7000000e+01   3.3500000e+01   3.9800000e+01   2.0235294e+01   2.0000000e+00   5.0000000e+00   1.7000000e+01   1.0328125e+01
   1.4045951e+03   2.6000000e+01   4.7000000e+01   6.0900000e+02   6.7000000e+01   3.3500000e+01   4.3000000e+01   2.0000000e+01   2.0000000e+00   5.0000000e+00   1.9000000e+01   1.0159420e+01
   1.3215285e+03   3.2000000e+01   4.5000000e+01   5.9500000e+02   5.9000000e+01   2.9500000e+01   3.5142857e+01   1.4739130e+01   2.0000000e+00   7.0000000e+00   2.3000000e+01   1.0704225e+01
   6.8040745e+02   2.1000000e+01   3.6000000e+01   4.8000000e+02   6.4000000e+01   3.2000000e+01   3.5200000e+01   2.0214286e+01   2.0000000e+00   5.0000000e+00   1.4000000e+01   1.1365385e+01
   1.0015461e+03   2.4000000e+01   3.9000000e+01   5.4100000e+02   6.4000000e+01   3.2000000e+01   4.0800000e+01   1.8411765e+01   2.0000000e+00   5.0000000e+00   1.7000000e+01   1.1339286e+01
   1.0137175e+03   3.4000000e+01   4.2000000e+01   5.6700000e+02   6.0000000e+01   3.0000000e+01   3.5142857e+01   1.2440000e+01   2.0000000e+00   7.0000000e+00   2.5000000e+01   1.0250000e+01
   9.5198295e+02   2.5000000e+01   4.3000000e+01   5.3100000e+02   6.3000000e+01   3.1500000e+01   3.3666667e+01   1.8352941e+01   2.0000000e+00   6.0000000e+00   1.7000000e+01   1.0292308e+01
   1.0418633e+03   2.5000000e+01   4.5000000e+01   5.9500000e+02   6.3000000e+01   3.1500000e+01   4.4600000e+01   2.0000000e+01   2.0000000e+00   5.0000000e+00   1.8000000e+01   1.0742424e+01
   1.0506294e+03   2.4000000e+01   4.7000000e+01   5.4500000e+02   6.5000000e+01   3.2500000e+01   4.1600000e+01   1.9235294e+01   2.0000000e+00   5.0000000e+00   1.7000000e+01   9.8382353e+00
   1.1754965e+03   2.6000000e+01   4.6000000e+01   6.0600000e+02   6.4000000e+01   3.2000000e+01   4.4200000e+01   1.9578947e+01   2.0000000e+00   5.0000000e+00   1.9000000e+01   1.0585714e+01
   9.4234474e+02   2.5000000e+01   3.7000000e+01   5.1700000e+02   6.0000000e+01   3.0000000e+01   3.6500000e+01   1.6294118e+01   2.0000000e+00   6.0000000e+00   1.7000000e+01   1.0830508e+01
   1.1342292e+03   2.5000000e+01   4.2000000e+01   5.4500000e+02   6.1000000e+01   3.0500000e+01   3.8500000e+01   1.7647059e+01   2.0000000e+00   6.0000000e+00   1.7000000e+01   1.0380952e+01
