   1.8276676e+03   4.6000000e+01   6.6000000e+01   4.7200000e+02   4.9000000e+01   2.4500000e+01   2.5875000e+01   8.1666667e+00   2.0000000e+00   8.0000000e+00   3.6000000e+01   5.7184466e+00
   1.8047526e+03   3.9000000e+01   6.9000000e+01   4.6900000e+02   5.3000000e+01   2.6500000e+01   2.8428571e+01   1.0000000e+01   2.0000000e+00   7.0000000e+00   3.0000000e+01   5.6494845e+00
   1.8718802e+03   3.6000000e+01   6.7000000e+01   4.4200000e+02   5.1000000e+01   2.5500000e+01   2.7285714e+01   1.0148148e+01   2.0000000e+00   7.0000000e+00   2.7000000e+01   5.5957447e+00
   1.5594443e+03   3.6000000e+01   6.2000000e+01   4.7500000e+02   5.5000000e+01   2.7500000e+01   3.0857143e+01   1.0074074e+01   2.0000000e+00   7.0000000e+00   2.7000000e+01   5.9780220e+00
   1.4130266e+03   3.5000000e+01   5.3000000e+01   3.9700000e+02   5.3000000e+01   2.6500000e+01   2.7428571e+01   8.2307692e+00   2.0000000e+00   7.0000000e+00   2.6000000e+01   5.5180723e+00
   1.4109030e+03   3.7000000e+01   5.3000000e+01   4.1300000e+02   4.8000000e+01   2.4000000e+01   2.1777778e+01   8.5769231e+00   2.0000000e+00   9.0000000e+00   2.6000000e+01   5.7209302e+00
   1.5061997e+03   3.9000000e+01   6.0000000e+01   4.3400000e+02   5.1000000e+01   2.5500000e+01   2.7500000e+01   7.8620690e+00   2.0000000e+00   8.0000000e+00   2.9000000e+01   5.6595745e+00
   1.3626828e+03   2.9000000e+01   4.9000000e+01   3.7400000e+02   5.5000000e+01   2.7500000e+01   2.4285714e+01   1.0400000e+01   2.0000000e+00   7.0000000e+00   2.0000000e+01   5.9315068e+00
   1.7022969e+03   3.8000000e+01   5.8000000e+01   4.1400000e+02   4.6000000e+01   2.3000000e+01   2.3111111e+01   8.8148148e+00   2.0000000e+00   9.0000000e+00   2.7000000e+01   5.6847826e+00
   1.9313652e+03   4.2000000e+01   7.0000000e+01   4.8700000e+02   4.8000000e+01   2.4000000e+01   2.5888889e+01   9.2580645e+00   2.0000000e+00   9.0000000e+00   3.1000000e+01   5.4761905e+00
   1.8199433e+03   4.1000000e+01   6.6000000e+01   4.9300000e+02   5.3000000e+01   2.6500000e+01   2.7625000e+01   9.5483871e+00   2.0000000e+00   8.0000000e+00   3.1000000e+01   5.6237624e+00
   1.8937345e+03   4.3000000e+01   6.8000000e+01   4.7900000e+02   5.0000000e+01   2.5000000e+01   2.5000000e+01   9.3333333e+00   2.0000000e+00   8.0000000e+00   3.3000000e+01   5.6000000e+00
   1.8667923e+03   5.2000000e+01   6.2000000e+01   5.0900000e+02   4.7000000e+01   2.3500000e+01   2.2916667e+01   6.7894737e+00   2.0000000e+00   1.2000000e+01   3.8000000e+01   5.9065421e+00
   1.9448502e+03   3.6000000e+01   7.2000000e+01   4.8300000e+02   5.3000000e+01   2.6500000e+01   2.8714286e+01   1.1407407e+01   2.0000000e+00   7.0000000e+00   2.7000000e+01   5.6804124e+00
   1.7530837e+03   4.4000000e+01   6.4000000e+01   4.6900000e+02   4.8000000e+01   2.4000000e+01   2.5300000e+01   7.5312500e+00   2.0000000e+00   1.0000000e+01   3.2000000e+01   5.6464646e+00
   2.0941002e+03   4.6000000e+01   7.0000000e+01   5.2800000e+02   5.0000000e+01   2.5000000e+01   2.8333333e+01   8.6285714e+00   2.0000000e+00   9.0000000e+00   3.5000000e+01   5.7207207e+00
   1.6430950e+03   4.5000000e+01   6.4000000e+01   4.7100000e+02   5.1000000e+01   2.5500000e+01   2.6444444e+01   7.5294118e+00   2.0000000e+00   9.0000000e+00   3.4000000e+01   5.7254902e+00
   1.9242236e+03   4.1000000e+01   6.9000000e+01   4.8600000e+02   5.1000000e+01   2.5500000e+01   2.6222222e+01   9.3666667e+00   2.0000000e+00   9.0000000e+00   3.0000000e+01   5.5049505e+00
   1.8488909e+03   4.1000000e+01   6.7000000e+01   5.1400000e+02   5.0000000e+01   2.5000000e+01   3.1714286e+01   9.9062500e+00   2.0000000e+00   7.0000000e+00   3.2000000e+01   6.0198020e+00
   1.7157056e+03   4.0000000e+01   6.2000000e+01   4.4000000e+02   4.8000000e+01   2.4000000e+01   2.4888889e+01   8.2413793e+00   2.0000000e+00   9.0000000e+00   2.9000000e+01   5.4842105e+00
   1.5419025e+03   4.0000000e+01   5.9000000e+01   4.7300000e+02   5.1000000e+01   2.5500000e+01   3.0285714e+01   9.5483871e+00   2.0000000e+00   7.0000000e+00   3.1000000e+01   5.9574468e+00
   1.5439006e+03   3.5000000e+01   6.0000000e+01   4.0000000e+02   5.1000000e+01   2.5500000e+01   2.3625000e+01   9.0000000e+00   2.0000000e+00   8.0000000e+00   2.5000000e+01   5.5909091e+00
   2.0994570e+03   3.9000000e+01   7.1000000e+01   5.2100000e+02   5.4000000e+01   2.7000000e+01   3.0571429e+01   1.1533333e+01   2.0000000e+00   7.0000000e+00   3.0000000e+01   5.7943925e+00
   2.1158214e+03   4.2000000e+01   6.6000000e+01   5.2900000e+02   5.5000000e+01   2.7500000e+01   3.1375000e+01   9.1562500e+00   2.0000000e+00   8.0000000e+00   3.2000000e+01   5.7075472e+00
   1.6369539e+03   3.3000000e+01   5.7000000e+01   4.3900000e+02   5.6000000e+01   2.8000000e+01   2.6714286e+01   1.0625000e+01   2.0000000e+00   7.0000000e+00   2.4000000e+01   6.0121951e+00
   2.0463558e+03   4.1000000e+01   7.5000000e+01   5.1400000e+02   5.0000000e+01   2.5000000e+01   2.8625000e+01   1.0354839e+01   2.0000000e+00   8.0000000e+00   3.1000000e+01   5.6936937e+00
   2.2065383e+03   4.2000000e+01   8.5000000e+01   5.6200000e+02   5.5000000e+01   2.7500000e+01   3.0250000e+01   1.1031250e+01   2.0000000e+00   8.0000000e+00   3.2000000e+01   5.5526316e+00
   1.8763492e+03   3.8000000e+01   7.0000000e+01   4.7100000e+02   5.3000000e+01   2.6500000e+01   2.8571429e+01   1.0413793e+01   2.0000000e+00   7.0000000e+00   2.9000000e+01   5.7474747e+00
   1.7863093e+03   3.9000000e+01   6.1000000e+01   4.2800000e+02   5.1000000e+01   2.5500000e+01   2.3625000e+01   8.9655172e+00   2.0000000e+00   8.0000000e+00   2.9000000e+01   5.5368421e+00
   1.8066584e+03   3.7000000e+01   6.6000000e+01   4.6500000e+02   5.1000000e+01   2.5500000e+01   2.4000000e+01   1.1037037e+01   2.0000000e+00   8.0000000e+00   2.7000000e+01   5.7395833e+00
   1.5539228e+03   3.6000000e+01   6.1000000e+01   4.3500000e+02   5.2000000e+01   2.6000000e+01   2.5000000e+01   9.6538462e+00   2.0000000e+00   8.0000000e+00   2.6000000e+01   5.7674419e+00
   1.8630074e+03   3.9000000e+01   6.6000000e+01   4.8500000e+02   5.5000000e+01   2.7500000e+01   2.5625000e+01   1.0310345e+01   2.0000000e+00   8.0000000e+00   2.9000000e+01   5.9473684e+00
   1.8625506e+03   4.1000000e+01   6.6000000e+01   4.9400000e+02   4.9000000e+01   2.4500000e+01   2.8500000e+01   9.6451613e+00   2.0000000e+00   8.0000000e+00   3.1000000e+01   5.7722772e+00
   1.3712121e+03   3.3000000e+01   5.4000000e+01   4.1100000e+02   5.3000000e+01   2.6500000e+01   2.5285714e+01   9.9166667e+00   2.0000000e+00   7.0000000e+00   2.4000000e+01   5.8780488e+00
   1.8336605e+03   3.5000000e+01   6.3000000e+01   4.7200000e+02   5.3000000e+01   2.6500000e+01   2.7571429e+01   1.1269231e+01   2.0000000e+00   7.0000000e+00   2.6000000e+01   5.9021739e+00
   1.8831626e+03   3.7000000e+01   6.5000000e+01   4.6700000e+02   4.9000000e+01   2.4500000e+01   2.7000000e+01   1.0607143e+01   2.0000000e+00   7.0000000e+00   2.8000000e+01   5.6631579e+00
   1.9687200e+03   4.5000000e+01   6.7000000e+01   4.9100000e+02   4.8000000e+01   2.4000000e+01   2.5875000e+01   9.3142857e+00   2.0000000e+00   8.0000000e+00   3.5000000e+01   5.7549020e+00
   1.9841998e+03   3.8000000e+01   6.9000000e+01   4.9900000e+02   5.4000000e+01   2.7000000e+01   2.7500000e+01   1.0714286e+01   2.0000000e+00   8.0000000e+00   2.8000000e+01   5.8333333e+00
   2.0049721e+03   4.4000000e+01   8.1000000e+01   5.6000000e+02   5.6000000e+01   2.8000000e+01   3.1000000e+01   1.0828571e+01   2.0000000e+00   7.0000000e+00   3.5000000e+01   5.6837607e+00
   1.6157916e+03   4.3000000e+01   5.7000000e+01   4.4100000e+02   4.9000000e+01   2.4500000e+01   2.3700000e+01   7.2903226e+00   2.0000000e+00   1.0000000e+01   3.1000000e+01   5.5531915e+00
   1.9348299e+03   3.7000000e+01   6.2000000e+01   4.4400000e+02   5.1000000e+01   2.5500000e+01   2.9714286e+01   9.5000000e+00   2.0000000e+00   7.0000000e+00   2.8000000e+01   5.4946237e+00
   1.7309484e+03   3.8000000e+01   6.0000000e+01   4.3100000e+02   5.0000000e+01   2.5000000e+01   2.0600000e+01   9.1923077e+00   2.0000000e+00   1.0000000e+01   2.6000000e+01   5.8651685e+00
   1.7936551e+03   4.0000000e+01   6.7000000e+01   4.9200000e+02   4.9000000e+01   2.4500000e+01   2.9500000e+01   9.2000000e+00   2.0000000e+00   8.0000000e+00   3.0000000e+01   5.6538462e+00
   1.7461084e+03   3.7000000e+01   6.7000000e+01   4.4200000e+02   4.8000000e+01   2.4000000e+01   2.7000000e+01   1.0107143e+01   2.0000000e+00   7.0000000e+00   2.8000000e+01   5.7789474e+00
   2.1127606e+03   4.3000000e+01   6.6000000e+01   4.9600000e+02   5.2000000e+01   2.6000000e+01   2.8125000e+01   8.7878788e+00   2.0000000e+00   8.0000000e+00   3.3000000e+01   5.5809524e+00
   1.7506249e+03   3.3000000e+01   6.5000000e+01   4.5900000e+02   5.4000000e+01   2.7000000e+01   2.8857143e+01   1.1375000e+01   2.0000000e+00   7.0000000e+00   2.4000000e+01   5.8333333e+00
   1.9157593e+03   3.7000000e+01   6.7000000e+01   4.4900000e+02   4.8000000e+01   2.4000000e+01   2.8714286e+01   9.9285714e+00   2.0000000e+00   7.0000000e+00   2.8000000e+01   5.5000000e+00
   2.0837189e+03   4.2000000e+01   7.2000000e+01   5.0700000e+02   5.3000000e+01   2.6500000e+01   2.8625000e+01   9.6562500e+00   2.0000000e+00   8.0000000e+00   3.2000000e+01   5.6018519e+00
   1.6407934e+03   4.0000000e+01   6.4000000e+01   4.4100000e+02   4.7000000e+01   2.3500000e+01   2.1000000e+01   9.5862069e+00   2.0000000e+00   9.0000000e+00   2.9000000e+01   5.4255319e+00
   1.4337526e+03   3.5000000e+01   5.4000000e+01   4.1900000e+02   5.2000000e+01   2.6000000e+01   2.8428571e+01   8.8846154e+00   2.0000000e+00   7.0000000e+00   2.6000000e+01   6.1358025e+00
   1.9804941e+03   4.1000000e+01   6.7000000e+01   4.8200000e+02   5.3000000e+01   2.6500000e+01   2.6625000e+01   9.5161290e+00   2.0000000e+00   8.0000000e+00   3.1000000e+01   5.7029703e+00
   1.4933788e+03   3.2000000e+01   5.5000000e+01   3.7600000e+02   5.2000000e+01   2.6000000e+01   2.3714286e+01   9.4782609e+00   2.0000000e+00   7.0000000e+00   2.3000000e+01   5.5925926e+00
   1.9737729e+03   4.1000000e+01   7.4000000e+01   5.1900000e+02   5.3000000e+01   2.6500000e+01   2.9750000e+01   1.0064516e+01   2.0000000e+00   8.0000000e+00   3.1000000e+01   5.7452830e+00
   1.5878066e+03   4.0000000e+01   5.8000000e+01   4.3700000e+02   5.1000000e+01   2.5500000e+01   2.3875000e+01   8.9000000e+00   2.0000000e+00   8.0000000e+00   3.0000000e+01   5.7849462e+00
   1.4513690e+03   3.6000000e+01   5.6000000e+01   4.1500000e+02   5.1000000e+01   2.5500000e+01   2.7428571e+01   8.6666667e+00   2.0000000e+00   7.0000000e+00   2.7000000e+01   5.6206897e+00
   1.7933146e+03   4.3000000e+01   6.3000000e+01   4.7900000e+02   5.0000000e+01   2.5000000e+01   2.9571429e+01   8.7352941e+00   2.0000000e+00   7.0000000e+00   3.4000000e+01   5.7100000e+00
   1.7428413e+03   3.9000000e+01   6.7000000e+01   4.9300000e+02   4.9000000e+01   2.4500000e+01   2.9428571e+01   1.0466667e+01   2.0000000e+00   7.0000000e+00   3.0000000e+01   5.7058824e+00
   1.5533186e+03   3.6000000e+01   5.7000000e+01   4.0900000e+02   5.2000000e+01   2.6000000e+01   2.3625000e+01   9.2692308e+00   2.0000000e+00   8.0000000e+00   2.6000000e+01   5.6781609e+00
   1.8352521e+03   3.9000000e+01   6.4000000e+01   4.6000000e+02   5.5000000e+01   2.7500000e+01   2.7500000e+01   9.0000000e+00   2.0000000e+00   8.0000000e+00   2.9000000e+01   5.6041667e+00
   1.9365088e+03   4.2000000e+01   7.2000000e+01   5.0600000e+02   4.9000000e+01   2.4500000e+01   3.0500000e+01   9.5312500e+00   2.0000000e+00   8.0000000e+00   3.2000000e+01   5.7452830e+00
   1.6396567e+03   4.3000000e+01   5.6000000e+01   4.5700000e+02   5.1000000e+01   2.5500000e+01   2.5333333e+01   7.5937500e+00   2.0000000e+00   9.0000000e+00   3.2000000e+01   5.9565217e+00
   1.5427172e+03   4.2000000e+01   5.9000000e+01   4.7400000e+02   4.9000000e+01   2.4500000e+01   2.5625000e+01   8.7187500e+00   2.0000000e+00   8.0000000e+00   3.2000000e+01   5.8736842e+00
   2.0244720e+03   4.3000000e+01   7.5000000e+01   5.1500000e+02   5.5000000e+01   2.7500000e+01   2.7750000e+01   9.7575758e+00   2.0000000e+00   8.0000000e+00   3.3000000e+01   5.5377358e+00
   1.6209194e+03   3.8000000e+01   6.0000000e+01   4.6500000e+02   5.0000000e+01   2.5000000e+01   2.6625000e+01   9.5714286e+00   2.0000000e+00   8.0000000e+00   2.8000000e+01   5.8369565e+00
   1.9640832e+03   3.9000000e+01   6.8000000e+01   4.8400000e+02   5.3000000e+01   2.6500000e+01   2.2777778e+01   1.0607143e+01   2.0000000e+00   9.0000000e+00   2.8000000e+01   5.7272727e+00
   1.7754226e+03   3.9000000e+01   6.5000000e+01   4.9000000e+02   5.6000000e+01   2.8000000e+01   2.8125000e+01   9.6551724e+00   2.0000000e+00   8.0000000e+00   2.9000000e+01   5.7400000e+00
   1.7054574e+03   4.6000000e+01   6.4000000e+01   4.9900000e+02   4.9000000e+01   2.4500000e+01   2.5000000e+01   8.2058824e+00   2.0000000e+00   1.0000000e+01   3.4000000e+01   5.8316832e+00
   2.0715275e+03   4.5000000e+01   7.1000000e+01   5.5400000e+02   5.5000000e+01   2.7500000e+01   2.8777778e+01   9.2058824e+00   2.0000000e+00   9.0000000e+00   3.4000000e+01   5.8303571e+00
   1.9910684e+03   3.9000000e+01   7.2000000e+01   5.2000000e+02   5.1000000e+01   2.5500000e+01   2.9000000e+01   1.0724138e+01   2.0000000e+00   8.0000000e+00   2.9000000e+01   5.8076923e+00
   2.1050096e+03   4.5000000e+01   7.4000000e+01   5.1700000e+02   5.1000000e+01   2.5500000e+01   2.9000000e+01   9.0000000e+00   2.0000000e+00   8.0000000e+00   3.5000000e+01   5.5357143e+00
   1.5184135e+03   4.0000000e+01   6.3000000e+01   4.6800000e+02   5.0000000e+01   2.5000000e+01   2.6111111e+01   8.8620690e+00   2.0000000e+00   9.0000000e+00   2.9000000e+01   5.7894737e+00
   1.7474092e+03   4.1000000e+01   6.3000000e+01   4.7200000e+02   5.3000000e+01   2.6500000e+01   2.7250000e+01   8.8709677e+00   2.0000000e+00   8.0000000e+00   3.1000000e+01   5.6770833e+00
   1.7896712e+03   4.3000000e+01   6.6000000e+01   4.7000000e+02   5.0000000e+01   2.5000000e+01   2.5222222e+01   8.3125000e+00   2.0000000e+00   9.0000000e+00   3.2000000e+01   5.4951456e+00
   1.4780456e+03   4.5000000e+01   5.7000000e+01   4.6200000e+02   5.1000000e+01   2.5500000e+01   2.4555556e+01   7.5882353e+00   2.0000000e+00   9.0000000e+00   3.4000000e+01   5.8041237e+00
   1.8340110e+03   3.9000000e+01   6.8000000e+01   4.7200000e+02   5.0000000e+01   2.5000000e+01   2.5125000e+01   1.0275862e+01   2.0000000e+00   8.0000000e+00   2.9000000e+01   5.6288660e+00
   1.9425548e+03   4.1000000e+01   6.9000000e+01   4.8100000e+02   5.4000000e+01   2.7000000e+01   2.6875000e+01   9.5161290e+00   2.0000000e+00   8.0000000e+00   3.1000000e+01   5.6078431e+00
   2.0319759e+03   3.9000000e+01   6.9000000e+01   4.8100000e+02   5.3000000e+01   2.6500000e+01   2.9142857e+01   1.0200000e+01   2.0000000e+00   7.0000000e+00   3.0000000e+01   5.7171717e+00
   2.2043053e+03   4.1000000e+01   7.4000000e+01   5.2800000e+02   5.0000000e+01   2.5000000e+01   3.1142857e+01   1.1000000e+01   2.0000000e+00   7.0000000e+00   3.2000000e+01   5.7027027e+00
   1.8747478e+03   3.5000000e+01   6.4000000e+01   4.4800000e+02   5.2000000e+01   2.6000000e+01   2.8714286e+01   1.0192308e+01   2.0000000e+00   7.0000000e+00   2.6000000e+01   5.7849462e+00
   1.8810568e+03   3.7000000e+01   7.0000000e+01   4.8800000e+02   5.5000000e+01   2.7500000e+01   3.0142857e+01   1.0821429e+01   2.0000000e+00   7.0000000e+00   2.8000000e+01   5.8200000e+00
   2.3598402e+03   4.8000000e+01   8.1000000e+01   5.7800000e+02   5.1000000e+01   2.5500000e+01   2.9000000e+01   9.8648649e+00   2.0000000e+00   9.0000000e+00   3.7000000e+01   5.6693548e+00
   1.6357978e+03   3.6000000e+01   6.1000000e+01   4.3600000e+02   5.1000000e+01   2.5500000e+01   2.7428571e+01   9.8518519e+00   2.0000000e+00   7.0000000e+00   2.7000000e+01   5.6813187e+00
   1.8390522e+03   3.7000000e+01   6.3000000e+01   4.6000000e+02   5.6000000e+01   2.8000000e+01   2.2250000e+01   1.0740741e+01   2.0000000e+00   8.0000000e+00   2.7000000e+01   5.5510204e+00
   1.8299488e+03   4.4000000e+01   6.3000000e+01   4.7800000e+02   4.8000000e+01   2.4000000e+01   2.8375000e+01   8.2647059e+00   2.0000000e+00   8.0000000e+00   3.4000000e+01   5.7333333e+00
   2.1097085e+03   4.0000000e+01   7.1000000e+01   4.9700000e+02   5.2000000e+01   2.6000000e+01   2.5625000e+01   1.0633333e+01   2.0000000e+00   8.0000000e+00   3.0000000e+01   5.6732673e+00
   2.1662855e+03   4.1000000e+01   7.6000000e+01   5.3000000e+02   5.4000000e+01   2.7000000e+01   3.1714286e+01   1.0593750e+01   2.0000000e+00   7.0000000e+00   3.2000000e+01   5.5315315e+00
   1.5829263e+03   4.1000000e+01   5.8000000e+01   4.1200000e+02   5.3000000e+01   2.6500000e+01   2.4777778e+01   6.8333333e+00   2.0000000e+00   9.0000000e+00   3.0000000e+01   5.5326087e+00
   1.7068167e+03   3.8000000e+01   6.2000000e+01   4.5700000e+02   5.1000000e+01   2.5500000e+01   3.0000000e+01   9.2758621e+00   2.0000000e+00   7.0000000e+00   2.9000000e+01   5.6489362e+00
   1.4632287e+03   3.2000000e+01   5.5000000e+01   4.0600000e+02   5.3000000e+01   2.6500000e+01   2.4857143e+01   1.0565217e+01   2.0000000e+00   7.0000000e+00   2.3000000e+01   5.8414634e+00
   1.7136333e+03   4.5000000e+01   6.3000000e+01   4.9800000e+02   5.0000000e+01   2.5000000e+01   2.7444444e+01   8.1176471e+00   2.0000000e+00   9.0000000e+00   3.4000000e+01   5.7373737e+00
   1.6856569e+03   3.5000000e+01   6.1000000e+01   4.3500000e+02   5.4000000e+01   2.7000000e+01   2.4857143e+01   1.0384615e+01   2.0000000e+00   7.0000000e+00   2.6000000e+01   5.6741573e+00
   1.4359485e+03   4.0000000e+01   5.6000000e+01   4.4800000e+02   5.0000000e+01   2.5000000e+01   2.6625000e+01   8.4333333e+00   2.0000000e+00   8.0000000e+00   3.0000000e+01   5.7500000e+00
   1.8459672e+03   3.9000000e+01   6.6000000e+01   4.8600000e+02   5.3000000e+01   2.6500000e+01   2.6500000e+01   1.0068966e+01   2.0000000e+00   8.0000000e+00   2.9000000e+01   5.7959184e+00
   2.2291247e+03   4.5000000e+01   7.6000000e+01   5.7100000e+02   5.4000000e+01   2.7000000e+01   3.0875000e+01   1.0342857e+01   2.0000000e+00   8.0000000e+00   3.5000000e+01   5.8434783e+00
   1.8202416e+03   4.5000000e+01   6.0000000e+01   4.2900000e+02   5.1000000e+01   2.5500000e+01   2.3333333e+01   7.0588235e+00   2.0000000e+00   9.0000000e+00   3.4000000e+01   5.3608247e+00
   2.0998533e+03   4.1000000e+01   7.0000000e+01   5.2900000e+02   5.3000000e+01   2.6500000e+01   3.3142857e+01   1.0031250e+01   2.0000000e+00   7.0000000e+00   3.2000000e+01   5.6730769e+00
   1.2421171e+03   3.3000000e+01   4.7000000e+01   3.7900000e+02   5.0000000e+01   2.5000000e+01   2.1333333e+01   8.5454545e+00   2.0000000e+00   9.0000000e+00   2.2000000e+01   5.8243243e+00
   1.5848037e+03   4.1000000e+01   5.6000000e+01   4.3200000e+02   5.0000000e+01   2.5000000e+01   2.4111111e+01   7.9333333e+00   2.0000000e+00   9.0000000e+00   3.0000000e+01   5.9450549e+00
   1.6354313e+03   3.8000000e+01   6.1000000e+01   4.3900000e+02   5.2000000e+01   2.6000000e+01   2.8714286e+01   8.8965517e+00   2.0000000e+00   7.0000000e+00   2.9000000e+01   5.5326087e+00
   1.7610611e+03   4.5000000e+01   6.9000000e+01   4.8600000e+02   5.1000000e+01   2.5500000e+01   2.9000000e+01   8.1142857e+00   2.0000000e+00   8.0000000e+00   3.5000000e+01   5.6534653e+00
