   1.3842768e+03   4.1000000e+01   6.7000000e+01   4.4100000e+02   5.2000000e+01   2.6000000e+01   2.4375000e+01   8.7096774e+00   2.0000000e+00   8.0000000e+00   3.1000000e+01   5.4158416e+00
   1.3150485e+03   3.5000000e+01   6.0000000e+01   5.0800000e+02   5.4000000e+01   2.7000000e+01   2.7500000e+01   1.2000000e+01   2.0000000e+00   8.0000000e+00   2.5000000e+01   6.9550562e+00
   1.2592918e+03   3.5000000e+01   5.9000000e+01   4.7300000e+02   5.6000000e+01   2.8000000e+01   2.8142857e+01   1.1038462e+01   2.0000000e+00   7.0000000e+00   2.6000000e+01   6.8750000e+00
   1.3984422e+03   3.3000000e+01   6.3000000e+01   5.1200000e+02   5.0000000e+01   2.5000000e+01   3.2857143e+01   1.2916667e+01   2.0000000e+00   7.0000000e+00   2.4000000e+01   6.9101124e+00
   1.2390999e+03   3.6000000e+01   5.7000000e+01   4.9100000e+02   5.6000000e+01   2.8000000e+01   2.5750000e+01   1.1153846e+01   2.0000000e+00   8.0000000e+00   2.6000000e+01   7.0795455e+00
   1.7009120e+03   3.6000000e+01   6.3000000e+01   4.4200000e+02   5.3000000e+01   2.6500000e+01   2.2750000e+01   1.0500000e+01   2.0000000e+00   8.0000000e+00   2.6000000e+01   5.9780220e+00
   1.1247006e+03   3.6000000e+01   5.1000000e+01   4.7700000e+02   5.2000000e+01   2.6000000e+01   2.8625000e+01   9.9615385e+00   2.0000000e+00   8.0000000e+00   2.6000000e+01   7.1111111e+00
   1.0858103e+03   4.0000000e+01   4.8000000e+01   4.6500000e+02   4.9000000e+01   2.4500000e+01   2.4555556e+01   8.7241379e+00   2.0000000e+00   9.0000000e+00   2.9000000e+01   7.5238095e+00
   1.1691523e+03   3.4000000e+01   5.0000000e+01   3.9500000e+02   5.1000000e+01   2.5500000e+01   2.6714286e+01   8.6000000e+00   2.0000000e+00   7.0000000e+00   2.5000000e+01   6.8888889e+00
   1.1768672e+03   3.2000000e+01   5.3000000e+01   4.3000000e+02   5.4000000e+01   2.7000000e+01   2.5428571e+01   1.1086957e+01   2.0000000e+00   7.0000000e+00   2.3000000e+01   6.5125000e+00
   1.1017524e+03   3.5000000e+01   5.2000000e+01   4.2600000e+02   4.9000000e+01   2.4500000e+01   3.0333333e+01   9.6296296e+00   2.0000000e+00   6.0000000e+00   2.7000000e+01   6.7341772e+00
   1.1456579e+03   4.2000000e+01   5.4000000e+01   5.0100000e+02   5.3000000e+01   2.6500000e+01   2.6200000e+01   8.4000000e+00   2.0000000e+00   1.0000000e+01   3.0000000e+01   7.2386364e+00
   1.5481310e+03   4.3000000e+01   6.0000000e+01   5.5800000e+02   5.0000000e+01   2.5000000e+01   2.8777778e+01   9.7500000e+00   2.0000000e+00   9.0000000e+00   3.2000000e+01   6.8686869e+00
   1.2666819e+03   4.0000000e+01   5.6000000e+01   4.9100000e+02   5.2000000e+01   2.6000000e+01   3.0250000e+01   8.9666667e+00   2.0000000e+00   8.0000000e+00   3.0000000e+01   6.9010989e+00
   1.3501899e+03   3.7000000e+01   5.8000000e+01   4.8700000e+02   5.1000000e+01   2.5500000e+01   2.6875000e+01   1.0518519e+01   2.0000000e+00   8.0000000e+00   2.7000000e+01   6.5280899e+00
   1.2696265e+03   3.4000000e+01   5.8000000e+01   4.7600000e+02   5.3000000e+01   2.6500000e+01   2.7250000e+01   1.1541667e+01   2.0000000e+00   8.0000000e+00   2.4000000e+01   6.8850575e+00
   1.6347245e+03   4.2000000e+01   6.4000000e+01   4.9600000e+02   4.8000000e+01   2.4000000e+01   3.0875000e+01   8.7812500e+00   2.0000000e+00   8.0000000e+00   3.2000000e+01   6.5151515e+00
   7.8922099e+02   2.7000000e+01   3.8000000e+01   3.6100000e+02   5.3000000e+01   2.6500000e+01   2.1875000e+01   1.0647059e+01   2.0000000e+00   8.0000000e+00   1.7000000e+01   7.0476190e+00
   1.1598492e+03   3.3000000e+01   5.1000000e+01   4.3200000e+02   5.2000000e+01   2.6000000e+01   2.8142857e+01   9.9583333e+00   2.0000000e+00   7.0000000e+00   2.4000000e+01   6.7692308e+00
   1.5067735e+03   3.8000000e+01   6.2000000e+01   4.6700000e+02   5.2000000e+01   2.6000000e+01   2.7250000e+01   9.5357143e+00   2.0000000e+00   8.0000000e+00   2.8000000e+01   6.3578947e+00
   1.5256094e+03   3.6000000e+01   6.5000000e+01   4.9300000e+02   5.1000000e+01   2.5500000e+01   2.7375000e+01   1.1192308e+01   2.0000000e+00   8.0000000e+00   2.6000000e+01   6.4947368e+00
   1.6467240e+03   3.7000000e+01   6.8000000e+01   5.5300000e+02   5.6000000e+01   2.8000000e+01   3.4000000e+01   1.1857143e+01   2.0000000e+00   7.0000000e+00   2.8000000e+01   6.7070707e+00
   1.2471617e+03   3.6000000e+01   5.5000000e+01   4.6200000e+02   5.0000000e+01   2.5000000e+01   2.7250000e+01   1.0076923e+01   2.0000000e+00   8.0000000e+00   2.6000000e+01   6.9069767e+00
   1.7093673e+03   4.3000000e+01   7.2000000e+01   5.6600000e+02   5.2000000e+01   2.6000000e+01   3.0125000e+01   1.0939394e+01   2.0000000e+00   8.0000000e+00   3.3000000e+01   6.5555556e+00
   1.3421645e+03   3.0000000e+01   5.7000000e+01   4.8700000e+02   4.5000000e+01   2.2500000e+01   3.6200000e+01   1.4043478e+01   2.0000000e+00   5.0000000e+00   2.3000000e+01   7.0370370e+00
   1.5468998e+03   3.5000000e+01   6.7000000e+01   5.4500000e+02   5.5000000e+01   2.7500000e+01   3.3428571e+01   1.3115385e+01   2.0000000e+00   7.0000000e+00   2.6000000e+01   7.0104167e+00
   1.1528965e+03   3.2000000e+01   5.1000000e+01   4.4700000e+02   5.2000000e+01   2.6000000e+01   3.0571429e+01   1.0304348e+01   2.0000000e+00   7.0000000e+00   2.3000000e+01   7.0897436e+00
   1.0669293e+03   3.1000000e+01   4.6000000e+01   3.9800000e+02   5.1000000e+01   2.5500000e+01   2.2250000e+01   1.0761905e+01   2.0000000e+00   8.0000000e+00   2.1000000e+01   6.9436620e+00
   1.0531410e+03   3.4000000e+01   5.0000000e+01   4.5400000e+02   4.6000000e+01   2.3000000e+01   3.0428571e+01   1.0040000e+01   2.0000000e+00   7.0000000e+00   2.5000000e+01   7.0759494e+00
   9.9274681e+02   3.1000000e+01   4.5000000e+01   4.0500000e+02   5.2000000e+01   2.6000000e+01   2.7000000e+01   9.9545455e+00   2.0000000e+00   7.0000000e+00   2.2000000e+01   7.2027027e+00
   1.1048559e+03   3.3000000e+01   5.4000000e+01   4.6900000e+02   5.2000000e+01   2.6000000e+01   2.7285714e+01   1.1916667e+01   2.0000000e+00   7.0000000e+00   2.4000000e+01   7.1750000e+00
   1.5521901e+03   3.9000000e+01   6.3000000e+01   5.1700000e+02   5.3000000e+01   2.6500000e+01   2.8625000e+01   1.0827586e+01   2.0000000e+00   8.0000000e+00   2.9000000e+01   6.6562500e+00
   1.3761655e+03   3.9000000e+01   6.3000000e+01   4.8500000e+02   5.4000000e+01   2.7000000e+01   2.7375000e+01   9.8275862e+00   2.0000000e+00   8.0000000e+00   2.9000000e+01   6.6739130e+00
   1.0777859e+03   4.3000000e+01   4.9000000e+01   4.4700000e+02   4.7000000e+01   2.3500000e+01   2.5300000e+01   6.5483871e+00   2.0000000e+00   1.0000000e+01   3.1000000e+01   7.1704545e+00
   1.0559590e+03   3.2000000e+01   4.6000000e+01   3.9700000e+02   5.1000000e+01   2.5500000e+01   2.5714286e+01   9.7391304e+00   2.0000000e+00   7.0000000e+00   2.3000000e+01   6.9436620e+00
   1.6133053e+03   3.7000000e+01   6.1000000e+01   4.8800000e+02   5.3000000e+01   2.6500000e+01   3.0142857e+01   1.0857143e+01   2.0000000e+00   7.0000000e+00   2.8000000e+01   6.7096774e+00
   1.4158778e+03   3.8000000e+01   6.3000000e+01   4.9900000e+02   5.2000000e+01   2.6000000e+01   3.2166667e+01   1.0766667e+01   2.0000000e+00   6.0000000e+00   3.0000000e+01   6.9574468e+00
   1.4748684e+03   3.6000000e+01   5.9000000e+01   3.9700000e+02   5.3000000e+01   2.6500000e+01   2.6142857e+01   8.4444444e+00   2.0000000e+00   7.0000000e+00   2.7000000e+01   6.3953488e+00
   1.1256844e+03   3.4000000e+01   5.2000000e+01   4.8900000e+02   5.5000000e+01   2.7500000e+01   2.9285714e+01   1.1680000e+01   2.0000000e+00   7.0000000e+00   2.5000000e+01   7.6962025e+00
   1.3266575e+03   3.6000000e+01   5.4000000e+01   4.8500000e+02   5.3000000e+01   2.6500000e+01   2.7125000e+01   1.0692308e+01   2.0000000e+00   8.0000000e+00   2.6000000e+01   7.1279070e+00
   1.3522042e+03   3.6000000e+01   5.9000000e+01   5.2200000e+02   5.2000000e+01   2.6000000e+01   3.2142857e+01   1.1481481e+01   2.0000000e+00   7.0000000e+00   2.7000000e+01   7.0898876e+00
   1.1986507e+03   3.2000000e+01   5.0000000e+01   4.0500000e+02   5.3000000e+01   2.6500000e+01   2.1625000e+01   1.0863636e+01   2.0000000e+00   8.0000000e+00   2.2000000e+01   7.1923077e+00
   1.3008576e+03   3.5000000e+01   5.6000000e+01   5.0100000e+02   5.5000000e+01   2.7500000e+01   2.5375000e+01   1.2240000e+01   2.0000000e+00   8.0000000e+00   2.5000000e+01   7.1097561e+00
   1.3173770e+03   3.5000000e+01   5.4000000e+01   4.4800000e+02   5.2000000e+01   2.6000000e+01   2.8000000e+01   1.0000000e+01   2.0000000e+00   7.0000000e+00   2.6000000e+01   6.5243902e+00
   1.2769415e+03   4.1000000e+01   6.0000000e+01   5.2400000e+02   5.2000000e+01   2.6000000e+01   2.5900000e+01   9.8965517e+00   2.0000000e+00   1.0000000e+01   2.9000000e+01   6.8924731e+00
   1.3627021e+03   3.2000000e+01   5.6000000e+01   4.6100000e+02   5.7000000e+01   2.8500000e+01   3.0000000e+01   1.1916667e+01   2.0000000e+00   6.0000000e+00   2.4000000e+01   6.8674699e+00
   1.2855298e+03   3.6000000e+01   5.7000000e+01   4.7200000e+02   5.4000000e+01   2.7000000e+01   2.7125000e+01   1.0500000e+01   2.0000000e+00   8.0000000e+00   2.6000000e+01   7.1136364e+00
   9.8886056e+02   2.6000000e+01   4.8000000e+01   4.4300000e+02   5.6000000e+01   2.8000000e+01   2.8666667e+01   1.5000000e+01   2.0000000e+00   6.0000000e+00   1.8000000e+01   7.5000000e+00
   1.3286334e+03   3.5000000e+01   5.5000000e+01   5.0300000e+02   5.6000000e+01   2.8000000e+01   3.2285714e+01   1.0961538e+01   2.0000000e+00   7.0000000e+00   2.6000000e+01   7.0804598e+00
   1.4084223e+03   3.9000000e+01   5.6000000e+01   4.5900000e+02   5.6000000e+01   2.8000000e+01   2.3222222e+01   9.1785714e+00   2.0000000e+00   9.0000000e+00   2.8000000e+01   6.6413043e+00
   1.2511112e+03   3.6000000e+01   5.6000000e+01   5.0500000e+02   5.2000000e+01   2.6000000e+01   3.2142857e+01   1.1222222e+01   2.0000000e+00   7.0000000e+00   2.7000000e+01   7.2696629e+00
   1.3752218e+03   4.2000000e+01   5.8000000e+01   5.1800000e+02   4.9000000e+01   2.4500000e+01   3.0000000e+01   9.1250000e+00   2.0000000e+00   8.0000000e+00   3.2000000e+01   6.8210526e+00
   1.5135417e+03   3.8000000e+01   6.3000000e+01   5.4000000e+02   5.4000000e+01   2.7000000e+01   2.8250000e+01   1.2035714e+01   2.0000000e+00   8.0000000e+00   2.8000000e+01   7.0520833e+00
   1.1563298e+03   1.1000000e+01   4.4000000e+01   3.3100000e+02   5.7000000e+01   5.5000000e+00   5.7000000e+01   3.8250000e+01   2.0000000e+00   1.0000000e+00   8.0000000e+00   6.5961538e+00
   1.4414004e+03   3.9000000e+01   5.7000000e+01   4.8800000e+02   5.4000000e+01   2.7000000e+01   2.6375000e+01   9.9310345e+00   2.0000000e+00   8.0000000e+00   2.9000000e+01   6.7333333e+00
   1.2602550e+03   3.6000000e+01   5.5000000e+01   5.3500000e+02   5.3000000e+01   2.6500000e+01   2.9000000e+01   1.2461538e+01   2.0000000e+00   8.0000000e+00   2.6000000e+01   7.5402299e+00
   1.2269448e+03   3.6000000e+01   5.2000000e+01   4.5800000e+02   5.2000000e+01   2.6000000e+01   2.8625000e+01   9.2307692e+00   2.0000000e+00   8.0000000e+00   2.6000000e+01   7.2625000e+00
   1.2068272e+03   4.4000000e+01   5.9000000e+01   4.9300000e+02   5.1000000e+01   2.5500000e+01   2.7222222e+01   8.0909091e+00   2.0000000e+00   9.0000000e+00   3.3000000e+01   7.4193548e+00
   8.5640974e+02   3.3000000e+01   4.3000000e+01   4.1000000e+02   5.4000000e+01   2.7000000e+01   2.8714286e+01   8.6250000e+00   2.0000000e+00   7.0000000e+00   2.4000000e+01   7.6428571e+00
   9.8556002e+02   3.1000000e+01   4.8000000e+01   4.6500000e+02   5.3000000e+01   2.6500000e+01   2.3555556e+01   1.2700000e+01   2.0000000e+00   9.0000000e+00   2.0000000e+01   7.4109589e+00
   1.4924411e+03   3.8000000e+01   6.3000000e+01   5.3000000e+02   5.2000000e+01   2.6000000e+01   3.2142857e+01   1.1172414e+01   2.0000000e+00   7.0000000e+00   2.9000000e+01   6.7789474e+00
   1.2211985e+03   3.6000000e+01   5.3000000e+01   4.6000000e+02   5.3000000e+01   2.6500000e+01   3.2000000e+01   1.0107143e+01   2.0000000e+00   6.0000000e+00   2.8000000e+01   7.0000000e+00
   1.3321863e+03   3.4000000e+01   5.4000000e+01   4.3900000e+02   4.8000000e+01   2.4000000e+01   2.7000000e+01   9.8750000e+00   2.0000000e+00   8.0000000e+00   2.4000000e+01   6.4939759e+00
   1.0446003e+03   3.1000000e+01   4.5000000e+01   3.6700000e+02   5.1000000e+01   2.5500000e+01   2.5142857e+01   8.5454545e+00   2.0000000e+00   7.0000000e+00   2.2000000e+01   6.6478873e+00
   1.2684248e+03   3.6000000e+01   5.2000000e+01   4.0300000e+02   4.9000000e+01   2.4500000e+01   2.3625000e+01   8.6153846e+00   2.0000000e+00   8.0000000e+00   2.6000000e+01   6.3095238e+00
   9.0869674e+02   2.4000000e+01   4.1000000e+01   3.3200000e+02   5.7000000e+01   2.8500000e+01   2.0285714e+01   1.1800000e+01   2.0000000e+00   7.0000000e+00   1.5000000e+01   6.8688525e+00
   1.0219366e+03   3.0000000e+01   5.1000000e+01   5.1000000e+02   5.3000000e+01   2.6500000e+01   3.1571429e+01   1.4095238e+01   2.0000000e+00   7.0000000e+00   2.1000000e+01   8.0533333e+00
   1.0070307e+03   3.3000000e+01   4.6000000e+01   4.2300000e+02   5.2000000e+01   2.6000000e+01   2.7714286e+01   9.6666667e+00   2.0000000e+00   7.0000000e+00   2.4000000e+01   7.1066667e+00
   1.2547748e+03   3.2000000e+01   5.3000000e+01   4.7400000e+02   5.1000000e+01   2.5500000e+01   2.9285714e+01   1.2217391e+01   2.0000000e+00   7.0000000e+00   2.3000000e+01   7.3000000e+00
   1.3034920e+03   3.4000000e+01   5.3000000e+01   4.1100000e+02   5.0000000e+01   2.5000000e+01   2.5571429e+01   9.9600000e+00   2.0000000e+00   7.0000000e+00   2.5000000e+01   6.3375000e+00
   1.4395601e+03   3.8000000e+01   6.4000000e+01   5.4400000e+02   5.9000000e+01   2.9500000e+01   2.8875000e+01   1.1678571e+01   2.0000000e+00   8.0000000e+00   2.8000000e+01   7.1170213e+00
   1.0786323e+03   3.7000000e+01   4.4000000e+01   4.4500000e+02   5.0000000e+01   2.5000000e+01   2.5000000e+01   8.5384615e+00   2.0000000e+00   9.0000000e+00   2.6000000e+01   7.0394737e+00
   1.1106382e+03   3.2000000e+01   4.1000000e+01   3.5900000e+02   5.4000000e+01   2.7000000e+01   2.1000000e+01   8.0454545e+00   2.0000000e+00   8.0000000e+00   2.2000000e+01   6.5373134e+00
   1.1390981e+03   3.4000000e+01   5.1000000e+01   4.4800000e+02   5.1000000e+01   2.5500000e+01   3.0000000e+01   9.7200000e+00   2.0000000e+00   7.0000000e+00   2.5000000e+01   7.0987654e+00
   1.3101696e+03   3.8000000e+01   5.5000000e+01   5.2900000e+02   5.2000000e+01   2.6000000e+01   3.1428571e+01   1.1068966e+01   2.0000000e+00   7.0000000e+00   2.9000000e+01   7.0344828e+00
   1.3238857e+03   3.6000000e+01   6.1000000e+01   5.0300000e+02   5.4000000e+01   2.7000000e+01   3.1000000e+01   1.1333333e+01   2.0000000e+00   7.0000000e+00   2.7000000e+01   6.8021978e+00
   1.2376342e+03   3.3000000e+01   5.8000000e+01   5.2800000e+02   5.5000000e+01   2.7500000e+01   3.1857143e+01   1.3083333e+01   2.0000000e+00   7.0000000e+00   2.4000000e+01   7.3953488e+00
   1.1204132e+03   3.2000000e+01   5.4000000e+01   4.6300000e+02   5.0000000e+01   2.5000000e+01   3.0571429e+01   1.1478261e+01   2.0000000e+00   7.0000000e+00   2.3000000e+01   7.2195122e+00
   1.6055243e+03   4.3000000e+01   6.7000000e+01   5.4500000e+02   5.4000000e+01   2.7000000e+01   2.8333333e+01   9.5937500e+00   2.0000000e+00   9.0000000e+00   3.2000000e+01   6.6538462e+00
   1.3441155e+03   4.0000000e+01   5.6000000e+01   4.5000000e+02   5.0000000e+01   2.5000000e+01   2.7500000e+01   8.1333333e+00   2.0000000e+00   8.0000000e+00   3.0000000e+01   6.6000000e+00
   1.1772735e+03   3.0000000e+01   4.7000000e+01   4.2000000e+02   5.6000000e+01   2.8000000e+01   2.7833333e+01   1.1136364e+01   2.0000000e+00   6.0000000e+00   2.2000000e+01   6.9166667e+00
   1.2517164e+03   3.4000000e+01   5.4000000e+01   4.9700000e+02   6.0000000e+01   3.0000000e+01   2.4750000e+01   1.2250000e+01   2.0000000e+00   8.0000000e+00   2.4000000e+01   7.2023810e+00
   7.1037482e+02   1.1000000e+01   3.4000000e+01   2.7200000e+02   6.8000000e+01   4.0000000e+00   6.8000000e+01   2.8625000e+01   2.0000000e+00   1.0000000e+00   8.0000000e+00   7.1860465e+00
   1.5196967e+03   4.0000000e+01   6.4000000e+01   5.3900000e+02   5.3000000e+01   2.6500000e+01   2.9555556e+01   1.0068966e+01   2.0000000e+00   9.0000000e+00   2.9000000e+01   6.7525773e+00
   1.4310330e+03   3.7000000e+01   5.9000000e+01   5.1200000e+02   5.6000000e+01   2.8000000e+01   3.2285714e+01   1.0750000e+01   2.0000000e+00   7.0000000e+00   2.8000000e+01   7.2555556e+00
   1.2706245e+03   3.4000000e+01   5.1000000e+01   4.2800000e+02   4.9000000e+01   2.4500000e+01   2.7285714e+01   9.6400000e+00   2.0000000e+00   7.0000000e+00   2.5000000e+01   6.6962025e+00
   1.1382480e+03   1.8000000e+01   4.6000000e+01   3.4900000e+02   4.7000000e+01   8.0000000e+00   4.5500000e+01   2.0642857e+01   2.0000000e+00   2.0000000e+00   1.4000000e+01   6.6666667e+00
   1.2532478e+03   3.9000000e+01   5.5000000e+01   4.2300000e+02   4.8000000e+01   2.4000000e+01   2.4375000e+01   8.5517241e+00   2.0000000e+00   8.0000000e+00   2.9000000e+01   6.6966292e+00
   1.7223874e+03   4.2000000e+01   7.0000000e+01   5.3900000e+02   4.9000000e+01   2.4500000e+01   2.9750000e+01   1.0437500e+01   2.0000000e+00   8.0000000e+00   3.2000000e+01   6.4018692e+00
   1.4778957e+03   3.5000000e+01   5.8000000e+01   4.9100000e+02   5.7000000e+01   2.8500000e+01   2.9000000e+01   1.1653846e+01   2.0000000e+00   7.0000000e+00   2.6000000e+01   6.6896552e+00
   1.1997513e+03   3.7000000e+01   5.4000000e+01   4.7500000e+02   5.4000000e+01   2.7000000e+01   3.0428571e+01   9.4285714e+00   2.0000000e+00   7.0000000e+00   2.8000000e+01   6.9647059e+00
   1.5418205e+03   3.4000000e+01   5.9000000e+01   4.2800000e+02   5.3000000e+01   2.6500000e+01   2.3125000e+01   1.0750000e+01   2.0000000e+00   8.0000000e+00   2.4000000e+01   6.6627907e+00
   1.1523797e+03   4.0000000e+01   5.4000000e+01   5.3500000e+02   5.1000000e+01   2.5500000e+01   2.8000000e+01   1.0310345e+01   2.0000000e+00   9.0000000e+00   2.9000000e+01   7.8260870e+00
   1.2563824e+03   4.0000000e+01   5.9000000e+01   5.1100000e+02   5.0000000e+01   2.5000000e+01   2.9750000e+01   9.8333333e+00   2.0000000e+00   8.0000000e+00   3.0000000e+01   6.9569892e+00
   1.2935798e+03   1.8000000e+01   5.1000000e+01   3.7300000e+02   4.5000000e+01   4.5000000e+00   4.5000000e+01   2.3214286e+01   2.0000000e+00   2.0000000e+00   1.4000000e+01   6.6461538e+00
   1.3723799e+03   3.1000000e+01   5.4000000e+01   4.2400000e+02   5.3000000e+01   2.6500000e+01   2.6285714e+01   1.1227273e+01   2.0000000e+00   7.0000000e+00   2.2000000e+01   6.8974359e+00
   1.6236956e+03   3.8000000e+01   6.5000000e+01   5.3000000e+02   5.4000000e+01   2.7000000e+01   2.9125000e+01   1.1535714e+01   2.0000000e+00   8.0000000e+00   2.8000000e+01   6.7525773e+00
   1.4011391e+03   4.2000000e+01   6.0000000e+01   5.0900000e+02   5.2000000e+01   2.6000000e+01   3.1250000e+01   8.9062500e+00   2.0000000e+00   8.0000000e+00   3.2000000e+01   7.2234043e+00
   1.5180750e+03   4.4000000e+01   5.9000000e+01   4.5300000e+02   4.9000000e+01   2.4500000e+01   2.2800000e+01   7.6562500e+00   2.0000000e+00   1.0000000e+01   3.2000000e+01   6.3917526e+00
   1.0824552e+03   2.9000000e+01   4.7000000e+01   3.5500000e+02   5.0000000e+01   2.5000000e+01   1.9625000e+01   1.0473684e+01   2.0000000e+00   8.0000000e+00   1.9000000e+01   6.7000000e+00
