   1.6230343e+03   4.3000000e+01   6.1000000e+01   4.8900000e+02   5.2000000e+01   2.6000000e+01   2.8500000e+01   8.5757576e+00   2.0000000e+00   8.0000000e+00   3.3000000e+01   6.0306122e+00
   2.0252770e+03   4.9000000e+01   7.3000000e+01   5.6900000e+02   5.6000000e+01   2.8000000e+01   3.0444444e+01   8.7368421e+00   2.0000000e+00   9.0000000e+00   3.8000000e+01   6.2086957e+00
   1.8377941e+03   4.2000000e+01   6.2000000e+01   4.7200000e+02   5.2000000e+01   2.6000000e+01   2.4666667e+01   8.9677419e+00   2.0000000e+00   9.0000000e+00   3.1000000e+01   5.9479167e+00
   4.1739313e+02   1.7000000e+01   2.5000000e+01   2.0200000e+02   4.6000000e+01   2.3000000e+01   1.6833333e+01   8.7777778e+00   2.0000000e+00   6.0000000e+00   9.0000000e+00   6.2631579e+00
   2.2004320e+03   4.1000000e+01   8.0000000e+01   5.5300000e+02   5.4000000e+01   2.7000000e+01   3.0875000e+01   1.1225806e+01   2.0000000e+00   8.0000000e+00   3.1000000e+01   5.9210526e+00
   2.0212622e+03   4.5000000e+01   6.8000000e+01   5.4800000e+02   5.3000000e+01   2.6500000e+01   3.0875000e+01   9.5714286e+00   2.0000000e+00   8.0000000e+00   3.5000000e+01   6.1869159e+00
   1.9665371e+03   3.6000000e+01   6.2000000e+01   4.7200000e+02   5.6000000e+01   2.8000000e+01   2.6750000e+01   1.0576923e+01   2.0000000e+00   8.0000000e+00   2.6000000e+01   5.9892473e+00
   1.9357096e+03   4.4000000e+01   6.7000000e+01   5.3600000e+02   5.2000000e+01   2.6000000e+01   2.7777778e+01   9.5757576e+00   2.0000000e+00   9.0000000e+00   3.3000000e+01   5.9433962e+00
   1.9160351e+03   4.3000000e+01   6.3000000e+01   5.3200000e+02   5.3000000e+01   2.6500000e+01   2.6111111e+01   9.9375000e+00   2.0000000e+00   9.0000000e+00   3.2000000e+01   6.2427184e+00
   2.0769233e+03   4.5000000e+01   7.9000000e+01   6.0000000e+02   5.2000000e+01   2.6000000e+01   2.9444444e+01   1.1147059e+01   2.0000000e+00   9.0000000e+00   3.4000000e+01   6.2173913e+00
   2.0082486e+03   4.1000000e+01   6.9000000e+01   5.1300000e+02   5.1000000e+01   2.5500000e+01   2.7111111e+01   9.7000000e+00   2.0000000e+00   9.0000000e+00   3.0000000e+01   5.8932039e+00
   1.9486252e+03   4.6000000e+01   7.5000000e+01   5.4100000e+02   5.3000000e+01   2.6500000e+01   2.5000000e+01   9.4117647e+00   2.0000000e+00   1.0000000e+01   3.4000000e+01   5.9642857e+00
   2.1719247e+03   4.1000000e+01   7.3000000e+01   5.3800000e+02   5.2000000e+01   2.6000000e+01   2.8250000e+01   1.1258065e+01   2.0000000e+00   8.0000000e+00   3.1000000e+01   5.8518519e+00
   1.7177120e+03   3.8000000e+01   6.0000000e+01   4.9100000e+02   5.2000000e+01   2.6000000e+01   3.0428571e+01   1.0275862e+01   2.0000000e+00   7.0000000e+00   2.9000000e+01   6.3723404e+00
   2.4512705e+03   4.8000000e+01   7.7000000e+01   5.7100000e+02   5.3000000e+01   2.6500000e+01   3.0222222e+01   9.0810811e+00   2.0000000e+00   9.0000000e+00   3.7000000e+01   5.7704918e+00
   2.1534330e+03   4.0000000e+01   7.1000000e+01   5.5700000e+02   5.8000000e+01   2.9000000e+01   3.0625000e+01   1.1066667e+01   2.0000000e+00   8.0000000e+00   3.0000000e+01   6.0186916e+00
   2.0832954e+03   4.2000000e+01   7.3000000e+01   5.0900000e+02   5.4000000e+01   2.7000000e+01   2.8750000e+01   9.6562500e+00   2.0000000e+00   8.0000000e+00   3.2000000e+01   5.6666667e+00
   2.0521439e+03   4.1000000e+01   7.0000000e+01   5.2200000e+02   4.9000000e+01   2.4500000e+01   2.6333333e+01   1.0666667e+01   2.0000000e+00   9.0000000e+00   3.0000000e+01   6.0288462e+00
   1.5587218e+03   4.1000000e+01   5.0000000e+01   4.3400000e+02   4.9000000e+01   2.4500000e+01   2.6375000e+01   7.5806452e+00   2.0000000e+00   8.0000000e+00   3.1000000e+01   5.9662921e+00
   1.7316320e+03   4.0000000e+01   6.9000000e+01   5.1900000e+02   5.2000000e+01   2.6000000e+01   3.1428571e+01   1.0451613e+01   2.0000000e+00   7.0000000e+00   3.1000000e+01   6.1333333e+00
   1.9422595e+03   4.0000000e+01   7.4000000e+01   5.6900000e+02   5.4000000e+01   2.7000000e+01   3.2571429e+01   1.1967742e+01   2.0000000e+00   7.0000000e+00   3.1000000e+01   6.4056604e+00
   2.1926129e+03   3.7000000e+01   6.9000000e+01   4.9200000e+02   5.5000000e+01   2.7500000e+01   2.7857143e+01   1.1571429e+01   2.0000000e+00   7.0000000e+00   2.8000000e+01   5.7474747e+00
   1.6980264e+03   4.2000000e+01   6.9000000e+01   5.3100000e+02   5.3000000e+01   2.6500000e+01   2.9625000e+01   9.9375000e+00   2.0000000e+00   8.0000000e+00   3.2000000e+01   6.3173077e+00
   1.5088131e+03   3.7000000e+01   5.4000000e+01   4.2400000e+02   4.8000000e+01   2.4000000e+01   2.4375000e+01   9.1111111e+00   2.0000000e+00   8.0000000e+00   2.7000000e+01   6.1176471e+00
   2.3826168e+03   4.5000000e+01   8.1000000e+01   5.5700000e+02   5.2000000e+01   2.6000000e+01   2.9250000e+01   1.0342857e+01   2.0000000e+00   8.0000000e+00   3.5000000e+01   5.8050847e+00
   2.3220495e+03   4.2000000e+01   7.7000000e+01   5.6000000e+02   5.1000000e+01   2.5500000e+01   3.1500000e+01   1.1250000e+01   2.0000000e+00   8.0000000e+00   3.2000000e+01   5.9734513e+00
   1.8659200e+03   4.0000000e+01   6.1000000e+01   4.9400000e+02   5.1000000e+01   2.5500000e+01   2.6750000e+01   1.0100000e+01   2.0000000e+00   8.0000000e+00   3.0000000e+01   6.1122449e+00
   1.8685472e+03   4.1000000e+01   6.4000000e+01   4.6000000e+02   5.0000000e+01   2.5000000e+01   2.5375000e+01   8.9677419e+00   2.0000000e+00   8.0000000e+00   3.1000000e+01   5.6914894e+00
   2.0001888e+03   4.5000000e+01   7.0000000e+01   5.3300000e+02   5.2000000e+01   2.6000000e+01   2.6500000e+01   9.0000000e+00   2.0000000e+00   1.0000000e+01   3.3000000e+01   5.9909091e+00
   2.2405816e+03   4.4000000e+01   7.8000000e+01   5.7000000e+02   5.3000000e+01   2.6500000e+01   2.9444444e+01   1.0333333e+01   2.0000000e+00   9.0000000e+00   3.3000000e+01   5.9729730e+00
   1.5454381e+03   3.7000000e+01   5.5000000e+01   4.9800000e+02   5.4000000e+01   2.7000000e+01   2.8000000e+01   1.0407407e+01   2.0000000e+00   8.0000000e+00   2.7000000e+01   6.2808989e+00
   2.3820055e+03   4.5000000e+01   8.2000000e+01   5.9700000e+02   5.1000000e+01   2.5500000e+01   3.2000000e+01   1.1000000e+01   2.0000000e+00   8.0000000e+00   3.5000000e+01   5.9008264e+00
   1.8910903e+03   3.6000000e+01   6.0000000e+01   4.2300000e+02   5.1000000e+01   2.5500000e+01   2.7000000e+01   9.6666667e+00   2.0000000e+00   7.0000000e+00   2.7000000e+01   5.6966292e+00
   1.7398329e+03   3.5000000e+01   6.6000000e+01   5.0100000e+02   5.3000000e+01   2.6500000e+01   2.6500000e+01   1.3080000e+01   2.0000000e+00   8.0000000e+00   2.5000000e+01   6.0306122e+00
   1.8190184e+03   4.0000000e+01   6.1000000e+01   4.7500000e+02   5.2000000e+01   2.6000000e+01   2.5375000e+01   9.7666667e+00   2.0000000e+00   8.0000000e+00   3.0000000e+01   5.9789474e+00
   2.0969869e+03   4.3000000e+01   8.0000000e+01   5.7700000e+02   5.2000000e+01   2.6000000e+01   3.1285714e+01   1.1794118e+01   2.0000000e+00   7.0000000e+00   3.4000000e+01   6.0701754e+00
   2.0458405e+03   4.4000000e+01   6.7000000e+01   4.9700000e+02   5.1000000e+01   2.5500000e+01   2.3111111e+01   9.6060606e+00   2.0000000e+00   9.0000000e+00   3.3000000e+01   5.7788462e+00
   1.9400326e+03   4.2000000e+01   6.7000000e+01   5.0300000e+02   5.2000000e+01   2.6000000e+01   2.7444444e+01   9.1612903e+00   2.0000000e+00   9.0000000e+00   3.1000000e+01   6.0384615e+00
   1.6439003e+03   4.1000000e+01   6.0000000e+01   4.6600000e+02   4.9000000e+01   2.4500000e+01   2.6500000e+01   8.7419355e+00   2.0000000e+00   8.0000000e+00   3.1000000e+01   5.6382979e+00
   2.2332298e+03   4.2000000e+01   7.6000000e+01   5.4500000e+02   5.7000000e+01   2.8500000e+01   3.1428571e+01   1.0878788e+01   2.0000000e+00   7.0000000e+00   3.3000000e+01   5.7837838e+00
   1.6263932e+03   3.1000000e+01   5.8000000e+01   4.5300000e+02   5.5000000e+01   2.7500000e+01   2.8428571e+01   1.1863636e+01   2.0000000e+00   7.0000000e+00   2.2000000e+01   6.3333333e+00
   1.3797323e+03   3.5000000e+01   5.6000000e+01   4.5100000e+02   5.2000000e+01   2.6000000e+01   2.7500000e+01   9.6800000e+00   2.0000000e+00   8.0000000e+00   2.5000000e+01   6.3604651e+00
   1.8368821e+03   3.8000000e+01   6.1000000e+01   4.9000000e+02   5.1000000e+01   2.5500000e+01   2.9000000e+01   1.0551724e+01   2.0000000e+00   7.0000000e+00   2.9000000e+01   6.4301075e+00
   1.9667302e+03   4.1000000e+01   6.6000000e+01   4.7800000e+02   5.1000000e+01   2.5500000e+01   2.4000000e+01   9.9333333e+00   2.0000000e+00   9.0000000e+00   3.0000000e+01   6.1078431e+00
   2.3582513e+03   4.5000000e+01   7.6000000e+01   5.1700000e+02   4.9000000e+01   2.4500000e+01   2.9000000e+01   8.7352941e+00   2.0000000e+00   9.0000000e+00   3.4000000e+01   5.7454545e+00
   1.7747603e+03   4.3000000e+01   6.5000000e+01   5.2500000e+02   4.8000000e+01   2.4000000e+01   2.7222222e+01   9.5000000e+00   2.0000000e+00   9.0000000e+00   3.2000000e+01   6.0294118e+00
   1.9718499e+03   4.2000000e+01   7.3000000e+01   5.3300000e+02   5.3000000e+01   2.6500000e+01   2.7555556e+01   1.0548387e+01   2.0000000e+00   9.0000000e+00   3.1000000e+01   6.0285714e+00
   1.7845443e+03   3.9000000e+01   6.5000000e+01   5.0000000e+02   5.3000000e+01   2.6500000e+01   2.6500000e+01   1.0689655e+01   2.0000000e+00   8.0000000e+00   2.9000000e+01   5.9793814e+00
   2.2111228e+03   4.2000000e+01   7.8000000e+01   5.5900000e+02   5.6000000e+01   2.8000000e+01   3.0500000e+01   1.1062500e+01   2.0000000e+00   8.0000000e+00   3.2000000e+01   5.8245614e+00
   1.8575054e+03   4.1000000e+01   6.3000000e+01   4.9200000e+02   5.5000000e+01   2.7500000e+01   2.3444444e+01   1.0066667e+01   2.0000000e+00   9.0000000e+00   3.0000000e+01   5.9494949e+00
   1.8924686e+03   4.1000000e+01   6.3000000e+01   5.1400000e+02   5.3000000e+01   2.6500000e+01   2.8375000e+01   9.7419355e+00   2.0000000e+00   8.0000000e+00   3.1000000e+01   6.3263158e+00
   1.9527742e+03   3.8000000e+01   6.8000000e+01   4.7900000e+02   5.3000000e+01   2.6500000e+01   2.4500000e+01   1.1000000e+01   2.0000000e+00   8.0000000e+00   2.8000000e+01   5.8100000e+00
   1.7260560e+03   4.2000000e+01   6.0000000e+01   4.8000000e+02   5.4000000e+01   2.7000000e+01   2.4250000e+01   9.4375000e+00   2.0000000e+00   8.0000000e+00   3.2000000e+01   6.2268041e+00
   2.3514883e+03   4.2000000e+01   8.0000000e+01   5.6400000e+02   5.7000000e+01   2.8500000e+01   2.8250000e+01   1.1562500e+01   2.0000000e+00   8.0000000e+00   3.2000000e+01   5.8303571e+00
   1.9753630e+03   4.5000000e+01   6.7000000e+01   5.5000000e+02   5.2000000e+01   2.6000000e+01   2.9666667e+01   9.0000000e+00   2.0000000e+00   9.0000000e+00   3.4000000e+01   6.0943396e+00
   1.9193390e+03   4.5000000e+01   7.0000000e+01   5.4200000e+02   5.3000000e+01   2.6500000e+01   2.8777778e+01   9.3235294e+00   2.0000000e+00   9.0000000e+00   3.4000000e+01   5.9252336e+00
   1.9779881e+03   3.8000000e+01   7.6000000e+01   5.4400000e+02   5.3000000e+01   2.6500000e+01   3.1571429e+01   1.2241379e+01   2.0000000e+00   7.0000000e+00   2.9000000e+01   6.1028037e+00
   2.0629605e+03   4.7000000e+01   7.4000000e+01   5.6800000e+02   5.3000000e+01   2.6500000e+01   2.6800000e+01   9.3428571e+00   2.0000000e+00   1.0000000e+01   3.5000000e+01   5.9823009e+00
   2.0159520e+03   4.4000000e+01   6.8000000e+01   5.1600000e+02   5.1000000e+01   2.5500000e+01   2.7000000e+01   9.1212121e+00   2.0000000e+00   9.0000000e+00   3.3000000e+01   6.0673077e+00
   2.0869303e+03   3.9000000e+01   7.0000000e+01   4.9400000e+02   5.2000000e+01   2.6000000e+01   3.0857143e+01   1.0500000e+01   2.0000000e+00   7.0000000e+00   3.0000000e+01   5.7920792e+00
   1.9178209e+03   4.2000000e+01   7.5000000e+01   5.2600000e+02   5.3000000e+01   2.6500000e+01   2.7875000e+01   1.0343750e+01   2.0000000e+00   8.0000000e+00   3.2000000e+01   5.8504673e+00
   1.6691521e+03   3.8000000e+01   6.3000000e+01   4.7400000e+02   4.8000000e+01   2.4000000e+01   2.8857143e+01   1.0379310e+01   2.0000000e+00   7.0000000e+00   2.9000000e+01   5.9583333e+00
   1.4439463e+03   3.2000000e+01   5.4000000e+01   4.1200000e+02   5.5000000e+01   2.7500000e+01   2.7857143e+01   9.6956522e+00   2.0000000e+00   7.0000000e+00   2.3000000e+01   6.0512821e+00
   1.7147419e+03   4.0000000e+01   5.5000000e+01   4.4100000e+02   5.1000000e+01   2.5500000e+01   2.1600000e+01   8.4642857e+00   2.0000000e+00   1.0000000e+01   2.8000000e+01   5.8777778e+00
   1.9806353e+03   4.2000000e+01   6.7000000e+01   4.9600000e+02   5.1000000e+01   2.5500000e+01   2.6500000e+01   9.7500000e+00   2.0000000e+00   8.0000000e+00   3.2000000e+01   5.8900000e+00
   1.7247767e+03   4.3000000e+01   5.9000000e+01   5.0900000e+02   5.1000000e+01   2.5500000e+01   2.6500000e+01   9.6363636e+00   2.0000000e+00   8.0000000e+00   3.3000000e+01   6.2315789e+00
   1.9756802e+03   3.6000000e+01   6.9000000e+01   5.1500000e+02   5.5000000e+01   2.7500000e+01   3.1285714e+01   1.2037037e+01   2.0000000e+00   7.0000000e+00   2.7000000e+01   5.9900990e+00
   1.9631912e+03   3.9000000e+01   7.0000000e+01   4.8700000e+02   5.3000000e+01   2.6500000e+01   2.6125000e+01   1.0551724e+01   2.0000000e+00   8.0000000e+00   2.9000000e+01   6.0000000e+00
   1.6617441e+03   3.7000000e+01   5.9000000e+01   4.5100000e+02   5.5000000e+01   2.7500000e+01   2.1555556e+01   1.0500000e+01   2.0000000e+00   9.0000000e+00   2.6000000e+01   5.9333333e+00
   1.5374286e+03   4.0000000e+01   5.8000000e+01   4.5000000e+02   5.0000000e+01   2.5000000e+01   2.7500000e+01   8.5666667e+00   2.0000000e+00   8.0000000e+00   3.0000000e+01   6.1098901e+00
   2.0287355e+03   4.5000000e+01   6.9000000e+01   5.4900000e+02   5.2000000e+01   2.6000000e+01   3.1500000e+01   9.4285714e+00   2.0000000e+00   8.0000000e+00   3.5000000e+01   6.1588785e+00
   1.8724769e+03   4.3000000e+01   6.4000000e+01   4.7700000e+02   4.8000000e+01   2.4000000e+01   2.3666667e+01   8.9062500e+00   2.0000000e+00   9.0000000e+00   3.2000000e+01   5.8333333e+00
   1.8934153e+03   4.5000000e+01   7.3000000e+01   5.5400000e+02   4.9000000e+01   2.4500000e+01   2.7600000e+01   9.4242424e+00   2.0000000e+00   1.0000000e+01   3.3000000e+01   6.2523364e+00
   1.4509153e+03   3.1000000e+01   5.6000000e+01   4.2700000e+02   5.1000000e+01   2.5500000e+01   2.7166667e+01   1.2130435e+01   2.0000000e+00   6.0000000e+00   2.3000000e+01   6.2716049e+00
   1.9136579e+03   4.4000000e+01   6.8000000e+01   5.4700000e+02   5.1000000e+01   2.5500000e+01   2.7200000e+01   9.5000000e+00   2.0000000e+00   1.0000000e+01   3.2000000e+01   6.1308411e+00
   1.8941075e+03   4.2000000e+01   7.3000000e+01   5.3900000e+02   5.1000000e+01   2.5500000e+01   3.0500000e+01   1.0281250e+01   2.0000000e+00   8.0000000e+00   3.2000000e+01   5.9905660e+00
   1.8215923e+03   3.9000000e+01   7.2000000e+01   5.0900000e+02   5.3000000e+01   2.6500000e+01   2.8428571e+01   1.1233333e+01   2.0000000e+00   7.0000000e+00   3.0000000e+01   5.9126214e+00
   2.0446766e+03   4.5000000e+01   7.5000000e+01   5.4700000e+02   5.3000000e+01   2.6500000e+01   2.9625000e+01   9.8857143e+00   2.0000000e+00   8.0000000e+00   3.5000000e+01   5.9181818e+00
   1.6781192e+03   4.2000000e+01   5.8000000e+01   5.1800000e+02   5.2000000e+01   2.6000000e+01   2.7444444e+01   9.2258065e+00   2.0000000e+00   9.0000000e+00   3.1000000e+01   6.2291667e+00
   1.9876595e+03   4.1000000e+01   6.0000000e+01   4.8700000e+02   4.9000000e+01   2.4500000e+01   2.9625000e+01   8.7741935e+00   2.0000000e+00   8.0000000e+00   3.1000000e+01   6.0306122e+00
   2.1646254e+03   4.3000000e+01   7.9000000e+01   5.9900000e+02   5.5000000e+01   2.7500000e+01   3.1875000e+01   1.1454545e+01   2.0000000e+00   8.0000000e+00   3.3000000e+01   5.9827586e+00
   2.1028679e+03   4.5000000e+01   6.7000000e+01   4.6200000e+02   5.1000000e+01   2.5500000e+01   2.1800000e+01   8.3939394e+00   2.0000000e+00   1.0000000e+01   3.3000000e+01   5.5943396e+00
   8.0921693e+02   2.5000000e+01   3.4000000e+01   2.8600000e+02   4.9000000e+01   2.4500000e+01   1.8000000e+01   8.6666667e+00   2.0000000e+00   8.0000000e+00   1.5000000e+01   6.1851852e+00
   1.8879981e+03   3.7000000e+01   6.5000000e+01   4.9600000e+02   5.3000000e+01   2.6500000e+01   2.7428571e+01   1.1678571e+01   2.0000000e+00   7.0000000e+00   2.8000000e+01   6.0851064e+00
   2.3785916e+03   4.7000000e+01   7.7000000e+01   5.7300000e+02   5.6000000e+01   2.8000000e+01   3.2625000e+01   9.3513514e+00   2.0000000e+00   8.0000000e+00   3.7000000e+01   5.9741379e+00
   1.8808940e+03   4.0000000e+01   6.3000000e+01   4.5200000e+02   4.8000000e+01   2.4000000e+01   2.2100000e+01   9.0714286e+00   2.0000000e+00   1.0000000e+01   2.8000000e+01   5.7065217e+00
   1.6098144e+03   3.8000000e+01   6.6000000e+01   5.3400000e+02   5.3000000e+01   2.6500000e+01   3.1857143e+01   1.1689655e+01   2.0000000e+00   7.0000000e+00   2.9000000e+01   6.5051546e+00
   1.8004865e+03   4.7000000e+01   6.6000000e+01   5.0400000e+02   5.0000000e+01   2.5000000e+01   2.4363636e+01   7.7352941e+00   2.0000000e+00   1.1000000e+01   3.4000000e+01   5.9313725e+00
   1.3110222e+03   3.2000000e+01   5.0000000e+01   3.7800000e+02   4.9000000e+01   2.4500000e+01   2.3285714e+01   9.7391304e+00   2.0000000e+00   7.0000000e+00   2.3000000e+01   6.1866667e+00
   2.0748372e+03   3.9000000e+01   6.8000000e+01   5.1800000e+02   5.3000000e+01   2.6500000e+01   2.6625000e+01   1.1310345e+01   2.0000000e+00   8.0000000e+00   2.9000000e+01   5.8942308e+00
   1.5961348e+03   4.1000000e+01   6.0000000e+01   4.6100000e+02   5.0000000e+01   2.5000000e+01   2.7875000e+01   8.3870968e+00   2.0000000e+00   8.0000000e+00   3.1000000e+01   6.0000000e+00
   1.8403993e+03   4.8000000e+01   6.2000000e+01   5.1200000e+02   5.0000000e+01   2.5000000e+01   2.6222222e+01   8.0810811e+00   2.0000000e+00   9.0000000e+00   3.7000000e+01   5.9900000e+00
   1.0962366e+03   3.2000000e+01   4.4000000e+01   3.6800000e+02   5.2000000e+01   2.6000000e+01   2.3857143e+01   8.3913043e+00   2.0000000e+00   7.0000000e+00   2.3000000e+01   5.9027778e+00
   1.7330110e+03   4.2000000e+01   6.1000000e+01   4.9800000e+02   5.2000000e+01   2.6000000e+01   2.6555556e+01   8.9677419e+00   2.0000000e+00   9.0000000e+00   3.1000000e+01   6.0306122e+00
   1.9440994e+03   4.0000000e+01   6.5000000e+01   4.8600000e+02   5.2000000e+01   2.6000000e+01   2.9875000e+01   9.1000000e+00   2.0000000e+00   8.0000000e+00   3.0000000e+01   5.8265306e+00
   2.0721140e+03   4.0000000e+01   6.9000000e+01   5.1200000e+02   5.6000000e+01   2.8000000e+01   2.8625000e+01   9.9666667e+00   2.0000000e+00   8.0000000e+00   3.0000000e+01   5.8484848e+00
   2.2468830e+03   4.6000000e+01   7.2000000e+01   5.1500000e+02   5.2000000e+01   2.6000000e+01   2.5444444e+01   9.0285714e+00   2.0000000e+00   9.0000000e+00   3.5000000e+01   5.6759259e+00
   2.1209541e+03   4.9000000e+01   7.3000000e+01   5.6600000e+02   5.1000000e+01   2.5500000e+01   3.0000000e+01   9.1538462e+00   2.0000000e+00   8.0000000e+00   3.9000000e+01   5.7543860e+00
   1.7350208e+03   4.4000000e+01   6.3000000e+01   4.9900000e+02   5.0000000e+01   2.5000000e+01   2.8222222e+01   8.2727273e+00   2.0000000e+00   9.0000000e+00   3.3000000e+01   6.1568627e+00
   2.0120738e+03   4.3000000e+01   7.3000000e+01   5.4100000e+02   5.2000000e+01   2.6000000e+01   3.0125000e+01   1.0090909e+01   2.0000000e+00   8.0000000e+00   3.3000000e+01   6.0275229e+00
