   1.1759950e+03   3.3000000e+01   5.0000000e+01   4.9100000e+02   5.6000000e+01   2.8000000e+01   3.1000000e+01   1.1875000e+01   2.0000000e+00   7.0000000e+00   2.4000000e+01   7.5443038e+00
   2.1094871e+03   3.6000000e+01   6.3000000e+01   5.8000000e+02   5.3000000e+01   2.6500000e+01   3.3000000e+01   1.3000000e+01   2.0000000e+00   8.0000000e+00   2.6000000e+01   7.8279570e+00
   1.5173288e+03   4.0000000e+01   5.1000000e+01   5.4800000e+02   5.7000000e+01   2.8500000e+01   2.8111111e+01   1.0379310e+01   2.0000000e+00   9.0000000e+00   2.9000000e+01   8.3604651e+00
   1.8523926e+03   3.5000000e+01   6.0000000e+01   5.5800000e+02   5.7000000e+01   2.8500000e+01   3.4714286e+01   1.2653846e+01   2.0000000e+00   7.0000000e+00   2.6000000e+01   8.0681818e+00
   1.7476448e+03   3.3000000e+01   5.3000000e+01   5.2900000e+02   5.3000000e+01   2.6500000e+01   3.4142857e+01   1.2500000e+01   2.0000000e+00   7.0000000e+00   2.4000000e+01   7.6707317e+00
   1.7841072e+03   3.6000000e+01   5.2000000e+01   5.2700000e+02   5.6000000e+01   2.8000000e+01   3.1285714e+01   1.1703704e+01   2.0000000e+00   7.0000000e+00   2.7000000e+01   7.8705882e+00
   1.6256665e+03   3.8000000e+01   5.2000000e+01   5.4900000e+02   5.8000000e+01   2.9000000e+01   3.0875000e+01   1.0857143e+01   2.0000000e+00   8.0000000e+00   2.8000000e+01   8.2790698e+00
   1.1220879e+03   1.0000000e+01   3.3000000e+01   2.6200000e+02   6.0000000e+01   5.0000000e+00   6.0000000e+01   3.2000000e+01   2.0000000e+00   1.0000000e+00   7.0000000e+00   7.0250000e+00
   1.7893754e+03   3.3000000e+01   5.6000000e+01   5.2900000e+02   5.7000000e+01   2.8500000e+01   3.0714286e+01   1.3375000e+01   2.0000000e+00   7.0000000e+00   2.4000000e+01   7.7411765e+00
   1.7775422e+03   3.3000000e+01   5.5000000e+01   5.1800000e+02   5.8000000e+01   2.9000000e+01   3.2000000e+01   1.2458333e+01   2.0000000e+00   7.0000000e+00   2.4000000e+01   8.0740741e+00
   1.2390506e+03   2.8000000e+01   5.0000000e+01   5.2400000e+02   5.1000000e+01   2.5500000e+01   3.7166667e+01   1.5650000e+01   2.0000000e+00   6.0000000e+00   2.0000000e+01   8.9178082e+00
   1.3854136e+03   3.5000000e+01   4.8000000e+01   4.8500000e+02   5.9000000e+01   2.9500000e+01   3.2142857e+01   9.8076923e+00   2.0000000e+00   7.0000000e+00   2.6000000e+01   8.1282051e+00
   1.8174953e+03   3.1000000e+01   5.8000000e+01   5.4900000e+02   5.5000000e+01   2.7500000e+01   3.8333333e+01   1.4695652e+01   2.0000000e+00   6.0000000e+00   2.3000000e+01   8.1309524e+00
   1.8276589e+03   3.3000000e+01   6.0000000e+01   5.8100000e+02   6.0000000e+01   3.0000000e+01   3.2571429e+01   1.5083333e+01   2.0000000e+00   7.0000000e+00   2.4000000e+01   8.3000000e+00
   2.0944150e+03   3.9000000e+01   6.2000000e+01   5.6100000e+02   5.4000000e+01   2.7000000e+01   3.3000000e+01   1.1566667e+01   2.0000000e+00   7.0000000e+00   3.0000000e+01   7.4583333e+00
   1.4190921e+03   3.4000000e+01   4.8000000e+01   5.3000000e+02   5.5000000e+01   2.7500000e+01   3.1500000e+01   1.1833333e+01   2.0000000e+00   8.0000000e+00   2.4000000e+01   8.9078947e+00
   1.7875106e+03   2.8000000e+01   5.5000000e+01   5.4600000e+02   5.7000000e+01   2.8500000e+01   3.1428571e+01   1.7526316e+01   2.0000000e+00   7.0000000e+00   1.9000000e+01   8.3076923e+00
   1.6439006e+03   3.5000000e+01   5.2000000e+01   4.9500000e+02   5.4000000e+01   2.7000000e+01   3.0250000e+01   1.0640000e+01   2.0000000e+00   8.0000000e+00   2.5000000e+01   7.9375000e+00
   2.2640496e+03   4.1000000e+01   6.9000000e+01   6.0800000e+02   5.6000000e+01   2.8000000e+01   3.3571429e+01   1.2343750e+01   2.0000000e+00   7.0000000e+00   3.2000000e+01   7.3457944e+00
   1.6698583e+03   3.6000000e+01   6.0000000e+01   6.0600000e+02   5.6000000e+01   2.8000000e+01   3.6857143e+01   1.3222222e+01   2.0000000e+00   7.0000000e+00   2.7000000e+01   8.3913043e+00
   2.2555411e+03   3.6000000e+01   6.2000000e+01   5.2200000e+02   5.7000000e+01   2.8500000e+01   2.9000000e+01   1.1807692e+01   2.0000000e+00   8.0000000e+00   2.6000000e+01   7.3258427e+00
   2.0087081e+03   3.8000000e+01   6.5000000e+01   5.7800000e+02   5.8000000e+01   2.9000000e+01   3.2500000e+01   1.2107143e+01   2.0000000e+00   8.0000000e+00   2.8000000e+01   8.0721649e+00
   2.0777350e+03   3.6000000e+01   6.4000000e+01   5.5000000e+02   5.3000000e+01   2.6500000e+01   3.3000000e+01   1.2888889e+01   2.0000000e+00   7.0000000e+00   2.7000000e+01   7.3222222e+00
   1.8086726e+03   4.1000000e+01   5.5000000e+01   5.3000000e+02   5.4000000e+01   2.7000000e+01   2.7666667e+01   9.8666667e+00   2.0000000e+00   9.0000000e+00   3.0000000e+01   8.0786517e+00
   1.6349924e+03   2.7000000e+01   5.4000000e+01   5.2000000e+02   6.0000000e+01   3.0000000e+01   3.3166667e+01   1.7157895e+01   2.0000000e+00   6.0000000e+00   1.9000000e+01   8.4133333e+00
   1.7842556e+03   3.4000000e+01   6.0000000e+01   5.7500000e+02   5.5000000e+01   2.7500000e+01   3.4000000e+01   1.4000000e+01   2.0000000e+00   7.0000000e+00   2.5000000e+01   7.8505747e+00
   1.3729528e+03   2.9000000e+01   4.6000000e+01   4.9700000e+02   6.0000000e+01   3.0000000e+01   2.6571429e+01   1.5250000e+01   2.0000000e+00   7.0000000e+00   2.0000000e+01   8.4366197e+00
   1.5667356e+03   3.2000000e+01   5.2000000e+01   5.3900000e+02   5.7000000e+01   2.8500000e+01   2.7875000e+01   1.4590909e+01   2.0000000e+00   8.0000000e+00   2.2000000e+01   8.4320988e+00
   1.6100251e+03   2.7000000e+01   5.4000000e+01   5.0000000e+02   6.0000000e+01   3.0000000e+01   2.8000000e+01   1.7500000e+01   2.0000000e+00   7.0000000e+00   1.8000000e+01   7.9466667e+00
   2.0200167e+03   3.4000000e+01   6.2000000e+01   5.8900000e+02   5.8000000e+01   2.9000000e+01   3.5142857e+01   1.4280000e+01   2.0000000e+00   7.0000000e+00   2.5000000e+01   7.9450549e+00
   1.6541521e+03   3.6000000e+01   4.8000000e+01   4.3600000e+02   5.3000000e+01   2.6500000e+01   2.3625000e+01   9.6923077e+00   2.0000000e+00   8.0000000e+00   2.6000000e+01   7.5569620e+00
   1.9084202e+03   3.8000000e+01   6.1000000e+01   5.2500000e+02   5.4000000e+01   2.7000000e+01   3.3714286e+01   1.0724138e+01   2.0000000e+00   7.0000000e+00   2.9000000e+01   7.2637363e+00
   1.4252006e+03   3.3000000e+01   5.1000000e+01   4.9500000e+02   5.7000000e+01   2.8500000e+01   3.2285714e+01   1.1041667e+01   2.0000000e+00   7.0000000e+00   2.4000000e+01   8.0506329e+00
   1.5207941e+03   3.0000000e+01   4.9000000e+01   4.7400000e+02   5.9000000e+01   2.9500000e+01   2.9285714e+01   1.2476190e+01   2.0000000e+00   7.0000000e+00   2.1000000e+01   7.7534247e+00
   1.3626143e+03   2.8000000e+01   4.2000000e+01   3.9900000e+02   5.6000000e+01   2.8000000e+01   2.1444444e+01   1.1705882e+01   2.0000000e+00   9.0000000e+00   1.7000000e+01   7.6406250e+00
   1.9459865e+03   3.8000000e+01   6.1000000e+01   5.5200000e+02   5.6000000e+01   2.8000000e+01   3.3285714e+01   1.1448276e+01   2.0000000e+00   7.0000000e+00   2.9000000e+01   7.5591398e+00
   1.9868243e+03   3.4000000e+01   5.6000000e+01   4.9500000e+02   5.5000000e+01   2.7500000e+01   3.3142857e+01   1.1040000e+01   2.0000000e+00   7.0000000e+00   2.5000000e+01   7.0689655e+00
   2.1232086e+03   3.9000000e+01   6.0000000e+01   4.9300000e+02   5.3000000e+01   2.6500000e+01   2.3111111e+01   1.0642857e+01   2.0000000e+00   9.0000000e+00   2.8000000e+01   7.4000000e+00
   1.5610797e+03   3.3000000e+01   4.9000000e+01   5.3600000e+02   5.5000000e+01   2.7500000e+01   2.8444444e+01   1.2954545e+01   2.0000000e+00   9.0000000e+00   2.2000000e+01   8.4805195e+00
   1.8297666e+03   3.4000000e+01   5.5000000e+01   5.4800000e+02   5.2000000e+01   2.6000000e+01   3.0875000e+01   1.3041667e+01   2.0000000e+00   8.0000000e+00   2.4000000e+01   7.8414634e+00
   1.6566163e+03   4.0000000e+01   5.3000000e+01   5.6600000e+02   5.3000000e+01   2.6500000e+01   3.1625000e+01   1.0800000e+01   2.0000000e+00   8.0000000e+00   3.0000000e+01   8.1264368e+00
   1.6447496e+03   3.8000000e+01   5.2000000e+01   5.7100000e+02   5.5000000e+01   2.7500000e+01   3.1375000e+01   1.1535714e+01   2.0000000e+00   8.0000000e+00   2.8000000e+01   8.3809524e+00
   2.1435794e+03   4.0000000e+01   6.3000000e+01   5.8200000e+02   5.5000000e+01   2.7500000e+01   3.3142857e+01   1.1806452e+01   2.0000000e+00   7.0000000e+00   3.1000000e+01   7.6969697e+00
   2.0243973e+03   3.8000000e+01   6.3000000e+01   5.4500000e+02   5.5000000e+01   2.7500000e+01   3.2428571e+01   1.1413793e+01   2.0000000e+00   7.0000000e+00   2.9000000e+01   7.3829787e+00
   1.3201787e+03   3.3000000e+01   4.7000000e+01   5.1700000e+02   5.3000000e+01   2.6500000e+01   3.1875000e+01   1.1521739e+01   2.0000000e+00   8.0000000e+00   2.3000000e+01   8.2105263e+00
   1.8713353e+03   3.8000000e+01   5.4000000e+01   4.8700000e+02   5.2000000e+01   2.6000000e+01   2.9375000e+01   9.7142857e+00   2.0000000e+00   8.0000000e+00   2.8000000e+01   7.4166667e+00
   1.9765591e+03   4.0000000e+01   5.8000000e+01   5.5900000e+02   5.3000000e+01   2.6500000e+01   3.0000000e+01   1.0620690e+01   2.0000000e+00   9.0000000e+00   2.9000000e+01   7.2666667e+00
   1.8035735e+03   3.6000000e+01   5.7000000e+01   5.4500000e+02   6.0000000e+01   3.0000000e+01   3.2250000e+01   1.1230769e+01   2.0000000e+00   8.0000000e+00   2.6000000e+01   7.8426966e+00
   1.9441579e+03   4.0000000e+01   6.1000000e+01   6.0700000e+02   6.1000000e+01   3.0500000e+01   3.0666667e+01   1.1896552e+01   2.0000000e+00   9.0000000e+00   2.9000000e+01   8.0606061e+00
   2.1019249e+03   4.0000000e+01   6.0000000e+01   5.5100000e+02   5.3000000e+01   2.6500000e+01   3.1500000e+01   1.0633333e+01   2.0000000e+00   8.0000000e+00   3.0000000e+01   7.4239130e+00
   1.4894580e+03   3.3000000e+01   5.0000000e+01   5.2000000e+02   6.0000000e+01   3.0000000e+01   3.3571429e+01   1.2041667e+01   2.0000000e+00   7.0000000e+00   2.4000000e+01   8.7875000e+00
   1.5306037e+03   3.0000000e+01   5.2000000e+01   4.5600000e+02   5.6000000e+01   2.8000000e+01   3.1333333e+01   1.2500000e+01   2.0000000e+00   6.0000000e+00   2.2000000e+01   8.0000000e+00
   1.9423116e+03   3.8000000e+01   6.5000000e+01   6.0100000e+02   6.0000000e+01   3.0000000e+01   3.0555556e+01   1.2629630e+01   2.0000000e+00   9.0000000e+00   2.7000000e+01   8.0000000e+00
   1.8305360e+03   3.9000000e+01   5.8000000e+01   5.4600000e+02   5.5000000e+01   2.7500000e+01   2.6666667e+01   1.1428571e+01   2.0000000e+00   9.0000000e+00   2.8000000e+01   8.0337079e+00
   1.7267698e+03   2.9000000e+01   5.1000000e+01   4.8800000e+02   5.6000000e+01   2.8000000e+01   2.6500000e+01   1.4473684e+01   2.0000000e+00   8.0000000e+00   1.9000000e+01   7.8026316e+00
   1.8898027e+03   3.4000000e+01   6.0000000e+01   5.4700000e+02   6.1000000e+01   3.0500000e+01   3.3857143e+01   1.2720000e+01   2.0000000e+00   7.0000000e+00   2.5000000e+01   7.6853933e+00
   1.4710730e+03   3.2000000e+01   4.8000000e+01   5.1300000e+02   5.6000000e+01   2.8000000e+01   2.8875000e+01   1.2681818e+01   2.0000000e+00   8.0000000e+00   2.2000000e+01   8.2933333e+00
   1.8351717e+03   3.1000000e+01   6.0000000e+01   5.4800000e+02   5.8000000e+01   2.9000000e+01   3.3500000e+01   1.5434783e+01   2.0000000e+00   6.0000000e+00   2.3000000e+01   7.7816092e+00
   1.5745043e+03   3.1000000e+01   5.8000000e+01   5.6300000e+02   5.8000000e+01   2.9000000e+01   3.3142857e+01   1.5500000e+01   2.0000000e+00   7.0000000e+00   2.2000000e+01   8.4216867e+00
   1.9329045e+03   3.1000000e+01   5.8000000e+01   5.3300000e+02   5.8000000e+01   2.9000000e+01   2.9142857e+01   1.5045455e+01   2.0000000e+00   7.0000000e+00   2.2000000e+01   7.5301205e+00
   1.5644411e+03   2.7000000e+01   4.4000000e+01   4.1100000e+02   5.4000000e+01   2.7000000e+01   2.6857143e+01   1.2000000e+01   2.0000000e+00   7.0000000e+00   1.8000000e+01   7.1641791e+00
   1.9709298e+03   3.4000000e+01   5.8000000e+01   5.4200000e+02   5.5000000e+01   2.7500000e+01   2.9125000e+01   1.3500000e+01   2.0000000e+00   8.0000000e+00   2.4000000e+01   7.5113636e+00
   1.8890263e+03   3.7000000e+01   5.4000000e+01   5.2600000e+02   5.3000000e+01   2.6500000e+01   2.6111111e+01   1.1269231e+01   2.0000000e+00   9.0000000e+00   2.6000000e+01   7.3793103e+00
   1.7474216e+03   3.2000000e+01   5.9000000e+01   5.6800000e+02   5.6000000e+01   2.8000000e+01   3.2428571e+01   1.5000000e+01   2.0000000e+00   7.0000000e+00   2.3000000e+01   7.9418605e+00
   1.7579838e+03   3.5000000e+01   5.9000000e+01   5.3500000e+02   5.4000000e+01   2.7000000e+01   2.8500000e+01   1.2800000e+01   2.0000000e+00   8.0000000e+00   2.5000000e+01   7.6436782e+00
   2.0560013e+03   4.2000000e+01   6.5000000e+01   5.8600000e+02   5.4000000e+01   2.7000000e+01   3.1750000e+01   1.0843750e+01   2.0000000e+00   8.0000000e+00   3.2000000e+01   7.6400000e+00
   1.8278092e+03   3.4000000e+01   5.9000000e+01   5.5800000e+02   5.4000000e+01   2.7000000e+01   3.4000000e+01   1.3600000e+01   2.0000000e+00   7.0000000e+00   2.5000000e+01   7.7701149e+00
   1.8258691e+03   3.5000000e+01   5.2000000e+01   5.0200000e+02   5.6000000e+01   2.8000000e+01   2.8000000e+01   1.1400000e+01   2.0000000e+00   8.0000000e+00   2.5000000e+01   7.5411765e+00
   1.7380862e+03   3.4000000e+01   5.1000000e+01   4.6700000e+02   5.2000000e+01   2.6000000e+01   3.3428571e+01   9.7600000e+00   2.0000000e+00   7.0000000e+00   2.5000000e+01   7.2962963e+00
   2.1838774e+03   3.7000000e+01   6.0000000e+01   5.1000000e+02   5.5000000e+01   2.7500000e+01   2.7750000e+01   1.1481481e+01   2.0000000e+00   8.0000000e+00   2.7000000e+01   6.9784946e+00
   1.4682645e+03   2.8000000e+01   4.8000000e+01   4.9000000e+02   5.8000000e+01   2.9000000e+01   3.2000000e+01   1.4900000e+01   2.0000000e+00   6.0000000e+00   2.0000000e+01   8.5000000e+00
   1.5499668e+03   3.5000000e+01   5.3000000e+01   5.5300000e+02   5.5000000e+01   2.7500000e+01   3.3142857e+01   1.2846154e+01   2.0000000e+00   7.0000000e+00   2.6000000e+01   8.1547619e+00
   1.7103014e+03   3.0000000e+01   5.7000000e+01   5.6700000e+02   6.4000000e+01   3.2000000e+01   3.8000000e+01   1.5772727e+01   2.0000000e+00   6.0000000e+00   2.2000000e+01   8.2823529e+00
   1.8246885e+03   3.5000000e+01   5.9000000e+01   5.4600000e+02   5.9000000e+01   2.9500000e+01   2.9250000e+01   1.2640000e+01   2.0000000e+00   8.0000000e+00   2.5000000e+01   7.9058824e+00
   1.9452865e+03   3.8000000e+01   5.5000000e+01   5.7400000e+02   5.8000000e+01   2.9000000e+01   3.1875000e+01   1.1678571e+01   2.0000000e+00   8.0000000e+00   2.8000000e+01   7.6067416e+00
   1.7161219e+03   3.4000000e+01   5.7000000e+01   5.4600000e+02   5.7000000e+01   2.8500000e+01   3.1571429e+01   1.3800000e+01   2.0000000e+00   7.0000000e+00   2.5000000e+01   8.2441860e+00
   1.7240937e+03   3.2000000e+01   5.5000000e+01   5.7500000e+02   6.0000000e+01   3.0000000e+01   3.8166667e+01   1.4541667e+01   2.0000000e+00   6.0000000e+00   2.4000000e+01   8.3373494e+00
   1.2839047e+03   2.6000000e+01   4.1000000e+01   4.3500000e+02   5.8000000e+01   2.9000000e+01   2.2888889e+01   1.4400000e+01   2.0000000e+00   9.0000000e+00   1.5000000e+01   8.4218750e+00
   1.8276606e+03   3.9000000e+01   5.8000000e+01   5.4000000e+02   5.5000000e+01   2.7500000e+01   2.8444444e+01   1.0571429e+01   2.0000000e+00   9.0000000e+00   2.8000000e+01   7.7977528e+00
   1.5432644e+03   2.7000000e+01   5.7000000e+01   5.8800000e+02   6.4000000e+01   3.2000000e+01   3.6166667e+01   1.9473684e+01   2.0000000e+00   6.0000000e+00   1.9000000e+01   8.5925926e+00
   1.6150465e+03   3.5000000e+01   5.2000000e+01   5.3800000e+02   5.7000000e+01   2.8500000e+01   2.8250000e+01   1.2640000e+01   2.0000000e+00   8.0000000e+00   2.5000000e+01   8.6707317e+00
   2.3469488e+03   4.0000000e+01   7.2000000e+01   6.0600000e+02   5.2000000e+01   2.6000000e+01   3.2000000e+01   1.2700000e+01   2.0000000e+00   8.0000000e+00   3.0000000e+01   7.1923077e+00
   1.8153279e+03   3.6000000e+01   5.4000000e+01   5.1100000e+02   5.6000000e+01   2.8000000e+01   2.6250000e+01   1.1961538e+01   2.0000000e+00   8.0000000e+00   2.6000000e+01   8.1046512e+00
   2.0508863e+03   3.5000000e+01   6.1000000e+01   5.5700000e+02   5.7000000e+01   2.8500000e+01   3.4428571e+01   1.2730769e+01   2.0000000e+00   7.0000000e+00   2.6000000e+01   7.5543478e+00
   2.1238073e+03   3.7000000e+01   6.5000000e+01   5.8000000e+02   5.6000000e+01   2.8000000e+01   3.6571429e+01   1.2428571e+01   2.0000000e+00   7.0000000e+00   2.8000000e+01   7.5744681e+00
   1.9033789e+03   3.6000000e+01   6.3000000e+01   6.2200000e+02   5.5000000e+01   2.7500000e+01   3.2750000e+01   1.4538462e+01   2.0000000e+00   8.0000000e+00   2.6000000e+01   8.1789474e+00
   1.6705726e+03   3.3000000e+01   5.3000000e+01   5.3000000e+02   5.7000000e+01   2.8500000e+01   2.9750000e+01   1.2913043e+01   2.0000000e+00   8.0000000e+00   2.3000000e+01   8.3414634e+00
   1.6414947e+03   3.8000000e+01   5.2000000e+01   5.0800000e+02   5.5000000e+01   2.7500000e+01   2.7000000e+01   1.0750000e+01   2.0000000e+00   8.0000000e+00   2.8000000e+01   7.5116279e+00
   1.9967372e+03   4.0000000e+01   5.9000000e+01   5.6400000e+02   5.3000000e+01   2.6500000e+01   2.8555556e+01   1.0862069e+01   2.0000000e+00   9.0000000e+00   2.9000000e+01   7.5483871e+00
   1.6152682e+03   3.7000000e+01   5.4000000e+01   5.1200000e+02   5.6000000e+01   2.8000000e+01   3.1625000e+01   9.9629630e+00   2.0000000e+00   8.0000000e+00   2.7000000e+01   7.6144578e+00
   1.7192274e+03   3.3000000e+01   5.4000000e+01   5.0300000e+02   5.2000000e+01   2.6000000e+01   2.8375000e+01   1.2478261e+01   2.0000000e+00   8.0000000e+00   2.3000000e+01   7.5853659e+00
   1.5371530e+03   2.9000000e+01   4.7000000e+01   4.3900000e+02   5.1000000e+01   2.5500000e+01   3.1333333e+01   1.2238095e+01   2.0000000e+00   6.0000000e+00   2.1000000e+01   8.3648649e+00
   1.8609979e+03   3.7000000e+01   5.9000000e+01   5.2600000e+02   5.4000000e+01   2.7000000e+01   2.9500000e+01   1.1111111e+01   2.0000000e+00   8.0000000e+00   2.7000000e+01   7.7634409e+00
   2.2701055e+03   4.2000000e+01   6.9000000e+01   6.1600000e+02   5.4000000e+01   2.7000000e+01   2.7900000e+01   1.2200000e+01   2.0000000e+00   1.0000000e+01   3.0000000e+01   7.4579439e+00
   1.9635155e+03   3.2000000e+01   5.7000000e+01   5.5500000e+02   5.7000000e+01   2.8500000e+01   3.6833333e+01   1.4291667e+01   2.0000000e+00   6.0000000e+00   2.4000000e+01   7.7790698e+00
   1.8873088e+03   3.0000000e+01   5.8000000e+01   5.1500000e+02   5.6000000e+01   2.8000000e+01   3.1500000e+01   1.5545455e+01   2.0000000e+00   6.0000000e+00   2.2000000e+01   8.0487805e+00
   1.3492201e+03   3.7000000e+01   5.2000000e+01   5.8600000e+02   5.8000000e+01   2.9000000e+01   3.0777778e+01   1.2038462e+01   2.0000000e+00   9.0000000e+00   2.6000000e+01   9.3703704e+00
   1.5931669e+03   2.8000000e+01   4.3000000e+01   3.6100000e+02   5.2000000e+01   2.6000000e+01   2.1833333e+01   1.1150000e+01   2.0000000e+00   6.0000000e+00   2.0000000e+01   7.0597015e+00
   1.6250437e+03   4.3000000e+01   5.9000000e+01   6.0200000e+02   5.5000000e+01   2.7500000e+01   2.7900000e+01   1.0870968e+01   2.0000000e+00   1.0000000e+01   3.1000000e+01   8.0000000e+00
   1.6348161e+03   3.5000000e+01   4.7000000e+01   4.7100000e+02   5.5000000e+01   2.7500000e+01   2.7222222e+01   9.7500000e+00   2.0000000e+00   9.0000000e+00   2.4000000e+01   7.9350649e+00
