   1.1707681e+03   3.1000000e+01   4.7000000e+01   5.6000000e+02   5.5000000e+01   2.7500000e+01   3.3428571e+01   1.4636364e+01   2.0000000e+00   7.0000000e+00   2.2000000e+01   9.5890411e+00
   1.4647800e+03   2.8000000e+01   5.4000000e+01   5.6700000e+02   6.0000000e+01   3.0000000e+01   4.0000000e+01   1.7571429e+01   2.0000000e+00   5.0000000e+00   2.1000000e+01   8.8831169e+00
   1.4789995e+03   3.5000000e+01   5.2000000e+01   5.6600000e+02   6.1000000e+01   3.0500000e+01   3.2750000e+01   1.2440000e+01   2.0000000e+00   8.0000000e+00   2.5000000e+01   8.5243902e+00
   1.0883706e+03   3.4000000e+01   4.5000000e+01   5.9300000e+02   5.7000000e+01   2.8500000e+01   3.2875000e+01   1.3666667e+01   2.0000000e+00   8.0000000e+00   2.4000000e+01   1.0202703e+01
   1.4991900e+03   2.8000000e+01   5.1000000e+01   5.0400000e+02   6.0000000e+01   3.0000000e+01   3.0000000e+01   1.6050000e+01   2.0000000e+00   6.0000000e+00   2.0000000e+01   8.7500000e+00
   1.3258859e+03   4.5000000e+01   4.4000000e+01   5.3500000e+02   5.1000000e+01   2.5500000e+01   2.4727273e+01   8.2187500e+00   2.0000000e+00   1.1000000e+01   3.2000000e+01   8.3809524e+00
   1.4858689e+03   2.9000000e+01   5.5000000e+01   5.8400000e+02   6.2000000e+01   3.1000000e+01   3.9333333e+01   1.6523810e+01   2.0000000e+00   6.0000000e+00   2.1000000e+01   8.5250000e+00
   1.6390932e+03   3.1000000e+01   5.5000000e+01   5.3800000e+02   6.1000000e+01   3.0500000e+01   3.1285714e+01   1.4727273e+01   2.0000000e+00   7.0000000e+00   2.2000000e+01   8.3209877e+00
   1.2132000e+03   2.7000000e+01   4.7000000e+01   4.8200000e+02   5.5000000e+01   2.7500000e+01   3.3500000e+01   1.4894737e+01   2.0000000e+00   6.0000000e+00   1.9000000e+01   8.4264706e+00
   1.0348758e+03   2.5000000e+01   4.0000000e+01   4.4400000e+02   6.2000000e+01   3.1000000e+01   3.2500000e+01   1.3588235e+01   2.0000000e+00   6.0000000e+00   1.7000000e+01   8.5409836e+00
   1.4287227e+03   3.9000000e+01   5.1000000e+01   6.0300000e+02   5.6000000e+01   2.8000000e+01   3.2333333e+01   1.1357143e+01   2.0000000e+00   9.0000000e+00   2.8000000e+01   8.8941176e+00
   1.4629837e+03   3.5000000e+01   5.1000000e+01   6.0300000e+02   5.4000000e+01   2.7000000e+01   3.3571429e+01   1.4230769e+01   2.0000000e+00   7.0000000e+00   2.6000000e+01   8.8518519e+00
   1.7781111e+03   3.1000000e+01   6.0000000e+01   5.3200000e+02   5.9000000e+01   2.9500000e+01   3.5600000e+01   1.4875000e+01   2.0000000e+00   5.0000000e+00   2.4000000e+01   7.9135802e+00
   1.4846882e+03   3.7000000e+01   5.1000000e+01   5.6300000e+02   5.5000000e+01   2.7500000e+01   3.4285714e+01   1.1785714e+01   2.0000000e+00   7.0000000e+00   2.8000000e+01   8.5308642e+00
   1.3970180e+03   3.0000000e+01   5.0000000e+01   5.5300000e+02   6.1000000e+01   3.0500000e+01   3.3571429e+01   1.5095238e+01   2.0000000e+00   7.0000000e+00   2.1000000e+01   8.3684211e+00
   1.4081861e+03   3.2000000e+01   5.0000000e+01   5.5400000e+02   5.9000000e+01   2.9500000e+01   3.0750000e+01   1.3909091e+01   2.0000000e+00   8.0000000e+00   2.2000000e+01   8.8333333e+00
   1.5942545e+03   2.9000000e+01   5.3000000e+01   5.4200000e+02   5.9000000e+01   2.9500000e+01   4.0600000e+01   1.5727273e+01   2.0000000e+00   5.0000000e+00   2.2000000e+01   8.3974359e+00
   1.0890539e+03   3.0000000e+01   4.2000000e+01   5.4000000e+02   5.5000000e+01   2.7500000e+01   3.4833333e+01   1.4636364e+01   2.0000000e+00   6.0000000e+00   2.2000000e+01   8.9420290e+00
   1.5726046e+03   3.5000000e+01   5.0000000e+01   5.7600000e+02   5.9000000e+01   2.9500000e+01   3.3285714e+01   1.3076923e+01   2.0000000e+00   7.0000000e+00   2.6000000e+01   8.7848101e+00
   1.3660553e+03   3.1000000e+01   5.0000000e+01   5.2800000e+02   5.8000000e+01   2.9000000e+01   3.0428571e+01   1.4272727e+01   2.0000000e+00   7.0000000e+00   2.2000000e+01   8.2631579e+00
   1.4932205e+03   3.2000000e+01   5.4000000e+01   5.8700000e+02   5.9000000e+01   2.9500000e+01   3.2500000e+01   1.5181818e+01   2.0000000e+00   8.0000000e+00   2.2000000e+01   8.9506173e+00
   1.5945607e+03   3.1000000e+01   5.8000000e+01   5.9900000e+02   5.9000000e+01   2.9500000e+01   3.3714286e+01   1.6681818e+01   2.0000000e+00   7.0000000e+00   2.2000000e+01   8.5679012e+00
   1.1793988e+03   3.1000000e+01   4.8000000e+01   5.6700000e+02   5.8000000e+01   2.9000000e+01   3.6428571e+01   1.4363636e+01   2.0000000e+00   7.0000000e+00   2.2000000e+01   9.1486486e+00
   1.6779390e+03   3.5000000e+01   6.2000000e+01   6.3100000e+02   5.9000000e+01   2.9500000e+01   3.8428571e+01   1.4500000e+01   2.0000000e+00   7.0000000e+00   2.6000000e+01   8.5888889e+00
   1.3527230e+03   3.3000000e+01   5.3000000e+01   5.7700000e+02   5.5000000e+01   2.7500000e+01   3.2875000e+01   1.4260870e+01   2.0000000e+00   8.0000000e+00   2.3000000e+01   8.6341463e+00
   1.3735164e+03   3.4000000e+01   5.1000000e+01   5.3300000e+02   5.5000000e+01   2.7500000e+01   3.1250000e+01   1.1916667e+01   2.0000000e+00   8.0000000e+00   2.4000000e+01   8.3205128e+00
   1.6419032e+03   3.7000000e+01   6.0000000e+01   6.0100000e+02   5.8000000e+01   2.9000000e+01   3.4750000e+01   1.2777778e+01   2.0000000e+00   8.0000000e+00   2.7000000e+01   8.8681319e+00
   1.3944810e+03   3.1000000e+01   4.9000000e+01   5.5400000e+02   5.7000000e+01   2.8500000e+01   3.2142857e+01   1.5000000e+01   2.0000000e+00   7.0000000e+00   2.2000000e+01   9.0684932e+00
   1.5375182e+03   3.4000000e+01   5.8000000e+01   5.9800000e+02   5.7000000e+01   2.8500000e+01   3.1500000e+01   1.4916667e+01   2.0000000e+00   8.0000000e+00   2.4000000e+01   8.3636364e+00
   1.1906223e+03   2.9000000e+01   4.7000000e+01   5.7300000e+02   6.1000000e+01   3.0500000e+01   3.8000000e+01   1.6000000e+01   2.0000000e+00   6.0000000e+00   2.1000000e+01   9.1571429e+00
   1.4470145e+03   3.2000000e+01   5.3000000e+01   5.4800000e+02   5.6000000e+01   2.8000000e+01   3.2833333e+01   1.5083333e+01   2.0000000e+00   6.0000000e+00   2.4000000e+01   8.4634146e+00
   1.5419415e+03   3.3000000e+01   5.5000000e+01   5.5700000e+02   5.7000000e+01   2.8500000e+01   3.7166667e+01   1.3920000e+01   2.0000000e+00   6.0000000e+00   2.5000000e+01   8.2592593e+00
   1.2944901e+03   2.9000000e+01   5.1000000e+01   5.5800000e+02   5.9000000e+01   2.9500000e+01   3.6333333e+01   1.6238095e+01   2.0000000e+00   6.0000000e+00   2.1000000e+01   8.6153846e+00
   1.3380827e+03   3.6000000e+01   4.9000000e+01   5.8900000e+02   5.7000000e+01   2.8500000e+01   3.3500000e+01   1.2538462e+01   2.0000000e+00   8.0000000e+00   2.6000000e+01   9.0987654e+00
   1.3819646e+03   3.0000000e+01   4.4000000e+01   4.9700000e+02   5.5000000e+01   2.7500000e+01   2.9857143e+01   1.3380952e+01   2.0000000e+00   7.0000000e+00   2.1000000e+01   8.1971831e+00
   1.3880365e+03   3.2000000e+01   5.1000000e+01   5.8400000e+02   6.1000000e+01   3.0500000e+01   3.2000000e+01   1.5869565e+01   2.0000000e+00   7.0000000e+00   2.3000000e+01   8.7307692e+00
   1.7000116e+03   3.3000000e+01   5.8000000e+01   6.1700000e+02   6.0000000e+01   3.0000000e+01   3.6428571e+01   1.5458333e+01   2.0000000e+00   7.0000000e+00   2.4000000e+01   8.4482759e+00
   1.6668640e+03   3.0000000e+01   5.8000000e+01   5.9000000e+02   6.1000000e+01   3.0500000e+01   3.6500000e+01   1.7227273e+01   2.0000000e+00   6.0000000e+00   2.2000000e+01   8.6395349e+00
   1.5540681e+03   3.2000000e+01   5.1000000e+01   5.2400000e+02   5.9000000e+01   2.9500000e+01   3.4666667e+01   1.3291667e+01   2.0000000e+00   6.0000000e+00   2.4000000e+01   8.2151899e+00
   1.4821361e+03   3.2000000e+01   5.5000000e+01   5.7500000e+02   5.7000000e+01   2.8500000e+01   3.8000000e+01   1.4583333e+01   2.0000000e+00   6.0000000e+00   2.4000000e+01   8.5975610e+00
   1.2462455e+03   3.0000000e+01   4.8000000e+01   4.8800000e+02   5.7000000e+01   2.8500000e+01   3.5000000e+01   1.2909091e+01   2.0000000e+00   6.0000000e+00   2.2000000e+01   8.3648649e+00
   1.4154639e+03   3.0000000e+01   4.9000000e+01   5.3000000e+02   5.6000000e+01   2.8000000e+01   3.4666667e+01   1.4681818e+01   2.0000000e+00   6.0000000e+00   2.2000000e+01   8.5000000e+00
   1.3672686e+03   3.2000000e+01   5.4000000e+01   5.7600000e+02   5.8000000e+01   2.9000000e+01   3.2714286e+01   1.5565217e+01   2.0000000e+00   7.0000000e+00   2.3000000e+01   8.6790123e+00
   1.4121285e+03   3.2000000e+01   5.2000000e+01   5.6000000e+02   5.9000000e+01   2.9500000e+01   3.5428571e+01   1.3739130e+01   2.0000000e+00   7.0000000e+00   2.3000000e+01   8.6025641e+00
   1.7700763e+03   3.6000000e+01   5.9000000e+01   6.4200000e+02   5.8000000e+01   2.9000000e+01   3.5285714e+01   1.5259259e+01   2.0000000e+00   7.0000000e+00   2.7000000e+01   8.8666667e+00
   1.4020188e+03   3.5000000e+01   4.8000000e+01   5.4700000e+02   5.7000000e+01   2.8500000e+01   2.8625000e+01   1.2800000e+01   2.0000000e+00   8.0000000e+00   2.5000000e+01   8.9200000e+00
   1.3885414e+03   3.2000000e+01   5.7000000e+01   6.0500000e+02   5.8000000e+01   2.9000000e+01   3.6285714e+01   1.5608696e+01   2.0000000e+00   7.0000000e+00   2.3000000e+01   8.7108434e+00
   1.4698075e+03   3.4000000e+01   5.2000000e+01   6.2000000e+02   5.6000000e+01   2.8000000e+01   3.6285714e+01   1.5040000e+01   2.0000000e+00   7.0000000e+00   2.5000000e+01   8.8902439e+00
   1.3801111e+03   3.2000000e+01   4.8000000e+01   5.4300000e+02   6.1000000e+01   3.0500000e+01   3.4333333e+01   1.4208333e+01   2.0000000e+00   6.0000000e+00   2.4000000e+01   9.1315789e+00
   1.4722265e+03   3.1000000e+01   5.5000000e+01   6.2400000e+02   6.2000000e+01   3.1000000e+01   3.5666667e+01   1.7956522e+01   2.0000000e+00   6.0000000e+00   2.3000000e+01   9.0731707e+00
   1.0495126e+03   2.8000000e+01   4.0000000e+01   4.8200000e+02   6.0000000e+01   3.0000000e+01   2.8500000e+01   1.3277778e+01   2.0000000e+00   8.0000000e+00   1.8000000e+01   9.5079365e+00
   1.4441773e+03   3.0000000e+01   4.8000000e+01   5.1800000e+02   6.0000000e+01   3.0000000e+01   2.6000000e+01   1.4900000e+01   2.0000000e+00   8.0000000e+00   2.0000000e+01   8.5555556e+00
   1.5754968e+03   2.8000000e+01   5.1000000e+01   4.9700000e+02   6.0000000e+01   3.0000000e+01   3.2666667e+01   1.5000000e+01   2.0000000e+00   6.0000000e+00   2.0000000e+01   8.3600000e+00
   1.4777456e+03   3.8000000e+01   5.8000000e+01   6.0100000e+02   5.6000000e+01   2.8000000e+01   3.0444444e+01   1.2518519e+01   2.0000000e+00   9.0000000e+00   2.7000000e+01   8.7752809e+00
   1.1604151e+03   2.3000000e+01   3.9000000e+01   4.1200000e+02   5.7000000e+01   2.8500000e+01   2.4500000e+01   1.7000000e+01   2.0000000e+00   6.0000000e+00   1.5000000e+01   8.4406780e+00
   1.3007964e+03   2.1000000e+01   4.5000000e+01   4.7600000e+02   6.3000000e+01   3.1500000e+01   3.3600000e+01   2.0857143e+01   2.0000000e+00   5.0000000e+00   1.4000000e+01   8.8387097e+00
   1.3088905e+03   2.9000000e+01   4.8000000e+01   5.0900000e+02   6.3000000e+01   3.1500000e+01   3.2166667e+01   1.4666667e+01   2.0000000e+00   6.0000000e+00   2.1000000e+01   8.7042254e+00
   1.5945399e+03   3.0000000e+01   5.6000000e+01   6.0300000e+02   6.4000000e+01   3.2000000e+01   3.6500000e+01   1.7272727e+01   2.0000000e+00   6.0000000e+00   2.2000000e+01   8.7777778e+00
   1.7196158e+03   3.2000000e+01   5.9000000e+01   5.7900000e+02   5.9000000e+01   2.9500000e+01   3.7000000e+01   1.5291667e+01   2.0000000e+00   6.0000000e+00   2.4000000e+01   8.1235955e+00
   1.2821002e+03   3.5000000e+01   4.7000000e+01   5.4500000e+02   5.4000000e+01   2.7000000e+01   3.0250000e+01   1.2360000e+01   2.0000000e+00   8.0000000e+00   2.5000000e+01   8.6315789e+00
   1.5242478e+03   2.7000000e+01   5.3000000e+01   5.6200000e+02   6.0000000e+01   3.0000000e+01   4.0400000e+01   1.7850000e+01   2.0000000e+00   5.0000000e+00   2.0000000e+01   8.7402597e+00
   1.3573480e+03   2.7000000e+01   4.6000000e+01   4.9300000e+02   6.1000000e+01   3.0500000e+01   2.9000000e+01   1.5277778e+01   2.0000000e+00   7.0000000e+00   1.8000000e+01   8.3521127e+00
   1.3816843e+03   3.2000000e+01   4.9000000e+01   4.8200000e+02   5.8000000e+01   2.9000000e+01   2.6750000e+01   1.1954545e+01   2.0000000e+00   8.0000000e+00   2.2000000e+01   7.9459459e+00
   1.1426907e+03   3.2000000e+01   4.4000000e+01   4.8500000e+02   5.6000000e+01   2.8000000e+01   2.8000000e+01   1.2173913e+01   2.0000000e+00   7.0000000e+00   2.3000000e+01   8.5972222e+00
   1.1878422e+03   2.7000000e+01   4.0000000e+01   4.2600000e+02   6.1000000e+01   3.0500000e+01   2.8714286e+01   1.1555556e+01   2.0000000e+00   7.0000000e+00   1.8000000e+01   7.9523810e+00
   1.1896656e+03   3.4000000e+01   4.7000000e+01   5.2700000e+02   5.7000000e+01   2.8500000e+01   3.0750000e+01   1.1625000e+01   2.0000000e+00   8.0000000e+00   2.4000000e+01   8.7200000e+00
   1.2884969e+03   3.6000000e+01   5.3000000e+01   6.0800000e+02   5.7000000e+01   2.8500000e+01   3.4428571e+01   1.3555556e+01   2.0000000e+00   7.0000000e+00   2.7000000e+01   9.1071429e+00
   8.5109146e+02   3.1000000e+01   4.1000000e+01   5.1900000e+02   5.5000000e+01   2.7500000e+01   2.9750000e+01   1.2857143e+01   2.0000000e+00   8.0000000e+00   2.1000000e+01   9.4477612e+00
   1.6886383e+03   4.0000000e+01   6.0000000e+01   6.5500000e+02   5.7000000e+01   2.8500000e+01   3.0666667e+01   1.3517241e+01   2.0000000e+00   9.0000000e+00   2.9000000e+01   8.5894737e+00
   1.1926078e+03   3.2000000e+01   4.5000000e+01   5.0600000e+02   5.6000000e+01   2.8000000e+01   3.0428571e+01   1.2304348e+01   2.0000000e+00   7.0000000e+00   2.3000000e+01   8.6575342e+00
   1.7036351e+03   3.7000000e+01   5.8000000e+01   5.7400000e+02   5.9000000e+01   2.9500000e+01   3.4000000e+01   1.2642857e+01   2.0000000e+00   7.0000000e+00   2.8000000e+01   7.9662921e+00
   1.6356611e+03   3.0000000e+01   4.9000000e+01   5.1100000e+02   5.6000000e+01   2.8000000e+01   3.8200000e+01   1.4391304e+01   2.0000000e+00   5.0000000e+00   2.3000000e+01   8.5540541e+00
   1.1874747e+03   3.2000000e+01   4.1000000e+01   4.8500000e+02   5.9000000e+01   2.9500000e+01   2.6125000e+01   1.1909091e+01   2.0000000e+00   8.0000000e+00   2.2000000e+01   8.5857143e+00
   1.3857955e+03   2.8000000e+01   4.7000000e+01   4.9800000e+02   5.4000000e+01   2.7000000e+01   3.8600000e+01   1.4571429e+01   2.0000000e+00   5.0000000e+00   2.1000000e+01   8.1830986e+00
   1.2395252e+03   2.9000000e+01   4.7000000e+01   5.0400000e+02   5.8000000e+01   2.9000000e+01   3.0857143e+01   1.4400000e+01   2.0000000e+00   7.0000000e+00   2.0000000e+01   8.8055556e+00
   1.4562550e+03   3.6000000e+01   5.4000000e+01   5.5800000e+02   5.6000000e+01   2.8000000e+01   3.3428571e+01   1.2518519e+01   2.0000000e+00   7.0000000e+00   2.7000000e+01   8.3214286e+00
   1.5497984e+03   3.4000000e+01   5.3000000e+01   6.0700000e+02   5.8000000e+01   2.9000000e+01   3.5714286e+01   1.4480000e+01   2.0000000e+00   7.0000000e+00   2.5000000e+01   8.6951220e+00
   1.5652510e+03   3.3000000e+01   5.3000000e+01   5.6200000e+02   5.9000000e+01   2.9500000e+01   3.1571429e+01   1.4375000e+01   2.0000000e+00   7.0000000e+00   2.4000000e+01   8.2142857e+00
   1.4480062e+03   3.4000000e+01   5.1000000e+01   5.3700000e+02   5.6000000e+01   2.8000000e+01   3.1875000e+01   1.1916667e+01   2.0000000e+00   8.0000000e+00   2.4000000e+01   8.6329114e+00
   1.2638354e+03   3.9000000e+01   5.4000000e+01   6.1800000e+02   5.4000000e+01   2.7000000e+01   3.1555556e+01   1.2392857e+01   2.0000000e+00   9.0000000e+00   2.8000000e+01   9.4494382e+00
   1.5858763e+03   3.9000000e+01   5.6000000e+01   6.1300000e+02   5.7000000e+01   2.8500000e+01   3.3250000e+01   1.2551724e+01   2.0000000e+00   8.0000000e+00   2.9000000e+01   8.4408602e+00
   1.2619115e+03   3.0000000e+01   4.6000000e+01   5.5400000e+02   6.1000000e+01   3.0500000e+01   3.6000000e+01   1.5272727e+01   2.0000000e+00   6.0000000e+00   2.2000000e+01   8.9436620e+00
   1.6355670e+03   3.7000000e+01   5.8000000e+01   6.3900000e+02   6.1000000e+01   3.0500000e+01   3.4375000e+01   1.3629630e+01   2.0000000e+00   8.0000000e+00   2.7000000e+01   8.4945055e+00
   1.2862886e+03   3.2000000e+01   4.7000000e+01   5.1900000e+02   5.4000000e+01   2.7000000e+01   3.1285714e+01   1.2956522e+01   2.0000000e+00   7.0000000e+00   2.3000000e+01   8.5890411e+00
   1.4976281e+03   3.0000000e+01   5.3000000e+01   5.6500000e+02   6.2000000e+01   3.1000000e+01   3.2857143e+01   1.5904762e+01   2.0000000e+00   7.0000000e+00   2.1000000e+01   8.6750000e+00
   1.2005899e+03   3.0000000e+01   5.0000000e+01   5.4000000e+02   5.7000000e+01   2.8500000e+01   3.3833333e+01   1.5181818e+01   2.0000000e+00   6.0000000e+00   2.2000000e+01   8.9200000e+00
   1.6051579e+03   2.4000000e+01   5.2000000e+01   5.2000000e+02   4.2000000e+01   2.1000000e+01   4.0000000e+01   2.0666667e+01   2.0000000e+00   4.0000000e+00   1.8000000e+01   8.0694444e+00
   1.3642875e+03   3.2000000e+01   5.3000000e+01   6.0100000e+02   6.1000000e+01   3.0500000e+01   3.4714286e+01   1.5652174e+01   2.0000000e+00   7.0000000e+00   2.3000000e+01   8.9620253e+00
   1.1907635e+03   2.9000000e+01   5.0000000e+01   5.5900000e+02   5.8000000e+01   2.9000000e+01   3.9333333e+01   1.5333333e+01   2.0000000e+00   6.0000000e+00   2.1000000e+01   9.1095890e+00
   1.6813467e+03   3.1000000e+01   5.9000000e+01   6.3600000e+02   6.3000000e+01   3.1500000e+01   3.9000000e+01   1.7391304e+01   2.0000000e+00   6.0000000e+00   2.3000000e+01   8.5764706e+00
   1.2711818e+03   2.9000000e+01   4.7000000e+01   5.6100000e+02   6.0000000e+01   3.0000000e+01   3.3571429e+01   1.6500000e+01   2.0000000e+00   7.0000000e+00   2.0000000e+01   9.7777778e+00
   1.6011136e+03   3.4000000e+01   5.2000000e+01   5.8900000e+02   5.9000000e+01   2.9500000e+01   3.3000000e+01   1.4320000e+01   2.0000000e+00   7.0000000e+00   2.5000000e+01   8.6049383e+00
   1.5306016e+03   3.0000000e+01   5.4000000e+01   5.5700000e+02   6.0000000e+01   3.0000000e+01   3.6000000e+01   1.5409091e+01   2.0000000e+00   6.0000000e+00   2.2000000e+01   8.8481013e+00
   1.3411836e+03   3.0000000e+01   4.9000000e+01   5.1600000e+02   5.9000000e+01   2.9500000e+01   3.3000000e+01   1.5000000e+01   2.0000000e+00   6.0000000e+00   2.2000000e+01   8.8266667e+00
   1.7013629e+03   4.0000000e+01   6.3000000e+01   6.1600000e+02   5.3000000e+01   2.6500000e+01   3.1750000e+01   1.2900000e+01   2.0000000e+00   8.0000000e+00   3.0000000e+01   8.1752577e+00
   1.5335341e+03   3.3000000e+01   5.5000000e+01   5.9900000e+02   5.9000000e+01   2.9500000e+01   2.7750000e+01   1.6913043e+01   2.0000000e+00   8.0000000e+00   2.3000000e+01   8.7764706e+00
   1.3129520e+03   3.0000000e+01   4.9000000e+01   5.6800000e+02   6.3000000e+01   3.1500000e+01   3.6833333e+01   1.5772727e+01   2.0000000e+00   6.0000000e+00   2.2000000e+01   8.8026316e+00
   1.6526848e+03   3.3000000e+01   5.3000000e+01   5.9200000e+02   5.5000000e+01   2.7500000e+01   3.2750000e+01   1.4739130e+01   2.0000000e+00   8.0000000e+00   2.3000000e+01   8.5432099e+00
   1.3532283e+03   3.0000000e+01   5.4000000e+01   5.4800000e+02   6.2000000e+01   3.1000000e+01   3.3833333e+01   1.5454545e+01   2.0000000e+00   6.0000000e+00   2.2000000e+01   8.3376623e+00
   1.4438226e+03   3.3000000e+01   5.1000000e+01   5.3800000e+02   6.1000000e+01   3.0500000e+01   3.3571429e+01   1.2458333e+01   2.0000000e+00   7.0000000e+00   2.4000000e+01   8.5256410e+00
