   1.5519795e+03   4.0000000e+01   6.2000000e+01   4.7800000e+02   5.1000000e+01   2.5500000e+01   2.6222222e+01   9.5172414e+00   2.0000000e+00   9.0000000e+00   2.9000000e+01   6.0425532e+00
   1.4080324e+03   3.6000000e+01   6.3000000e+01   4.6600000e+02   5.3000000e+01   2.6500000e+01   2.7857143e+01   1.0777778e+01   2.0000000e+00   7.0000000e+00   2.7000000e+01   6.0449438e+00
   1.2640875e+03   4.2000000e+01   5.5000000e+01   4.4500000e+02   4.9000000e+01   2.4500000e+01   2.5250000e+01   7.8125000e+00   2.0000000e+00   8.0000000e+00   3.2000000e+01   5.8695652e+00
   8.5369370e+02   2.8000000e+01   4.0000000e+01   3.2600000e+02   4.3000000e+01   2.1500000e+01   2.3666667e+01   9.7500000e+00   2.0000000e+00   6.0000000e+00   2.0000000e+01   6.3125000e+00
   1.1688038e+03   3.6000000e+01   5.1000000e+01   4.2400000e+02   5.2000000e+01   2.6000000e+01   2.4888889e+01   8.3600000e+00   2.0000000e+00   9.0000000e+00   2.5000000e+01   6.3950617e+00
   1.3920046e+03   4.4000000e+01   6.1000000e+01   4.8500000e+02   5.4000000e+01   2.7000000e+01   2.8666667e+01   7.7272727e+00   2.0000000e+00   9.0000000e+00   3.3000000e+01   5.9800000e+00
   1.3874864e+03   4.0000000e+01   5.4000000e+01   4.3100000e+02   5.0000000e+01   2.5000000e+01   2.6875000e+01   7.6666667e+00   2.0000000e+00   8.0000000e+00   3.0000000e+01   5.7252747e+00
   1.2418877e+03   3.8000000e+01   5.6000000e+01   4.2700000e+02   4.9000000e+01   2.4500000e+01   2.2625000e+01   9.1428571e+00   2.0000000e+00   8.0000000e+00   2.8000000e+01   5.8372093e+00
   1.1762970e+03   3.6000000e+01   5.5000000e+01   4.4100000e+02   5.4000000e+01   2.7000000e+01   3.1142857e+01   8.7037037e+00   2.0000000e+00   7.0000000e+00   2.7000000e+01   6.0813953e+00
   1.5466408e+03   4.1000000e+01   6.2000000e+01   5.0100000e+02   5.2000000e+01   2.6000000e+01   2.4666667e+01   9.7000000e+00   2.0000000e+00   9.0000000e+00   3.0000000e+01   6.0416667e+00
   1.2052051e+03   3.5000000e+01   4.7000000e+01   3.9900000e+02   5.0000000e+01   2.5000000e+01   1.8400000e+01   9.5217391e+00   2.0000000e+00   1.0000000e+01   2.3000000e+01   6.0129870e+00
   1.4075963e+03   4.4000000e+01   6.6000000e+01   5.2100000e+02   5.2000000e+01   2.6000000e+01   2.8222222e+01   8.6969697e+00   2.0000000e+00   9.0000000e+00   3.3000000e+01   6.2788462e+00
   1.4764363e+03   4.2000000e+01   6.5000000e+01   4.7700000e+02   5.1000000e+01   2.5500000e+01   2.9375000e+01   8.6562500e+00   2.0000000e+00   8.0000000e+00   3.2000000e+01   5.7623762e+00
   1.5070333e+03   3.9000000e+01   6.8000000e+01   5.3700000e+02   5.3000000e+01   2.6500000e+01   3.0875000e+01   1.0827586e+01   2.0000000e+00   8.0000000e+00   2.9000000e+01   6.1057692e+00
   1.5544976e+03   4.7000000e+01   6.6000000e+01   5.0300000e+02   4.7000000e+01   2.3500000e+01   3.0000000e+01   7.8378378e+00   2.0000000e+00   8.0000000e+00   3.7000000e+01   5.8349515e+00
   1.3579044e+03   3.7000000e+01   6.7000000e+01   5.2700000e+02   5.3000000e+01   2.6500000e+01   3.2000000e+01   1.1607143e+01   2.0000000e+00   7.0000000e+00   2.8000000e+01   6.3673469e+00
   1.3069873e+03   3.9000000e+01   5.7000000e+01   4.6200000e+02   5.0000000e+01   2.5000000e+01   2.4875000e+01   9.5517241e+00   2.0000000e+00   8.0000000e+00   2.9000000e+01   6.0879121e+00
   1.3500009e+03   3.8000000e+01   6.4000000e+01   5.0000000e+02   5.2000000e+01   2.6000000e+01   2.8000000e+01   1.0892857e+01   2.0000000e+00   8.0000000e+00   2.8000000e+01   6.3229167e+00
   1.5329128e+03   3.6000000e+01   6.5000000e+01   4.6200000e+02   5.1000000e+01   2.5500000e+01   2.9142857e+01   1.0148148e+01   2.0000000e+00   7.0000000e+00   2.7000000e+01   5.9213483e+00
   1.6306199e+03   4.3000000e+01   7.3000000e+01   5.2800000e+02   5.5000000e+01   2.7500000e+01   2.8625000e+01   9.9393939e+00   2.0000000e+00   8.0000000e+00   3.3000000e+01   6.1376147e+00
   1.3684331e+03   4.4000000e+01   6.1000000e+01   4.3700000e+02   4.8000000e+01   2.4000000e+01   2.4111111e+01   7.1818182e+00   2.0000000e+00   9.0000000e+00   3.3000000e+01   5.6597938e+00
   1.2549276e+03   3.2000000e+01   5.7000000e+01   4.3200000e+02   5.0000000e+01   2.5000000e+01   2.7142857e+01   1.1043478e+01   2.0000000e+00   7.0000000e+00   2.3000000e+01   6.1463415e+00
   1.0757565e+03   1.3000000e+01   4.4000000e+01   3.1200000e+02   5.1000000e+01   5.5000000e+00   5.1000000e+01   2.9300000e+01   2.0000000e+00   1.0000000e+00   1.0000000e+01   6.1296296e+00
   1.3015737e+03   3.4000000e+01   6.0000000e+01   4.0300000e+02   4.7000000e+01   2.3500000e+01   2.8000000e+01   9.1200000e+00   2.0000000e+00   7.0000000e+00   2.5000000e+01   5.7471264e+00
   1.1819560e+03   3.8000000e+01   5.0000000e+01   4.0900000e+02   5.0000000e+01   2.5000000e+01   2.4500000e+01   8.0714286e+00   2.0000000e+00   8.0000000e+00   2.8000000e+01   5.8554217e+00
   9.8749544e+02   3.4000000e+01   4.9000000e+01   3.9800000e+02   5.3000000e+01   2.6500000e+01   2.4875000e+01   8.2916667e+00   2.0000000e+00   8.0000000e+00   2.4000000e+01   6.4871795e+00
   9.9436995e+02   3.6000000e+01   5.1000000e+01   4.4500000e+02   5.0000000e+01   2.5000000e+01   2.5500000e+01   9.5000000e+00   2.0000000e+00   8.0000000e+00   2.6000000e+01   6.5061728e+00
   1.3263158e+03   3.9000000e+01   6.0000000e+01   4.5200000e+02   5.2000000e+01   2.6000000e+01   2.6125000e+01   9.2068966e+00   2.0000000e+00   8.0000000e+00   2.9000000e+01   5.9444444e+00
   1.2435401e+03   3.8000000e+01   5.0000000e+01   4.3800000e+02   5.3000000e+01   2.6500000e+01   2.4500000e+01   8.9642857e+00   2.0000000e+00   8.0000000e+00   2.8000000e+01   6.2261905e+00
   1.5502762e+03   3.7000000e+01   7.0000000e+01   4.5700000e+02   4.9000000e+01   2.4500000e+01   2.6857143e+01   1.0678571e+01   2.0000000e+00   7.0000000e+00   2.8000000e+01   5.5918367e+00
   1.6502750e+03   4.4000000e+01   6.6000000e+01   4.8600000e+02   5.1000000e+01   2.5500000e+01   2.6375000e+01   8.5882353e+00   2.0000000e+00   8.0000000e+00   3.4000000e+01   5.6666667e+00
   1.3183932e+03   3.8000000e+01   5.4000000e+01   4.4800000e+02   5.5000000e+01   2.7500000e+01   3.0000000e+01   8.4827586e+00   2.0000000e+00   7.0000000e+00   2.9000000e+01   6.2413793e+00
   1.5778991e+03   4.3000000e+01   7.5000000e+01   5.6400000e+02   5.1000000e+01   2.5500000e+01   3.1875000e+01   1.0636364e+01   2.0000000e+00   8.0000000e+00   3.3000000e+01   6.0089286e+00
   8.5794594e+02   1.9000000e+01   3.6000000e+01   2.7400000e+02   4.1000000e+01   8.5000000e+00   3.2000000e+01   1.4000000e+01   2.0000000e+00   3.0000000e+00   1.4000000e+01   5.9615385e+00
   1.4427505e+03   3.7000000e+01   6.7000000e+01   4.9200000e+02   5.0000000e+01   2.5000000e+01   3.2166667e+01   1.1000000e+01   2.0000000e+00   6.0000000e+00   2.9000000e+01   5.9687500e+00
   1.0444167e+03   2.9000000e+01   4.9000000e+01   3.8000000e+02   5.3000000e+01   2.6500000e+01   2.1714286e+01   1.1350000e+01   2.0000000e+00   7.0000000e+00   2.0000000e+01   6.4225352e+00
   1.3761347e+03   3.4000000e+01   6.4000000e+01   4.9700000e+02   5.5000000e+01   2.7500000e+01   2.8750000e+01   1.2291667e+01   2.0000000e+00   8.0000000e+00   2.4000000e+01   6.4175824e+00
   1.1978671e+03   3.1000000e+01   5.3000000e+01   4.4800000e+02   5.2000000e+01   2.6000000e+01   3.0666667e+01   1.1695652e+01   2.0000000e+00   6.0000000e+00   2.3000000e+01   6.3536585e+00
   1.2930847e+03   4.3000000e+01   5.9000000e+01   4.7100000e+02   4.8000000e+01   2.4000000e+01   2.5888889e+01   8.2812500e+00   2.0000000e+00   9.0000000e+00   3.2000000e+01   6.1318681e+00
   1.3206748e+03   3.2000000e+01   5.8000000e+01   4.1200000e+02   5.2000000e+01   2.6000000e+01   3.1833333e+01   9.7083333e+00   2.0000000e+00   6.0000000e+00   2.4000000e+01   5.7073171e+00
   1.1546856e+03   4.3000000e+01   5.6000000e+01   4.4500000e+02   4.9000000e+01   2.4500000e+01   2.2300000e+01   7.7096774e+00   2.0000000e+00   1.0000000e+01   3.1000000e+01   5.9560440e+00
   1.6774390e+03   3.8000000e+01   6.7000000e+01   4.7800000e+02   5.2000000e+01   2.6000000e+01   2.8428571e+01   1.0448276e+01   2.0000000e+00   7.0000000e+00   2.9000000e+01   5.8775510e+00
   1.2897578e+03   3.5000000e+01   5.4000000e+01   4.5600000e+02   5.4000000e+01   2.7000000e+01   2.6125000e+01   9.9600000e+00   2.0000000e+00   8.0000000e+00   2.5000000e+01   6.3764706e+00
   1.0622684e+03   2.9000000e+01   5.6000000e+01   4.0600000e+02   5.1000000e+01   2.5500000e+01   2.8833333e+01   1.1476190e+01   2.0000000e+00   6.0000000e+00   2.1000000e+01   6.1538462e+00
   1.4441094e+03   3.8000000e+01   6.6000000e+01   4.9500000e+02   5.1000000e+01   2.5500000e+01   3.1142857e+01   1.0758621e+01   2.0000000e+00   7.0000000e+00   2.9000000e+01   6.1500000e+00
   1.7412785e+03   4.5000000e+01   7.6000000e+01   5.4500000e+02   5.5000000e+01   2.7500000e+01   2.5333333e+01   1.0147059e+01   2.0000000e+00   9.0000000e+00   3.4000000e+01   5.9292035e+00
   1.4893612e+03   3.6000000e+01   7.1000000e+01   5.2700000e+02   5.5000000e+01   2.7500000e+01   3.3142857e+01   1.1925926e+01   2.0000000e+00   7.0000000e+00   2.7000000e+01   6.2254902e+00
   9.8508383e+02   3.0000000e+01   5.4000000e+01   4.1400000e+02   5.4000000e+01   2.7000000e+01   2.6142857e+01   1.1380952e+01   2.0000000e+00   7.0000000e+00   2.1000000e+01   6.3625000e+00
   1.1669645e+03   4.0000000e+01   5.2000000e+01   4.1600000e+02   4.8000000e+01   2.4000000e+01   2.2300000e+01   7.2142857e+00   2.0000000e+00   1.0000000e+01   2.8000000e+01   6.0352941e+00
   1.4412432e+03   4.4000000e+01   5.9000000e+01   4.7700000e+02   5.1000000e+01   2.5500000e+01   2.5222222e+01   8.1212121e+00   2.0000000e+00   9.0000000e+00   3.3000000e+01   6.0103093e+00
   1.0533098e+03   4.0000000e+01   5.2000000e+01   4.3600000e+02   4.9000000e+01   2.4500000e+01   2.3777778e+01   7.9655172e+00   2.0000000e+00   9.0000000e+00   2.9000000e+01   6.1976744e+00
   1.1535318e+03   3.2000000e+01   5.0000000e+01   4.0700000e+02   5.2000000e+01   2.6000000e+01   2.2875000e+01   1.0227273e+01   2.0000000e+00   8.0000000e+00   2.2000000e+01   6.0519481e+00
   1.1490587e+03   3.2000000e+01   5.1000000e+01   4.0400000e+02   5.3000000e+01   2.6500000e+01   2.4857143e+01   1.0130435e+01   2.0000000e+00   7.0000000e+00   2.3000000e+01   6.3815789e+00
   1.2784009e+03   3.7000000e+01   6.2000000e+01   4.7800000e+02   4.9000000e+01   2.4500000e+01   2.3666667e+01   1.1269231e+01   2.0000000e+00   9.0000000e+00   2.6000000e+01   6.0430108e+00
   1.6378855e+03   4.2000000e+01   6.9000000e+01   4.8700000e+02   4.7000000e+01   2.3500000e+01   2.7750000e+01   9.2500000e+00   2.0000000e+00   8.0000000e+00   3.2000000e+01   5.8823529e+00
   1.4853870e+03   3.7000000e+01   6.5000000e+01   5.0800000e+02   5.3000000e+01   2.6500000e+01   3.1285714e+01   1.1035714e+01   2.0000000e+00   7.0000000e+00   2.8000000e+01   6.2526316e+00
   1.5380766e+03   3.7000000e+01   6.4000000e+01   5.2500000e+02   5.3000000e+01   2.6500000e+01   2.9125000e+01   1.1703704e+01   2.0000000e+00   8.0000000e+00   2.7000000e+01   6.3131313e+00
   1.2918329e+03   3.0000000e+01   5.3000000e+01   3.4000000e+02   4.9000000e+01   2.4500000e+01   1.7125000e+01   1.0800000e+01   2.0000000e+00   8.0000000e+00   2.0000000e+01   5.3684211e+00
   1.1732609e+03   3.8000000e+01   5.8000000e+01   4.5700000e+02   5.0000000e+01   2.5000000e+01   2.9714286e+01   9.1379310e+00   2.0000000e+00   7.0000000e+00   2.9000000e+01   6.2417582e+00
   1.5748984e+03   3.9000000e+01   6.2000000e+01   4.5700000e+02   5.0000000e+01   2.5000000e+01   2.3666667e+01   9.3928571e+00   2.0000000e+00   9.0000000e+00   2.8000000e+01   5.7446809e+00
   1.3166136e+03   3.6000000e+01   6.1000000e+01   4.6900000e+02   5.1000000e+01   2.5500000e+01   2.8714286e+01   1.0444444e+01   2.0000000e+00   7.0000000e+00   2.7000000e+01   6.1931818e+00
   1.4572242e+03   5.0000000e+01   6.4000000e+01   5.0700000e+02   4.9000000e+01   2.4500000e+01   2.6100000e+01   7.1052632e+00   2.0000000e+00   1.0000000e+01   3.8000000e+01   6.1284404e+00
   1.8261891e+03   4.4000000e+01   7.2000000e+01   5.2900000e+02   5.0000000e+01   2.5000000e+01   3.0125000e+01   9.4411765e+00   2.0000000e+00   8.0000000e+00   3.4000000e+01   5.7500000e+00
   1.5879285e+03   4.2000000e+01   6.2000000e+01   4.6400000e+02   5.1000000e+01   2.5500000e+01   2.7250000e+01   8.3437500e+00   2.0000000e+00   8.0000000e+00   3.2000000e+01   5.7872340e+00
   1.5353580e+03   4.3000000e+01   6.6000000e+01   4.9100000e+02   5.2000000e+01   2.6000000e+01   2.8000000e+01   8.6666667e+00   2.0000000e+00   8.0000000e+00   3.3000000e+01   5.7549020e+00
   1.5326877e+03   4.2000000e+01   6.9000000e+01   5.1400000e+02   5.3000000e+01   2.6500000e+01   2.6333333e+01   1.0032258e+01   2.0000000e+00   9.0000000e+00   3.1000000e+01   6.0380952e+00
   1.3569068e+03   3.9000000e+01   6.2000000e+01   4.6200000e+02   4.8000000e+01   2.4000000e+01   2.2500000e+01   9.6666667e+00   2.0000000e+00   1.0000000e+01   2.7000000e+01   6.1263158e+00
   1.3755418e+03   4.0000000e+01   5.8000000e+01   4.7100000e+02   5.1000000e+01   2.5500000e+01   2.6666667e+01   8.2413793e+00   2.0000000e+00   9.0000000e+00   2.9000000e+01   6.0210526e+00
   1.2235915e+03   3.3000000e+01   5.3000000e+01   3.8200000e+02   5.2000000e+01   2.6000000e+01   2.5857143e+01   9.3333333e+00   2.0000000e+00   7.0000000e+00   2.4000000e+01   5.8750000e+00
   1.3869863e+03   4.1000000e+01   5.8000000e+01   4.7200000e+02   4.9000000e+01   2.4500000e+01   2.6888889e+01   8.3333333e+00   2.0000000e+00   9.0000000e+00   3.0000000e+01   6.0842105e+00
   9.0480327e+02   3.5000000e+01   4.5000000e+01   3.4300000e+02   4.9000000e+01   2.4500000e+01   2.0888889e+01   6.4166667e+00   2.0000000e+00   9.0000000e+00   2.4000000e+01   5.8918919e+00
   1.3755504e+03   4.2000000e+01   6.1000000e+01   4.5800000e+02   5.0000000e+01   2.5000000e+01   2.6000000e+01   7.9354839e+00   2.0000000e+00   9.0000000e+00   3.1000000e+01   6.1521739e+00
   1.5229557e+03   3.8000000e+01   6.6000000e+01   4.7400000e+02   5.5000000e+01   2.7500000e+01   2.7500000e+01   9.8928571e+00   2.0000000e+00   8.0000000e+00   2.8000000e+01   5.9677419e+00
   1.5257511e+03   3.8000000e+01   6.2000000e+01   4.5700000e+02   5.2000000e+01   2.6000000e+01   2.5375000e+01   9.6785714e+00   2.0000000e+00   8.0000000e+00   2.8000000e+01   5.6881720e+00
   1.7195678e+03   4.0000000e+01   7.0000000e+01   4.9900000e+02   5.2000000e+01   2.6000000e+01   2.7375000e+01   1.0466667e+01   2.0000000e+00   8.0000000e+00   3.0000000e+01   5.9238095e+00
   1.3278847e+03   3.8000000e+01   5.7000000e+01   4.3900000e+02   4.9000000e+01   2.4500000e+01   2.4375000e+01   9.2142857e+00   2.0000000e+00   8.0000000e+00   2.8000000e+01   5.9090909e+00
   1.0351771e+03   3.2000000e+01   5.1000000e+01   3.9300000e+02   4.9000000e+01   2.4500000e+01   2.2857143e+01   1.0391304e+01   2.0000000e+00   7.0000000e+00   2.3000000e+01   6.0400000e+00
   1.4047780e+03   4.3000000e+01   6.3000000e+01   5.0200000e+02   4.9000000e+01   2.4500000e+01   2.7555556e+01   8.7187500e+00   2.0000000e+00   9.0000000e+00   3.2000000e+01   5.9696970e+00
   1.4021125e+03   3.8000000e+01   5.6000000e+01   4.2100000e+02   4.7000000e+01   2.3500000e+01   2.8857143e+01   8.2413793e+00   2.0000000e+00   7.0000000e+00   2.9000000e+01   5.7441860e+00
   1.1574474e+03   4.5000000e+01   5.5000000e+01   4.5100000e+02   4.7000000e+01   2.3500000e+01   2.5888889e+01   7.0882353e+00   2.0000000e+00   9.0000000e+00   3.4000000e+01   6.0631579e+00
   1.6036888e+03   4.0000000e+01   6.5000000e+01   5.0600000e+02   5.1000000e+01   2.5500000e+01   3.2000000e+01   9.9677419e+00   2.0000000e+00   7.0000000e+00   3.1000000e+01   5.9797980e+00
   1.3134520e+03   3.7000000e+01   5.7000000e+01   4.4700000e+02   5.6000000e+01   2.8000000e+01   2.4000000e+01   9.2307692e+00   2.0000000e+00   9.0000000e+00   2.6000000e+01   6.0689655e+00
   1.2581160e+03   3.7000000e+01   5.8000000e+01   4.6600000e+02   5.4000000e+01   2.7000000e+01   2.6285714e+01   1.0464286e+01   2.0000000e+00   7.0000000e+00   2.8000000e+01   6.1348315e+00
   1.1540267e+03   3.9000000e+01   6.0000000e+01   4.5800000e+02   5.0000000e+01   2.5000000e+01   2.5500000e+01   9.3793103e+00   2.0000000e+00   8.0000000e+00   2.9000000e+01   6.0898876e+00
   1.5031566e+03   4.3000000e+01   5.8000000e+01   4.2100000e+02   4.9000000e+01   2.4500000e+01   2.7250000e+01   6.7878788e+00   2.0000000e+00   8.0000000e+00   3.3000000e+01   5.4895833e+00
   1.1759350e+03   3.3000000e+01   4.9000000e+01   3.5400000e+02   4.8000000e+01   2.4000000e+01   2.3625000e+01   7.8695652e+00   2.0000000e+00   8.0000000e+00   2.3000000e+01   5.6666667e+00
   1.4104922e+03   3.3000000e+01   6.0000000e+01   4.5100000e+02   4.3000000e+01   2.1500000e+01   3.0166667e+01   1.1760000e+01   2.0000000e+00   6.0000000e+00   2.5000000e+01   5.9310345e+00
   1.4859832e+03   3.9000000e+01   7.2000000e+01   5.4500000e+02   5.3000000e+01   2.6500000e+01   3.3428571e+01   1.1166667e+01   2.0000000e+00   7.0000000e+00   3.0000000e+01   6.1650485e+00
   1.4838235e+03   3.6000000e+01   6.3000000e+01   4.6300000e+02   5.4000000e+01   2.7000000e+01   2.5625000e+01   1.0461538e+01   2.0000000e+00   8.0000000e+00   2.6000000e+01   6.0326087e+00
   1.4295882e+03   3.7000000e+01   5.8000000e+01   4.1100000e+02   5.2000000e+01   2.6000000e+01   2.4000000e+01   9.0370370e+00   2.0000000e+00   8.0000000e+00   2.7000000e+01   5.6923077e+00
   1.1047681e+03   3.5000000e+01   5.5000000e+01   4.1400000e+02   4.8000000e+01   2.4000000e+01   2.9500000e+01   9.2222222e+00   2.0000000e+00   6.0000000e+00   2.7000000e+01   5.9024390e+00
   1.2707973e+03   4.2000000e+01   5.5000000e+01   4.3700000e+02   4.9000000e+01   2.4500000e+01   2.6375000e+01   7.5937500e+00   2.0000000e+00   8.0000000e+00   3.2000000e+01   5.8131868e+00
   1.2741481e+03   3.5000000e+01   5.1000000e+01   4.1200000e+02   5.0000000e+01   2.5000000e+01   2.1000000e+01   9.7083333e+00   2.0000000e+00   9.0000000e+00   2.4000000e+01   5.9512195e+00
   1.5311257e+03   4.7000000e+01   6.9000000e+01   5.8500000e+02   5.3000000e+01   2.6500000e+01   2.8100000e+01   9.3142857e+00   2.0000000e+00   1.0000000e+01   3.5000000e+01   6.1081081e+00
   1.1941760e+03   3.6000000e+01   5.1000000e+01   3.8200000e+02   4.7000000e+01   2.3500000e+01   2.4875000e+01   7.7692308e+00   2.0000000e+00   8.0000000e+00   2.6000000e+01   6.0125000e+00
   1.4491261e+03   4.7000000e+01   6.7000000e+01   4.9600000e+02   5.0000000e+01   2.5000000e+01   2.7000000e+01   8.1388889e+00   2.0000000e+00   9.0000000e+00   3.6000000e+01   5.8317757e+00
   9.8052116e+02   3.6000000e+01   5.2000000e+01   3.9700000e+02   4.7000000e+01   2.3500000e+01   2.0888889e+01   8.7600000e+00   2.0000000e+00   9.0000000e+00   2.5000000e+01   6.2142857e+00
   1.4866596e+03   3.7000000e+01   5.7000000e+01   4.3300000e+02   5.3000000e+01   2.6500000e+01   2.4111111e+01   8.6923077e+00   2.0000000e+00   9.0000000e+00   2.6000000e+01   5.9438202e+00
   1.5217422e+03   4.1000000e+01   5.7000000e+01   4.4100000e+02   4.9000000e+01   2.4500000e+01   2.7375000e+01   7.7741935e+00   2.0000000e+00   8.0000000e+00   3.1000000e+01   5.8913043e+00
   1.1628293e+03   3.9000000e+01   5.1000000e+01   4.6100000e+02   4.9000000e+01   2.4500000e+01   2.8125000e+01   8.3793103e+00   2.0000000e+00   8.0000000e+00   2.9000000e+01   6.3372093e+00
