   7.2280943e+02   2.1000000e+01   3.5000000e+01   4.5300000e+02   6.3000000e+01   3.1500000e+01   3.3400000e+01   1.8571429e+01   2.0000000e+00   5.0000000e+00   1.4000000e+01   1.0075472e+01
   1.5109270e+02   7.0000000e+00   9.0000000e+00   1.3300000e+02   4.1000000e+01   1.0000000e+01   4.1000000e+01   2.0000000e+01   2.0000000e+00   1.0000000e+00   4.0000000e+00   9.7142857e+00
   1.4697422e+02   1.4000000e+01   1.3000000e+01   1.8800000e+02   5.0000000e+01   2.5000000e+01   1.9000000e+01   8.1428571e+00   2.0000000e+00   5.0000000e+00   7.0000000e+00   9.0833333e+00
   7.7218850e+02   2.7000000e+01   3.7000000e+01   4.5900000e+02   5.5000000e+01   2.7500000e+01   3.3000000e+01   1.2894737e+01   2.0000000e+00   6.0000000e+00   1.9000000e+01   9.6500000e+00
   1.0185998e+03   3.1000000e+01   5.0000000e+01   5.9800000e+02   6.1000000e+01   3.0500000e+01   3.6428571e+01   1.5727273e+01   2.0000000e+00   7.0000000e+00   2.2000000e+01   9.8101266e+00
   1.0580272e+03   3.2000000e+01   5.4000000e+01   6.1600000e+02   6.1000000e+01   3.0500000e+01   3.9333333e+01   1.5791667e+01   2.0000000e+00   6.0000000e+00   2.4000000e+01   9.4216867e+00
   9.8459638e+02   2.5000000e+01   4.7000000e+01   5.6800000e+02   6.7000000e+01   3.3500000e+01   4.1400000e+01   1.9111111e+01   2.0000000e+00   5.0000000e+00   1.8000000e+01   9.7611940e+00
   8.0176009e+02   2.1000000e+01   3.7000000e+01   4.7600000e+02   6.4000000e+01   3.2000000e+01   3.3200000e+01   2.0428571e+01   2.0000000e+00   5.0000000e+00   1.4000000e+01   9.8392857e+00
   8.4289841e+02   2.5000000e+01   4.2000000e+01   4.8500000e+02   6.0000000e+01   3.0000000e+01   3.3500000e+01   1.5764706e+01   2.0000000e+00   6.0000000e+00   1.7000000e+01   9.4531250e+00
   7.8833192e+02   2.5000000e+01   4.1000000e+01   4.9600000e+02   6.2000000e+01   3.1000000e+01   3.2000000e+01   1.6823529e+01   2.0000000e+00   6.0000000e+00   1.7000000e+01   9.4354839e+00
   8.6397685e+02   2.5000000e+01   4.4000000e+01   5.5200000e+02   6.2000000e+01   3.1000000e+01   3.4666667e+01   1.9588235e+01   2.0000000e+00   6.0000000e+00   1.7000000e+01   1.0059701e+01
   8.2320972e+02   3.4000000e+01   4.6000000e+01   5.6700000e+02   5.7000000e+01   2.8500000e+01   3.2750000e+01   1.2458333e+01   2.0000000e+00   8.0000000e+00   2.4000000e+01   9.5657895e+00
   9.3346318e+02   2.9000000e+01   5.0000000e+01   5.9800000e+02   6.0000000e+01   3.0000000e+01   3.8000000e+01   1.7285714e+01   2.0000000e+00   6.0000000e+00   2.1000000e+01   9.9066667e+00
   1.4696434e+02   1.1000000e+01   8.0000000e+00   1.5900000e+02   5.4000000e+01   2.7000000e+01   1.6200000e+01   7.7500000e+00   2.0000000e+00   5.0000000e+00   4.0000000e+00   1.0294118e+01
   3.6192963e+02   1.9000000e+01   2.3000000e+01   3.0800000e+02   5.6000000e+01   2.8000000e+01   2.5000000e+01   1.3166667e+01   2.0000000e+00   5.0000000e+00   1.2000000e+01   9.6923077e+00
   9.3218572e+02   2.9000000e+01   4.5000000e+01   5.3900000e+02   6.4000000e+01   3.2000000e+01   3.2000000e+01   1.5714286e+01   2.0000000e+00   6.0000000e+00   2.1000000e+01   9.7042254e+00
   1.0281300e+03   2.8000000e+01   4.9000000e+01   5.6700000e+02   5.6000000e+01   2.8000000e+01   4.0400000e+01   1.7619048e+01   2.0000000e+00   5.0000000e+00   2.1000000e+01   9.4788732e+00
   7.7538488e+02   2.3000000e+01   4.2000000e+01   5.0400000e+02   6.9000000e+01   3.4500000e+01   3.7400000e+01   1.8375000e+01   2.0000000e+00   5.0000000e+00   1.6000000e+01   1.0333333e+01
   9.0293504e+02   2.4000000e+01   4.4000000e+01   5.6800000e+02   6.6000000e+01   3.3000000e+01   4.2200000e+01   2.0058824e+01   2.0000000e+00   5.0000000e+00   1.7000000e+01   1.0215385e+01
   8.4126282e+02   2.6000000e+01   3.8000000e+01   4.9700000e+02   6.2000000e+01   3.1000000e+01   3.4333333e+01   1.5166667e+01   2.0000000e+00   6.0000000e+00   1.8000000e+01   9.5901639e+00
   1.0979590e+03   3.1000000e+01   4.6000000e+01   6.0000000e+02   6.3000000e+01   3.1500000e+01   3.8833333e+01   1.5478261e+01   2.0000000e+00   6.0000000e+00   2.3000000e+01   9.7945205e+00
   1.3796550e+02   1.2000000e+01   1.3000000e+01   1.4900000e+02   5.3000000e+01   2.6500000e+01   1.9250000e+01   5.3333333e+00   2.0000000e+00   4.0000000e+00   6.0000000e+00   9.1818182e+00
   4.6188736e+02   2.3000000e+01   2.8000000e+01   3.8400000e+02   5.4000000e+01   2.7000000e+01   2.4714286e+01   1.3285714e+01   2.0000000e+00   7.0000000e+00   1.4000000e+01   1.0652174e+01
   4.4886154e+02   2.0000000e+01   2.5000000e+01   3.3800000e+02   5.7000000e+01   2.8500000e+01   2.9800000e+01   1.2230769e+01   2.0000000e+00   5.0000000e+00   1.3000000e+01   1.0000000e+01
   8.3885860e+02   2.5000000e+01   3.9000000e+01   4.6800000e+02   6.0000000e+01   3.0000000e+01   3.4500000e+01   1.5058824e+01   2.0000000e+00   6.0000000e+00   1.7000000e+01   9.4237288e+00
   1.1480717e+03   3.0000000e+01   5.1000000e+01   6.2500000e+02   6.5000000e+01   3.2500000e+01   3.7857143e+01   1.6619048e+01   2.0000000e+00   7.0000000e+00   2.1000000e+01   9.4285714e+00
   1.1624297e+03   3.3000000e+01   5.2000000e+01   5.5100000e+02   5.8000000e+01   2.9000000e+01   3.3571429e+01   1.3291667e+01   2.0000000e+00   7.0000000e+00   2.4000000e+01   8.6625000e+00
   9.8277849e+02   2.7000000e+01   4.4000000e+01   5.7400000e+02   6.5000000e+01   3.2500000e+01   3.7500000e+01   1.7368421e+01   2.0000000e+00   6.0000000e+00   1.9000000e+01   9.8088235e+00
   2.7312196e+02   2.1000000e+01   2.2000000e+01   3.0100000e+02   5.1000000e+01   2.5500000e+01   2.5666667e+01   9.0769231e+00   2.0000000e+00   6.0000000e+00   1.3000000e+01   1.0307692e+01
   5.1400957e+02   2.3000000e+01   3.2000000e+01   4.1100000e+02   5.7000000e+01   2.8500000e+01   3.5800000e+01   1.3437500e+01   2.0000000e+00   5.0000000e+00   1.6000000e+01   1.0080000e+01
   9.5592186e+02   2.7000000e+01   4.8000000e+01   5.8100000e+02   6.3000000e+01   3.1500000e+01   4.0166667e+01   1.7263158e+01   2.0000000e+00   6.0000000e+00   1.9000000e+01   9.8591549e+00
   9.9150509e+02   2.8000000e+01   4.1000000e+01   4.6600000e+02   5.6000000e+01   2.8000000e+01   2.8428571e+01   1.3631579e+01   2.0000000e+00   7.0000000e+00   1.9000000e+01   8.7538462e+00
   9.8387494e+02   3.1000000e+01   4.7000000e+01   6.2100000e+02   6.0000000e+01   3.0000000e+01   3.7142857e+01   1.6136364e+01   2.0000000e+00   7.0000000e+00   2.2000000e+01   1.0289474e+01
   8.9163484e+02   2.8000000e+01   4.5000000e+01   4.9600000e+02   5.9000000e+01   2.9500000e+01   3.0833333e+01   1.4900000e+01   2.0000000e+00   6.0000000e+00   2.0000000e+01   8.8208955e+00
   1.1437395e+02   1.1000000e+01   8.0000000e+00   1.6000000e+02   5.7000000e+01   2.8500000e+01   1.6600000e+01   6.7500000e+00   2.0000000e+00   5.0000000e+00   4.0000000e+00   9.9411765e+00
   6.3214050e+02   2.4000000e+01   3.4000000e+01   4.1600000e+02   5.7000000e+01   2.8500000e+01   3.0333333e+01   1.3562500e+01   2.0000000e+00   6.0000000e+00   1.6000000e+01   9.2545455e+00
   1.0271530e+03   3.3000000e+01   5.4000000e+01   6.2300000e+02   6.0000000e+01   3.0000000e+01   3.6571429e+01   1.5750000e+01   2.0000000e+00   7.0000000e+00   2.4000000e+01   9.7831325e+00
   1.0779865e+03   3.0000000e+01   4.7000000e+01   5.5900000e+02   6.2000000e+01   3.1000000e+01   3.3714286e+01   1.5190476e+01   2.0000000e+00   7.0000000e+00   2.1000000e+01   9.1250000e+00
   8.0896539e+02   2.4000000e+01   4.7000000e+01   5.9100000e+02   6.6000000e+01   3.3000000e+01   4.3000000e+01   2.1176471e+01   2.0000000e+00   5.0000000e+00   1.7000000e+01   1.0352941e+01
   7.4499388e+02   2.6000000e+01   3.8000000e+01   5.4700000e+02   6.5000000e+01   3.2500000e+01   3.7833333e+01   1.6777778e+01   2.0000000e+00   6.0000000e+00   1.8000000e+01   1.0919355e+01
   7.9775138e+02   2.5000000e+01   4.0000000e+01   4.5600000e+02   5.8000000e+01   2.9000000e+01   3.8200000e+01   1.4277778e+01   2.0000000e+00   5.0000000e+00   1.8000000e+01   9.7540984e+00
   7.4181198e+02   2.9000000e+01   4.2000000e+01   5.1700000e+02   6.0000000e+01   3.0000000e+01   3.7500000e+01   1.3190476e+01   2.0000000e+00   6.0000000e+00   2.1000000e+01   1.0089552e+01
   4.7988158e+02   2.0000000e+01   3.3000000e+01   4.2400000e+02   5.9000000e+01   2.9500000e+01   3.3400000e+01   1.7923077e+01   2.0000000e+00   5.0000000e+00   1.3000000e+01   9.9791667e+00
   1.2681992e+03   3.3000000e+01   5.5000000e+01   5.4900000e+02   5.5000000e+01   2.7500000e+01   3.1125000e+01   1.3391304e+01   2.0000000e+00   8.0000000e+00   2.3000000e+01   8.6219512e+00
   6.5005560e+02   2.9000000e+01   3.9000000e+01   5.1700000e+02   5.9000000e+01   2.9500000e+01   3.0857143e+01   1.4200000e+01   2.0000000e+00   7.0000000e+00   2.0000000e+01   1.0177419e+01
   4.2559731e+02   2.2000000e+01   3.1000000e+01   3.8200000e+02   5.9000000e+01   2.9500000e+01   3.0833333e+01   1.2214286e+01   2.0000000e+00   6.0000000e+00   1.4000000e+01   1.0411765e+01
   1.1385772e+03   2.7000000e+01   4.9000000e+01   5.7200000e+02   6.2000000e+01   3.1000000e+01   3.8400000e+01   1.8600000e+01   2.0000000e+00   5.0000000e+00   2.0000000e+01   9.6438356e+00
   9.7079342e+02   2.8000000e+01   4.9000000e+01   5.9000000e+02   6.0000000e+01   3.0000000e+01   3.9833333e+01   1.7700000e+01   2.0000000e+00   6.0000000e+00   2.0000000e+01   9.8732394e+00
   8.8531763e+02   2.4000000e+01   4.7000000e+01   5.6000000e+02   6.9000000e+01   3.4500000e+01   3.7666667e+01   1.9625000e+01   2.0000000e+00   6.0000000e+00   1.6000000e+01   9.8208955e+00
   6.3194707e+02   2.7000000e+01   3.5000000e+01   4.3900000e+02   5.5000000e+01   2.7500000e+01   2.9833333e+01   1.3052632e+01   2.0000000e+00   6.0000000e+00   1.9000000e+01   9.6551724e+00
   7.4697565e+02   2.4000000e+01   4.3000000e+01   5.5100000e+02   6.3000000e+01   3.1500000e+01   4.0000000e+01   1.9941176e+01   2.0000000e+00   5.0000000e+00   1.7000000e+01   1.0281250e+01
   1.0843577e+03   3.1000000e+01   4.9000000e+01   5.5300000e+02   5.4000000e+01   2.7000000e+01   3.3714286e+01   1.4863636e+01   2.0000000e+00   7.0000000e+00   2.2000000e+01   9.2465753e+00
   1.0867022e+03   2.6000000e+01   4.8000000e+01   5.5000000e+02   6.5000000e+01   3.2500000e+01   3.4666667e+01   1.8222222e+01   2.0000000e+00   6.0000000e+00   1.8000000e+01   9.5522388e+00
   8.2962954e+02   2.4000000e+01   4.1000000e+01   4.4600000e+02   6.0000000e+01   3.0000000e+01   3.2800000e+01   1.5764706e+01   2.0000000e+00   5.0000000e+00   1.7000000e+01   9.3770492e+00
   1.0101238e+03   2.8000000e+01   4.6000000e+01   5.2800000e+02   6.4000000e+01   3.2000000e+01   3.7833333e+01   1.4300000e+01   2.0000000e+00   6.0000000e+00   2.0000000e+01   9.8550725e+00
   1.1356611e+03   3.0000000e+01   4.9000000e+01   5.6900000e+02   5.9000000e+01   2.9500000e+01   3.3428571e+01   1.5904762e+01   2.0000000e+00   7.0000000e+00   2.1000000e+01   9.3866667e+00
   1.0885908e+03   2.3000000e+01   4.8000000e+01   5.1400000e+02   6.6000000e+01   3.3000000e+01   4.2750000e+01   1.9294118e+01   2.0000000e+00   4.0000000e+00   1.7000000e+01   9.3181818e+00
   9.2277369e+02   2.5000000e+01   4.0000000e+01   4.7100000e+02   6.5000000e+01   3.2500000e+01   3.7200000e+01   1.4611111e+01   2.0000000e+00   5.0000000e+00   1.8000000e+01   9.2333333e+00
   1.3661624e+02   8.0000000e+00   7.0000000e+00   1.2400000e+02   5.5000000e+01   2.7500000e+01   1.5000000e+01   7.5000000e+00   2.0000000e+00   4.0000000e+00   2.0000000e+00   9.9230769e+00
   1.0554361e+03   3.4000000e+01   4.5000000e+01   5.5000000e+02   5.5000000e+01   2.7500000e+01   3.7500000e+01   1.2576923e+01   2.0000000e+00   6.0000000e+00   2.6000000e+01   9.5342466e+00
   2.7325203e+02   1.8000000e+01   2.0000000e+01   2.8300000e+02   4.8000000e+01   2.4000000e+01   2.7600000e+01   1.1090909e+01   2.0000000e+00   5.0000000e+00   1.1000000e+01   1.0485714e+01
   1.1912476e+03   3.1000000e+01   5.0000000e+01   5.5100000e+02   5.8000000e+01   2.9000000e+01   2.8750000e+01   1.5380952e+01   2.0000000e+00   8.0000000e+00   2.1000000e+01   8.8157895e+00
   7.5321283e+02   3.0000000e+01   4.2000000e+01   4.6900000e+02   5.8000000e+01   2.9000000e+01   3.6400000e+01   1.2260870e+01   2.0000000e+00   5.0000000e+00   2.3000000e+01   8.9545455e+00
   2.0292082e+02   1.7000000e+01   2.0000000e+01   2.5000000e+02   5.9000000e+01   2.9500000e+01   2.0000000e+01   1.0111111e+01   2.0000000e+00   6.0000000e+00   9.0000000e+00   1.0125000e+01
   2.6861647e+02   1.7000000e+01   2.7000000e+01   3.3800000e+02   6.2000000e+01   3.1000000e+01   3.3000000e+01   1.3700000e+01   2.0000000e+00   5.0000000e+00   1.0000000e+01   1.0550000e+01
   1.7659068e+02   1.1000000e+01   1.4000000e+01   1.6600000e+02   4.1000000e+01   2.0500000e+01   2.7666667e+01   9.1666667e+00   2.0000000e+00   3.0000000e+00   6.0000000e+00   9.2608696e+00
   8.1014334e+02   3.0000000e+01   4.3000000e+01   5.6200000e+02   6.4000000e+01   3.2000000e+01   3.8833333e+01   1.4136364e+01   2.0000000e+00   6.0000000e+00   2.2000000e+01   9.6764706e+00
   1.1836955e+03   3.0000000e+01   5.0000000e+01   5.8700000e+02   6.5000000e+01   3.2500000e+01   3.7000000e+01   1.6454545e+01   2.0000000e+00   6.0000000e+00   2.2000000e+01   9.3561644e+00
   8.1949785e+02   2.4000000e+01   3.9000000e+01   4.9300000e+02   6.1000000e+01   3.0500000e+01   3.3166667e+01   1.7062500e+01   2.0000000e+00   6.0000000e+00   1.6000000e+01   1.0098361e+01
   8.1900522e+02   2.4000000e+01   4.6000000e+01   5.5700000e+02   6.2000000e+01   3.1000000e+01   4.0800000e+01   1.9941176e+01   2.0000000e+00   5.0000000e+00   1.7000000e+01   9.7384615e+00
   8.8527760e+02   2.4000000e+01   4.3000000e+01   5.0400000e+02   6.4000000e+01   3.2000000e+01   3.3166667e+01   1.8312500e+01   2.0000000e+00   6.0000000e+00   1.6000000e+01   9.7187500e+00
   8.9178583e+02   2.8000000e+01   4.8000000e+01   4.9200000e+02   6.1000000e+01   3.0500000e+01   3.8200000e+01   1.4047619e+01   2.0000000e+00   5.0000000e+00   2.1000000e+01   9.1111111e+00
   8.0043653e+02   2.1000000e+01   4.1000000e+01   4.4600000e+02   6.1000000e+01   3.0500000e+01   4.1250000e+01   1.7666667e+01   2.0000000e+00   4.0000000e+00   1.5000000e+01   9.5740741e+00
   9.5926531e+02   2.9000000e+01   4.6000000e+01   5.7100000e+02   6.1000000e+01   3.0500000e+01   3.8666667e+01   1.5952381e+01   2.0000000e+00   6.0000000e+00   2.1000000e+01   9.7464789e+00
   4.2015435e+02   1.9000000e+01   2.4000000e+01   3.2900000e+02   5.7000000e+01   2.8500000e+01   3.3800000e+01   1.0666667e+01   2.0000000e+00   5.0000000e+00   1.2000000e+01   1.0384615e+01
   4.8516529e+02   2.0000000e+01   3.0000000e+01   3.4900000e+02   6.1000000e+01   3.0500000e+01   3.6500000e+01   1.2214286e+01   2.0000000e+00   4.0000000e+00   1.4000000e+01   9.5744681e+00
   8.6257179e+02   2.4000000e+01   4.4000000e+01   5.4900000e+02   6.5000000e+01   3.2500000e+01   3.6666667e+01   1.9812500e+01   2.0000000e+00   6.0000000e+00   1.6000000e+01   1.0092308e+01
   2.0216017e+02   2.1000000e+01   1.8000000e+01   2.4100000e+02   4.6000000e+01   2.3000000e+01   2.0000000e+01   6.0833333e+00   2.0000000e+00   7.0000000e+00   1.2000000e+01   1.0342857e+01
   5.8524753e+02   2.4000000e+01   3.5000000e+01   4.4000000e+02   6.2000000e+01   3.1000000e+01   3.3200000e+01   1.5411765e+01   2.0000000e+00   5.0000000e+00   1.7000000e+01   1.0454545e+01
   2.9028488e+02   2.0000000e+01   1.9000000e+01   2.4800000e+02   5.1000000e+01   2.5500000e+01   2.1833333e+01   7.0000000e+00   2.0000000e+00   6.0000000e+00   1.2000000e+01   1.0305556e+01
   3.7148717e+02   1.8000000e+01   2.4000000e+01   3.0300000e+02   5.6000000e+01   2.8000000e+01   2.9500000e+01   1.2666667e+01   2.0000000e+00   4.0000000e+00   1.2000000e+01   9.8717949e+00
   1.0286355e+03   3.0000000e+01   4.4000000e+01   5.2700000e+02   6.0000000e+01   3.0000000e+01   3.6500000e+01   1.3500000e+01   2.0000000e+00   6.0000000e+00   2.2000000e+01   9.2794118e+00
   1.1697095e+03   3.2000000e+01   4.9000000e+01   5.4200000e+02   5.7000000e+01   2.8500000e+01   3.0375000e+01   1.3772727e+01   2.0000000e+00   8.0000000e+00   2.2000000e+01   9.3417722e+00
   1.2248924e+03   3.4000000e+01   5.3000000e+01   6.0100000e+02   5.9000000e+01   2.9500000e+01   3.5857143e+01   1.4000000e+01   2.0000000e+00   7.0000000e+00   2.5000000e+01   9.1807229e+00
   3.0854977e+02   1.3000000e+01   2.1000000e+01   2.1900000e+02   4.5000000e+01   2.2500000e+01   2.9000000e+01   1.3375000e+01   2.0000000e+00   3.0000000e+00   8.0000000e+00   8.7857143e+00
   2.4902506e+02   1.3000000e+01   2.1000000e+01   2.5400000e+02   5.3000000e+01   2.6500000e+01   2.8000000e+01   1.5571429e+01   2.0000000e+00   4.0000000e+00   7.0000000e+00   9.3437500e+00
   1.0761550e+03   2.6000000e+01   5.4000000e+01   6.1800000e+02   6.8000000e+01   3.4000000e+01   4.4400000e+01   2.0631579e+01   2.0000000e+00   5.0000000e+00   1.9000000e+01   9.8421053e+00
   1.0996460e+03   3.0000000e+01   4.7000000e+01   5.2500000e+02   6.3000000e+01   3.1500000e+01   3.3500000e+01   1.4318182e+01   2.0000000e+00   6.0000000e+00   2.2000000e+01   8.9295775e+00
   9.6951943e+02   2.4000000e+01   4.7000000e+01   5.4800000e+02   6.5000000e+01   3.2500000e+01   3.7200000e+01   2.0647059e+01   2.0000000e+00   5.0000000e+00   1.7000000e+01   9.6666667e+00
   1.0633294e+03   2.4000000e+01   4.9000000e+01   5.4400000e+02   6.5000000e+01   3.2500000e+01   3.6000000e+01   2.0882353e+01   2.0000000e+00   5.0000000e+00   1.7000000e+01   9.6086957e+00
   2.9943801e+02   1.8000000e+01   2.3000000e+01   3.2200000e+02   5.4000000e+01   2.7000000e+01   3.1200000e+01   1.2545455e+01   2.0000000e+00   5.0000000e+00   1.1000000e+01   1.0263158e+01
   9.0445551e+02   2.9000000e+01   4.8000000e+01   5.4200000e+02   6.3000000e+01   3.1500000e+01   3.8333333e+01   1.4523810e+01   2.0000000e+00   6.0000000e+00   2.1000000e+01   9.5000000e+00
   5.3463613e+02   1.9000000e+01   2.4000000e+01   2.9800000e+02   5.4000000e+01   2.7000000e+01   2.5400000e+01   1.2083333e+01   2.0000000e+00   5.0000000e+00   1.2000000e+01   9.3750000e+00
   6.7732316e+02   2.3000000e+01   4.0000000e+01   5.0200000e+02   6.6000000e+01   3.3000000e+01   3.9200000e+01   1.8000000e+01   2.0000000e+00   5.0000000e+00   1.6000000e+01   1.0288136e+01
   4.9341613e+02   2.1000000e+01   2.6000000e+01   3.2600000e+02   5.3000000e+01   2.6500000e+01   3.1400000e+01   1.0285714e+01   2.0000000e+00   5.0000000e+00   1.4000000e+01   9.4090909e+00
   8.1087424e+02   2.6000000e+01   4.4000000e+01   5.5800000e+02   6.1000000e+01   3.0500000e+01   3.8333333e+01   1.7611111e+01   2.0000000e+00   6.0000000e+00   1.8000000e+01   1.0283582e+01
   4.6887012e+02   2.5000000e+01   2.9000000e+01   3.2300000e+02   4.7000000e+01   2.3500000e+01   2.2250000e+01   8.8000000e+00   2.0000000e+00   8.0000000e+00   1.5000000e+01   8.6666667e+00
   7.6567359e+02   2.5000000e+01   4.5000000e+01   5.5400000e+02   6.3000000e+01   3.1500000e+01   4.2200000e+01   1.8388889e+01   2.0000000e+00   5.0000000e+00   1.8000000e+01   1.0156250e+01
   7.0180527e+02   2.0000000e+01   3.8000000e+01   4.2700000e+02   6.1000000e+01   3.0500000e+01   3.5000000e+01   1.7923077e+01   2.0000000e+00   5.0000000e+00   1.3000000e+01   9.3846154e+00
   5.9620952e+02   2.3000000e+01   3.7000000e+01   4.6300000e+02   6.2000000e+01   3.1000000e+01   3.2400000e+01   1.7187500e+01   2.0000000e+00   5.0000000e+00   1.6000000e+01   9.9622642e+00
