   0.0000000e+00   0.0000000e+00   0.0000000e+00   0.0000000e+00   0.0000000e+00   0.0000000e+00   0.0000000e+00   0.0000000e+00   0.0000000e+00   0.0000000e+00   0.0000000e+00   0.0000000e+00
   0.0000000e+00   0.0000000e+00   0.0000000e+00   0.0000000e+00   0.0000000e+00   0.0000000e+00   0.0000000e+00   0.0000000e+00   0.0000000e+00   0.0000000e+00   0.0000000e+00   0.0000000e+00
   0.0000000e+00   0.0000000e+00   0.0000000e+00   0.0000000e+00   0.0000000e+00   0.0000000e+00   0.0000000e+00   0.0000000e+00   0.0000000e+00   0.0000000e+00   0.0000000e+00   0.0000000e+00
   0.0000000e+00   0.0000000e+00   0.0000000e+00   0.0000000e+00   0.0000000e+00   0.0000000e+00   0.0000000e+00   0.0000000e+00   0.0000000e+00   0.0000000e+00   0.0000000e+00   0.0000000e+00
   0.0000000e+00   0.0000000e+00   0.0000000e+00   0.0000000e+00   0.0000000e+00   0.0000000e+00   0.0000000e+00   0.0000000e+00   0.0000000e+00   0.0000000e+00   0.0000000e+00   0.0000000e+00
   0.0000000e+00   0.0000000e+00   0.0000000e+00   0.0000000e+00   0.0000000e+00   0.0000000e+00   0.0000000e+00   0.0000000e+00   0.0000000e+00   0.0000000e+00   0.0000000e+00   0.0000000e+00
   0.0000000e+00   0.0000000e+00   0.0000000e+00   0.0000000e+00   0.0000000e+00   0.0000000e+00   0.0000000e+00   0.0000000e+00   0.0000000e+00   0.0000000e+00   0.0000000e+00   0.0000000e+00
   0.0000000e+00   0.0000000e+00   0.0000000e+00   0.0000000e+00   0.0000000e+00   0.0000000e+00   0.0000000e+00   0.0000000e+00   0.0000000e+00   0.0000000e+00   0.0000000e+00   0.0000000e+00
   0.0000000e+00   0.0000000e+00   0.0000000e+00   0.0000000e+00   0.0000000e+00   0.0000000e+00   0.0000000e+00   0.0000000e+00   0.0000000e+00   0.0000000e+00   0.0000000e+00   0.0000000e+00
   0.0000000e+00   0.0000000e+00   0.0000000e+00   0.0000000e+00   0.0000000e+00   0.0000000e+00   0.0000000e+00   0.0000000e+00   0.0000000e+00   0.0000000e+00   0.0000000e+00   0.0000000e+00
   0.0000000e+00   0.0000000e+00   0.0000000e+00   0.0000000e+00   0.0000000e+00   0.0000000e+00   0.0000000e+00   0.0000000e+00   0.0000000e+00   0.0000000e+00   0.0000000e+00   0.0000000e+00
   0.0000000e+00   0.0000000e+00   0.0000000e+00   0.0000000e+00   0.0000000e+00   0.0000000e+00   0.0000000e+00   0.0000000e+00   0.0000000e+00   0.0000000e+00   0.0000000e+00   0.0000000e+00
   0.0000000e+00   0.0000000e+00   0.0000000e+00   0.0000000e+00   0.0000000e+00   0.0000000e+00   0.0000000e+00   0.0000000e+00   0.0000000e+00   0.0000000e+00   0.0000000e+00   0.0000000e+00
   0.0000000e+00   0.0000000e+00   0.0000000e+00   0.0000000e+00   0.0000000e+00   0.0000000e+00   0.0000000e+00   0.0000000e+00   0.0000000e+00   0.0000000e+00   0.0000000e+00   0.0000000e+00
   0.0000000e+00   0.0000000e+00   0.0000000e+00   0.0000000e+00   0.0000000e+00   0.0000000e+00   0.0000000e+00   0.0000000e+00   0.0000000e+00   0.0000000e+00   0.0000000e+00   0.0000000e+00
   1.0690915e+03   2.1000000e+01   4.1000000e+01   5.9300000e+02   7.1000000e+01   3.5500000e+01   4.8500000e+01   2.4800000e+01   2.0000000e+00   4.0000000e+00   1.5000000e+01   1.1771930e+01
   1.1298599e+03   3.4000000e+01   4.2000000e+01   5.9400000e+02   5.8000000e+01   2.9000000e+01   3.6714286e+01   1.3200000e+01   2.0000000e+00   7.0000000e+00   2.5000000e+01   1.0458333e+01
   1.0631843e+03   2.7000000e+01   4.1000000e+01   6.0200000e+02   6.0000000e+01   3.0000000e+01   3.9333333e+01   1.8421053e+01   2.0000000e+00   6.0000000e+00   1.9000000e+01   1.1430769e+01
   1.1189729e+03   2.3000000e+01   4.1000000e+01   5.9400000e+02   6.9000000e+01   3.4500000e+01   4.3400000e+01   2.2062500e+01   2.0000000e+00   5.0000000e+00   1.6000000e+01   1.1868852e+01
   1.0111711e+03   2.6000000e+01   3.9000000e+01   5.6400000e+02   6.6000000e+01   3.3000000e+01   4.0000000e+01   1.8052632e+01   2.0000000e+00   5.0000000e+00   1.9000000e+01   1.1306452e+01
   1.0003210e+03   2.6000000e+01   3.4000000e+01   4.8000000e+02   6.1000000e+01   3.0500000e+01   3.0333333e+01   1.5000000e+01   2.0000000e+00   6.0000000e+00   1.8000000e+01   1.0586207e+01
   1.0120335e+03   2.3000000e+01   3.5000000e+01   5.6500000e+02   6.7000000e+01   3.3500000e+01   4.0600000e+01   2.0687500e+01   2.0000000e+00   5.0000000e+00   1.6000000e+01   1.2464286e+01
   1.0382162e+03   2.1000000e+01   3.8000000e+01   5.8000000e+02   6.7000000e+01   3.3500000e+01   4.5200000e+01   2.3500000e+01   2.0000000e+00   5.0000000e+00   1.4000000e+01   1.2166667e+01
   1.1789100e+03   3.1000000e+01   4.2000000e+01   5.9100000e+02   6.3000000e+01   3.1500000e+01   3.7666667e+01   1.5304348e+01   2.0000000e+00   6.0000000e+00   2.3000000e+01   1.1057971e+01
   9.6777892e+02   2.5000000e+01   3.8000000e+01   5.8100000e+02   6.5000000e+01   3.2500000e+01   4.2200000e+01   1.9333333e+01   2.0000000e+00   5.0000000e+00   1.8000000e+01   1.2200000e+01
   1.0615528e+03   2.7000000e+01   4.1000000e+01   6.1100000e+02   6.6000000e+01   3.3000000e+01   3.9500000e+01   1.8526316e+01   2.0000000e+00   6.0000000e+00   1.9000000e+01   1.1523810e+01
   1.0948216e+03   2.1000000e+01   4.4000000e+01   5.9800000e+02   7.3000000e+01   3.6500000e+01   4.4000000e+01   2.5285714e+01   2.0000000e+00   5.0000000e+00   1.4000000e+01   1.1516667e+01
   1.1478995e+03   2.7000000e+01   4.3000000e+01   6.1400000e+02   6.6000000e+01   3.3000000e+01   4.1000000e+01   1.8473684e+01   2.0000000e+00   6.0000000e+00   1.9000000e+01   1.1119403e+01
   9.6157786e+02   2.2000000e+01   3.4000000e+01   5.3600000e+02   6.8000000e+01   3.4000000e+01   3.4666667e+01   2.1357143e+01   2.0000000e+00   6.0000000e+00   1.4000000e+01   1.2301887e+01
   1.0274618e+03   2.8000000e+01   3.8000000e+01   5.7700000e+02   5.9000000e+01   2.9500000e+01   3.8500000e+01   1.6900000e+01   2.0000000e+00   6.0000000e+00   2.0000000e+01   1.1838710e+01
   9.5813339e+02   2.8000000e+01   3.4000000e+01   5.6100000e+02   5.9000000e+01   2.9500000e+01   3.6833333e+01   1.6450000e+01   2.0000000e+00   6.0000000e+00   2.0000000e+01   1.2016949e+01
   1.0953921e+03   2.2000000e+01   3.8000000e+01   5.7800000e+02   6.8000000e+01   3.4000000e+01   4.4000000e+01   2.2000000e+01   2.0000000e+00   5.0000000e+00   1.5000000e+01   1.2052632e+01
   9.9693907e+02   2.8000000e+01   3.6000000e+01   5.5300000e+02   6.1000000e+01   3.0500000e+01   3.7500000e+01   1.5400000e+01   2.0000000e+00   6.0000000e+00   2.0000000e+01   1.2050847e+01
   1.1810925e+03   2.4000000e+01   4.7000000e+01   5.9800000e+02   7.0000000e+01   3.5000000e+01   4.4600000e+01   2.1411765e+01   2.0000000e+00   5.0000000e+00   1.7000000e+01   1.1196970e+01
   1.0350008e+03   2.4000000e+01   4.1000000e+01   5.9600000e+02   6.8000000e+01   3.4000000e+01   4.5200000e+01   2.0470588e+01   2.0000000e+00   5.0000000e+00   1.7000000e+01   1.1819672e+01
   1.0660497e+03   2.4000000e+01   4.9000000e+01   6.1300000e+02   6.5000000e+01   3.2500000e+01   3.7166667e+01   2.4062500e+01   2.0000000e+00   6.0000000e+00   1.6000000e+01   1.1132353e+01
   7.7390858e+02   2.6000000e+01   3.3000000e+01   4.9600000e+02   6.0000000e+01   3.0000000e+01   3.4166667e+01   1.4888889e+01   2.0000000e+00   6.0000000e+00   1.8000000e+01   1.1471698e+01
   1.1107163e+03   2.2000000e+01   3.3000000e+01   4.4900000e+02   6.7000000e+01   3.3500000e+01   3.2000000e+01   1.7266667e+01   2.0000000e+00   5.0000000e+00   1.5000000e+01   1.0660377e+01
   1.3583087e+03   2.6000000e+01   4.3000000e+01   6.2300000e+02   6.3000000e+01   3.1500000e+01   4.4400000e+01   2.0789474e+01   2.0000000e+00   5.0000000e+00   1.9000000e+01   1.1507463e+01
   1.0661958e+03   1.8000000e+01   3.7000000e+01   5.3600000e+02   6.6000000e+01   3.3000000e+01   4.0500000e+01   2.8833333e+01   2.0000000e+00   4.0000000e+00   1.2000000e+01   1.1377358e+01
   9.2823125e+02   2.7000000e+01   3.7000000e+01   5.5900000e+02   6.5000000e+01   3.2500000e+01   4.3200000e+01   1.6250000e+01   2.0000000e+00   5.0000000e+00   2.0000000e+01   1.1393443e+01
   1.0948765e+03   2.3000000e+01   3.7000000e+01   5.1200000e+02   6.0000000e+01   3.0000000e+01   3.3666667e+01   1.9200000e+01   2.0000000e+00   6.0000000e+00   1.5000000e+01   1.1178571e+01
   1.2814134e+03   2.5000000e+01   4.6000000e+01   6.1300000e+02   6.2000000e+01   3.1000000e+01   4.4400000e+01   2.1222222e+01   2.0000000e+00   5.0000000e+00   1.8000000e+01   1.1417910e+01
   9.7495502e+02   2.2000000e+01   3.8000000e+01   5.4600000e+02   6.6000000e+01   3.3000000e+01   4.0200000e+01   2.1666667e+01   2.0000000e+00   5.0000000e+00   1.5000000e+01   1.1631579e+01
   1.1533902e+03   2.9000000e+01   4.0000000e+01   5.9100000e+02   6.2000000e+01   3.1000000e+01   3.3428571e+01   1.6750000e+01   2.0000000e+00   7.0000000e+00   2.0000000e+01   1.0636364e+01
   1.1311276e+03   3.0000000e+01   4.0000000e+01   5.6400000e+02   6.1000000e+01   3.0500000e+01   3.1250000e+01   1.5200000e+01   2.0000000e+00   8.0000000e+00   2.0000000e+01   1.1090909e+01
   1.0694012e+03   2.4000000e+01   4.1000000e+01   5.5300000e+02   6.5000000e+01   3.2500000e+01   3.8333333e+01   1.9000000e+01   2.0000000e+00   6.0000000e+00   1.6000000e+01   1.1066667e+01
   1.2791913e+03   2.4000000e+01   4.4000000e+01   6.2700000e+02   6.5000000e+01   3.2500000e+01   4.5600000e+01   2.2647059e+01   2.0000000e+00   5.0000000e+00   1.7000000e+01   1.1184615e+01
   1.0957318e+03   2.2000000e+01   4.2000000e+01   6.1200000e+02   6.4000000e+01   3.2000000e+01   4.8500000e+01   2.5375000e+01   2.0000000e+00   4.0000000e+00   1.6000000e+01   1.1644068e+01
   1.3068781e+03   2.5000000e+01   4.6000000e+01   6.3700000e+02   7.1000000e+01   3.5500000e+01   3.9333333e+01   2.2352941e+01   2.0000000e+00   6.0000000e+00   1.7000000e+01   1.1571429e+01
   1.1902494e+03   2.8000000e+01   4.7000000e+01   6.1700000e+02   6.7000000e+01   3.3500000e+01   4.0500000e+01   1.7900000e+01   2.0000000e+00   6.0000000e+00   2.0000000e+01   1.0986111e+01
   9.0474321e+02   2.5000000e+01   3.9000000e+01   5.5700000e+02   6.7000000e+01   3.3500000e+01   3.4666667e+01   1.9058824e+01   2.0000000e+00   6.0000000e+00   1.7000000e+01   1.1644068e+01
   1.2337487e+03   2.2000000e+01   4.5000000e+01   6.0800000e+02   6.6000000e+01   3.3000000e+01   4.7000000e+01   2.5000000e+01   2.0000000e+00   4.0000000e+00   1.6000000e+01   1.1703125e+01
   1.2393498e+03   2.9000000e+01   4.4000000e+01   5.9700000e+02   6.6000000e+01   3.3000000e+01   3.7166667e+01   1.7095238e+01   2.0000000e+00   6.0000000e+00   2.1000000e+01   1.1164179e+01
   1.1663695e+03   2.6000000e+01   4.4000000e+01   6.0900000e+02   6.3000000e+01   3.1500000e+01   3.8833333e+01   2.0277778e+01   2.0000000e+00   6.0000000e+00   1.8000000e+01   1.1138462e+01
   1.0641520e+03   2.8000000e+01   4.1000000e+01   5.9600000e+02   6.3000000e+01   3.1500000e+01   4.1000000e+01   1.6800000e+01   2.0000000e+00   6.0000000e+00   2.0000000e+01   1.1142857e+01
   0.0000000e+00   0.0000000e+00   0.0000000e+00   0.0000000e+00   0.0000000e+00   0.0000000e+00   0.0000000e+00   0.0000000e+00   0.0000000e+00   0.0000000e+00   0.0000000e+00   0.0000000e+00
   1.0353264e+03   2.5000000e+01   3.6000000e+01   5.4800000e+02   6.3000000e+01   3.1500000e+01   3.9200000e+01   1.8111111e+01   2.0000000e+00   5.0000000e+00   1.8000000e+01   1.1413793e+01
   9.2012847e+02   2.6000000e+01   3.8000000e+01   5.4400000e+02   6.3000000e+01   3.1500000e+01   3.0428571e+01   1.8058824e+01   2.0000000e+00   7.0000000e+00   1.7000000e+01   1.1131148e+01
   8.2975192e+02   1.9000000e+01   3.0000000e+01   4.2900000e+02   6.7000000e+01   3.3500000e+01   3.0333333e+01   1.9545455e+01   2.0000000e+00   6.0000000e+00   1.1000000e+01   1.0978261e+01
   1.0378133e+03   2.7000000e+01   3.9000000e+01   5.3000000e+02   6.1000000e+01   3.0500000e+01   3.4714286e+01   1.5222222e+01   2.0000000e+00   7.0000000e+00   1.8000000e+01   1.1063492e+01
   1.1324991e+03   3.0000000e+01   4.1000000e+01   5.7900000e+02   6.1000000e+01   3.0500000e+01   3.8000000e+01   1.5454545e+01   2.0000000e+00   6.0000000e+00   2.2000000e+01   1.1308824e+01
   9.4499792e+02   2.3000000e+01   3.4000000e+01   4.8200000e+02   6.1000000e+01   3.0500000e+01   3.8200000e+01   1.6625000e+01   2.0000000e+00   5.0000000e+00   1.6000000e+01   1.1075472e+01
   1.1218849e+03   2.5000000e+01   4.4000000e+01   6.2300000e+02   6.8000000e+01   3.4000000e+01   4.3400000e+01   2.1611111e+01   2.0000000e+00   5.0000000e+00   1.8000000e+01   1.1625000e+01
   1.1913962e+03   2.5000000e+01   4.0000000e+01   5.5700000e+02   6.5000000e+01   3.2500000e+01   3.9500000e+01   1.8058824e+01   2.0000000e+00   6.0000000e+00   1.7000000e+01   1.0580645e+01
   8.3726551e+02   2.0000000e+01   3.3000000e+01   5.2700000e+02   7.2000000e+01   3.6000000e+01   3.3666667e+01   2.4750000e+01   2.0000000e+00   6.0000000e+00   1.2000000e+01   1.2140000e+01
   1.0731238e+03   2.6000000e+01   4.1000000e+01   5.5700000e+02   6.3000000e+01   3.1500000e+01   3.5500000e+01   1.8000000e+01   2.0000000e+00   6.0000000e+00   1.8000000e+01   1.0622951e+01
   1.0903307e+03   2.5000000e+01   4.1000000e+01   5.4000000e+02   6.3000000e+01   3.1500000e+01   3.5833333e+01   1.8235294e+01   2.0000000e+00   6.0000000e+00   1.7000000e+01   1.0827586e+01
   1.1356042e+03   3.0000000e+01   4.0000000e+01   5.6000000e+02   6.3000000e+01   3.1500000e+01   3.6285714e+01   1.3904762e+01   2.0000000e+00   7.0000000e+00   2.1000000e+01   1.1111111e+01
   1.0907040e+03   2.4000000e+01   4.6000000e+01   6.0700000e+02   7.2000000e+01   3.6000000e+01   3.9500000e+01   2.2125000e+01   2.0000000e+00   6.0000000e+00   1.6000000e+01   1.1515152e+01
   9.6110406e+02   2.5000000e+01   3.4000000e+01   5.4200000e+02   6.4000000e+01   3.2000000e+01   3.4142857e+01   1.7437500e+01   2.0000000e+00   7.0000000e+00   1.6000000e+01   1.1750000e+01
   1.0138986e+03   2.2000000e+01   3.5000000e+01   5.1600000e+02   6.7000000e+01   3.3500000e+01   4.2800000e+01   1.8666667e+01   2.0000000e+00   5.0000000e+00   1.5000000e+01   1.1500000e+01
   9.9717459e+02   2.1000000e+01   3.8000000e+01   5.0700000e+02   7.1000000e+01   3.5500000e+01   3.8400000e+01   2.0928571e+01   2.0000000e+00   5.0000000e+00   1.4000000e+01   1.2125000e+01
   1.0909008e+03   2.8000000e+01   4.0000000e+01   5.9200000e+02   6.3000000e+01   3.1500000e+01   3.8666667e+01   1.7300000e+01   2.0000000e+00   6.0000000e+00   2.0000000e+01   1.1349206e+01
   1.0459165e+03   2.9000000e+01   3.7000000e+01   5.4000000e+02   5.9000000e+01   2.9500000e+01   3.3000000e+01   1.5619048e+01   2.0000000e+00   6.0000000e+00   2.1000000e+01   1.1377049e+01
   1.1798972e+03   3.6000000e+01   4.3000000e+01   6.4500000e+02   6.1000000e+01   3.0500000e+01   3.4875000e+01   1.3769231e+01   2.0000000e+00   8.0000000e+00   2.6000000e+01   1.1657534e+01
   9.4540992e+02   2.5000000e+01   3.8000000e+01   5.3600000e+02   6.4000000e+01   3.2000000e+01   3.5833333e+01   1.7470588e+01   2.0000000e+00   6.0000000e+00   1.7000000e+01   1.1237288e+01
   1.1376191e+03   3.0000000e+01   4.4000000e+01   6.2700000e+02   6.4000000e+01   3.2000000e+01   3.8142857e+01   1.6666667e+01   2.0000000e+00   7.0000000e+00   2.1000000e+01   1.1521739e+01
   7.8409353e+02   2.2000000e+01   3.1000000e+01   5.0100000e+02   6.2000000e+01   3.1000000e+01   3.1857143e+01   1.9230769e+01   2.0000000e+00   7.0000000e+00   1.3000000e+01   1.1979592e+01
   8.5401190e+02   2.4000000e+01   3.3000000e+01   5.1000000e+02   6.5000000e+01   3.2500000e+01   3.3571429e+01   1.6533333e+01   2.0000000e+00   7.0000000e+00   1.5000000e+01   1.2222222e+01
   1.0379621e+03   2.1000000e+01   3.7000000e+01   4.8300000e+02   6.7000000e+01   3.3500000e+01   3.3666667e+01   1.9307692e+01   2.0000000e+00   6.0000000e+00   1.3000000e+01   1.0944444e+01
   8.8350494e+02   2.7000000e+01   3.8000000e+01   5.8200000e+02   5.9000000e+01   2.9500000e+01   4.0333333e+01   1.7210526e+01   2.0000000e+00   6.0000000e+00   1.9000000e+01   1.1629032e+01
   9.2422299e+02   2.3000000e+01   3.7000000e+01   5.5300000e+02   6.8000000e+01   3.4000000e+01   3.3666667e+01   2.1866667e+01   2.0000000e+00   6.0000000e+00   1.5000000e+01   1.1927273e+01
   1.3608638e+03   3.0000000e+01   4.3000000e+01   5.8000000e+02   6.1000000e+01   3.0500000e+01   3.7166667e+01   1.6227273e+01   2.0000000e+00   6.0000000e+00   2.2000000e+01   1.0318841e+01
   1.2601213e+03   2.6000000e+01   4.2000000e+01   5.5800000e+02   6.3000000e+01   3.1500000e+01   3.7166667e+01   1.8333333e+01   2.0000000e+00   6.0000000e+00   1.8000000e+01   1.1061538e+01
   1.3424847e+03   2.4000000e+01   4.3000000e+01   5.9900000e+02   6.6000000e+01   3.3000000e+01   4.6200000e+01   2.0764706e+01   2.0000000e+00   5.0000000e+00   1.7000000e+01   1.1203125e+01
   1.0071271e+03   2.6000000e+01   4.2000000e+01   5.9700000e+02   6.5000000e+01   3.2500000e+01   3.7666667e+01   1.9388889e+01   2.0000000e+00   6.0000000e+00   1.8000000e+01   1.1406250e+01
   1.0028182e+03   2.4000000e+01   3.5000000e+01   5.2900000e+02   6.3000000e+01   3.1500000e+01   3.6000000e+01   1.9588235e+01   2.0000000e+00   5.0000000e+00   1.7000000e+01   1.0859649e+01
   7.8650758e+02   2.7000000e+01   2.9000000e+01   4.8800000e+02   6.1000000e+01   3.0500000e+01   3.2142857e+01   1.3166667e+01   2.0000000e+00   7.0000000e+00   1.8000000e+01   1.1849057e+01
   7.6668577e+02   2.4000000e+01   3.5000000e+01   5.5600000e+02   7.0000000e+01   3.5000000e+01   3.4500000e+01   1.9875000e+01   2.0000000e+00   6.0000000e+00   1.6000000e+01   1.2301887e+01
   1.2273736e+03   2.8000000e+01   4.1000000e+01   5.7200000e+02   6.1000000e+01   3.0500000e+01   4.1000000e+01   1.5550000e+01   2.0000000e+00   6.0000000e+00   2.0000000e+01   1.1333333e+01
   9.8308916e+02   2.2000000e+01   3.9000000e+01   5.8900000e+02   6.8000000e+01   3.4000000e+01   4.4200000e+01   2.2933333e+01   2.0000000e+00   5.0000000e+00   1.5000000e+01   1.1847458e+01
   1.0132419e+03   2.5000000e+01   3.8000000e+01   5.5100000e+02   6.3000000e+01   3.1500000e+01   4.0800000e+01   1.8277778e+01   2.0000000e+00   5.0000000e+00   1.8000000e+01   1.1406780e+01
   1.2128136e+03   2.8000000e+01   4.2000000e+01   5.6100000e+02   6.1000000e+01   3.0500000e+01   3.4714286e+01   1.6052632e+01   2.0000000e+00   7.0000000e+00   1.9000000e+01   1.0731343e+01
   9.0323771e+02   2.1000000e+01   3.6000000e+01   5.5400000e+02   6.8000000e+01   3.4000000e+01   4.5500000e+01   2.3066667e+01   2.0000000e+00   4.0000000e+00   1.5000000e+01   1.2111111e+01
   1.1383156e+03   2.2000000e+01   3.6000000e+01   5.3900000e+02   6.7000000e+01   3.3500000e+01   3.6800000e+01   2.1866667e+01   2.0000000e+00   5.0000000e+00   1.5000000e+01   1.1218182e+01
   8.9882532e+02   2.3000000e+01   2.8000000e+01   4.2100000e+02   6.2000000e+01   3.1000000e+01   2.8500000e+01   1.5933333e+01   2.0000000e+00   6.0000000e+00   1.5000000e+01   1.1041667e+01
   9.5959589e+02   2.7000000e+01   3.4000000e+01   5.3900000e+02   5.7000000e+01   2.8500000e+01   3.2428571e+01   1.6222222e+01   2.0000000e+00   7.0000000e+00   1.8000000e+01   1.0877193e+01
   1.0911749e+03   2.8000000e+01   4.1000000e+01   5.7300000e+02   6.2000000e+01   3.1000000e+01   3.1375000e+01   1.7388889e+01   2.0000000e+00   8.0000000e+00   1.8000000e+01   1.1000000e+01
   1.0080442e+03   3.0000000e+01   4.1000000e+01   6.2600000e+02   5.6000000e+01   2.8000000e+01   3.8857143e+01   1.6714286e+01   2.0000000e+00   7.0000000e+00   2.1000000e+01   1.1764706e+01
