   6.5863201e+01   4.0000000e+00   2.0000000e+00   2.5000000e+01   1.4000000e+01   7.0000000e+00   6.0000000e+00   0.0000000e+00   2.0000000e+00   2.0000000e+00   0.0000000e+00   6.2500000e+00
   6.5863201e+01   3.0000000e+00   2.0000000e+00   1.3000000e+01   1.0000000e+01   5.0000000e+00   4.0000000e+00   0.0000000e+00   2.0000000e+00   1.0000000e+00   0.0000000e+00   4.3333333e+00
   6.5847803e+01   4.0000000e+00   2.0000000e+00   2.0000000e+01   1.1000000e+01   5.5000000e+00   5.0000000e+00   0.0000000e+00   2.0000000e+00   2.0000000e+00   0.0000000e+00   5.0000000e+00
   1.2296762e+03   4.7000000e+01   6.8000000e+01   4.9000000e+02   5.2000000e+01   2.6000000e+01   2.7500000e+01   8.0000000e+00   2.0000000e+00   8.0000000e+00   3.7000000e+01   5.7047619e+00
   6.5918119e+01   3.0000000e+00   2.0000000e+00   1.9000000e+01   1.3000000e+01   6.5000000e+00   7.0000000e+00   0.0000000e+00   2.0000000e+00   1.0000000e+00   0.0000000e+00   6.3333333e+00
   6.5901676e+01   4.0000000e+00   2.0000000e+00   2.3000000e+01   1.2000000e+01   6.0000000e+00   6.0000000e+00   0.0000000e+00   2.0000000e+00   2.0000000e+00   0.0000000e+00   5.7500000e+00
   6.5903094e+01   3.0000000e+00   2.0000000e+00   1.7000000e+01   1.2000000e+01   6.0000000e+00   6.0000000e+00   0.0000000e+00   2.0000000e+00   1.0000000e+00   0.0000000e+00   5.6666667e+00
   1.2651771e+03   4.4000000e+01   6.8000000e+01   5.0200000e+02   5.1000000e+01   2.5500000e+01   3.0750000e+01   8.3235294e+00   2.0000000e+00   8.0000000e+00   3.4000000e+01   5.4903846e+00
   6.5895917e+01   3.0000000e+00   2.0000000e+00   1.9000000e+01   1.3000000e+01   6.5000000e+00   7.0000000e+00   0.0000000e+00   2.0000000e+00   1.0000000e+00   0.0000000e+00   6.3333333e+00
   1.1148167e+03   4.8000000e+01   7.1000000e+01   5.4600000e+02   5.2000000e+01   2.6000000e+01   3.0250000e+01   9.0000000e+00   2.0000000e+00   8.0000000e+00   3.8000000e+01   5.7894737e+00
   1.1336082e+03   4.7000000e+01   6.3000000e+01   4.8100000e+02   4.9000000e+01   2.4500000e+01   2.2454545e+01   7.4705882e+00   2.0000000e+00   1.1000000e+01   3.4000000e+01   5.4571429e+00
   1.3709080e+03   4.4000000e+01   8.0000000e+01   5.6900000e+02   5.2000000e+01   2.6000000e+01   3.2000000e+01   1.1028571e+01   2.0000000e+00   7.0000000e+00   3.5000000e+01   5.6260870e+00
   6.5888513e+01   3.0000000e+00   2.0000000e+00   1.9000000e+01   1.3000000e+01   6.5000000e+00   7.0000000e+00   0.0000000e+00   2.0000000e+00   1.0000000e+00   0.0000000e+00   6.3333333e+00
   1.2458467e+03   4.1000000e+01   6.2000000e+01   4.6400000e+02   5.4000000e+01   2.7000000e+01   2.5625000e+01   8.8064516e+00   2.0000000e+00   8.0000000e+00   3.1000000e+01   5.6530612e+00
   6.5888513e+01   4.0000000e+00   2.0000000e+00   2.6000000e+01   1.3000000e+01   6.5000000e+00   7.0000000e+00   0.0000000e+00   2.0000000e+00   2.0000000e+00   0.0000000e+00   6.5000000e+00
   6.5887004e+01   3.0000000e+00   2.0000000e+00   2.1000000e+01   1.5000000e+01   7.5000000e+00   7.0000000e+00   0.0000000e+00   2.0000000e+00   1.0000000e+00   0.0000000e+00   7.0000000e+00
   6.5903094e+01   3.0000000e+00   2.0000000e+00   1.5000000e+01   1.1000000e+01   5.5000000e+00   5.0000000e+00   0.0000000e+00   2.0000000e+00   1.0000000e+00   0.0000000e+00   5.0000000e+00
   1.4422579e+03   4.5000000e+01   7.5000000e+01   5.1300000e+02   4.9000000e+01   2.4500000e+01   2.6777778e+01   9.4705882e+00   2.0000000e+00   9.0000000e+00   3.4000000e+01   5.6000000e+00
   6.5887004e+01   3.0000000e+00   2.0000000e+00   1.5000000e+01   1.1000000e+01   5.5000000e+00   5.0000000e+00   0.0000000e+00   2.0000000e+00   1.0000000e+00   0.0000000e+00   5.0000000e+00
   6.5872992e+01   3.0000000e+00   2.0000000e+00   1.9000000e+01   1.4000000e+01   7.0000000e+00   6.0000000e+00   0.0000000e+00   2.0000000e+00   1.0000000e+00   0.0000000e+00   6.3333333e+00
   6.5864859e+01   3.0000000e+00   2.0000000e+00   1.7000000e+01   1.3000000e+01   6.5000000e+00   5.0000000e+00   0.0000000e+00   2.0000000e+00   1.0000000e+00   0.0000000e+00   5.6666667e+00
   6.5877751e+01   3.0000000e+00   2.0000000e+00   1.9000000e+01   1.4000000e+01   7.0000000e+00   6.0000000e+00   0.0000000e+00   2.0000000e+00   1.0000000e+00   0.0000000e+00   6.3333333e+00
   6.5910051e+01   3.0000000e+00   2.0000000e+00   1.5000000e+01   1.1000000e+01   5.5000000e+00   5.0000000e+00   0.0000000e+00   2.0000000e+00   1.0000000e+00   0.0000000e+00   5.0000000e+00
   6.5905902e+01   4.0000000e+00   2.0000000e+00   2.5000000e+01   1.4000000e+01   7.0000000e+00   6.0000000e+00   0.0000000e+00   2.0000000e+00   2.0000000e+00   0.0000000e+00   6.2500000e+00
   1.3739767e+03   4.3000000e+01   7.2000000e+01   5.0000000e+02   5.2000000e+01   2.6000000e+01   3.1000000e+01   9.2058824e+00   2.0000000e+00   7.0000000e+00   3.4000000e+01   5.4859813e+00
   1.1729517e+03   4.1000000e+01   6.2000000e+01   4.8000000e+02   5.1000000e+01   2.5500000e+01   2.6500000e+01   9.1290323e+00   2.0000000e+00   8.0000000e+00   3.1000000e+01   5.6500000e+00
   6.5880874e+01   4.0000000e+00   2.0000000e+00   1.7000000e+01   1.0000000e+01   5.0000000e+00   4.0000000e+00   0.0000000e+00   2.0000000e+00   2.0000000e+00   0.0000000e+00   4.2500000e+00
   6.5912774e+01   3.0000000e+00   2.0000000e+00   1.5000000e+01   1.2000000e+01   6.0000000e+00   4.0000000e+00   0.0000000e+00   2.0000000e+00   1.0000000e+00   0.0000000e+00   5.0000000e+00
   6.5877751e+01   4.0000000e+00   2.0000000e+00   1.9000000e+01   1.2000000e+01   6.0000000e+00   4.0000000e+00   0.0000000e+00   2.0000000e+00   2.0000000e+00   0.0000000e+00   4.7500000e+00
   6.5904502e+01   3.0000000e+00   2.0000000e+00   1.5000000e+01   1.1000000e+01   5.5000000e+00   5.0000000e+00   0.0000000e+00   2.0000000e+00   1.0000000e+00   0.0000000e+00   5.0000000e+00
   6.5900250e+01   3.0000000e+00   2.0000000e+00   1.9000000e+01   1.3000000e+01   6.5000000e+00   7.0000000e+00   0.0000000e+00   2.0000000e+00   1.0000000e+00   0.0000000e+00   6.3333333e+00
   6.5891502e+01   3.0000000e+00   2.0000000e+00   1.3000000e+01   1.0000000e+01   5.0000000e+00   4.0000000e+00   0.0000000e+00   2.0000000e+00   1.0000000e+00   0.0000000e+00   4.3333333e+00
   6.5912774e+01   3.0000000e+00   2.0000000e+00   1.3000000e+01   1.0000000e+01   5.0000000e+00   4.0000000e+00   0.0000000e+00   2.0000000e+00   1.0000000e+00   0.0000000e+00   4.3333333e+00
   1.3051797e+03   4.2000000e+01   6.9000000e+01   5.1500000e+02   5.2000000e+01   2.6000000e+01   3.1000000e+01   9.3750000e+00   2.0000000e+00   8.0000000e+00   3.2000000e+01   5.7669903e+00
   6.5907294e+01   3.0000000e+00   2.0000000e+00   1.7000000e+01   1.2000000e+01   6.0000000e+00   6.0000000e+00   0.0000000e+00   2.0000000e+00   1.0000000e+00   0.0000000e+00   5.6666667e+00
   1.5153113e+03   4.5000000e+01   8.2000000e+01   5.4900000e+02   5.1000000e+01   2.5500000e+01   3.0625000e+01   1.0057143e+01   2.0000000e+00   8.0000000e+00   3.5000000e+01   5.4745763e+00
   1.3205121e+03   4.8000000e+01   7.6000000e+01   5.7200000e+02   5.4000000e+01   2.7000000e+01   2.9555556e+01   9.1621622e+00   2.0000000e+00   9.0000000e+00   3.7000000e+01   5.6495726e+00
   1.0737557e+03   4.9000000e+01   7.0000000e+01   5.3000000e+02   5.0000000e+01   2.5000000e+01   2.7444444e+01   8.4210526e+00   2.0000000e+00   9.0000000e+00   3.8000000e+01   5.6194690e+00
   1.2355963e+03   4.3000000e+01   6.0000000e+01   4.4900000e+02   5.1000000e+01   2.5500000e+01   2.5625000e+01   7.9696970e+00   2.0000000e+00   8.0000000e+00   3.3000000e+01   5.4895833e+00
   1.3323070e+03   4.2000000e+01   7.0000000e+01   5.3300000e+02   5.5000000e+01   2.7500000e+01   2.9375000e+01   1.0156250e+01   2.0000000e+00   8.0000000e+00   3.2000000e+01   5.8761905e+00
   6.5897370e+01   3.0000000e+00   2.0000000e+00   1.9000000e+01   1.4000000e+01   7.0000000e+00   6.0000000e+00   0.0000000e+00   2.0000000e+00   1.0000000e+00   0.0000000e+00   6.3333333e+00
   6.5900250e+01   3.0000000e+00   2.0000000e+00   1.9000000e+01   1.4000000e+01   7.0000000e+00   6.0000000e+00   0.0000000e+00   2.0000000e+00   1.0000000e+00   0.0000000e+00   6.3333333e+00
   6.5868143e+01   3.0000000e+00   2.0000000e+00   1.5000000e+01   1.1000000e+01   5.5000000e+00   5.0000000e+00   0.0000000e+00   2.0000000e+00   1.0000000e+00   0.0000000e+00   5.0000000e+00
   6.5907294e+01   3.0000000e+00   2.0000000e+00   1.7000000e+01   1.3000000e+01   6.5000000e+00   5.0000000e+00   0.0000000e+00   2.0000000e+00   1.0000000e+00   0.0000000e+00   5.6666667e+00
   6.5898815e+01   3.0000000e+00   2.0000000e+00   1.7000000e+01   1.2000000e+01   6.0000000e+00   6.0000000e+00   0.0000000e+00   2.0000000e+00   1.0000000e+00   0.0000000e+00   5.6666667e+00
   6.5910051e+01   4.0000000e+00   2.0000000e+00   2.8000000e+01   1.5000000e+01   7.5000000e+00   7.0000000e+00   0.0000000e+00   2.0000000e+00   2.0000000e+00   0.0000000e+00   7.0000000e+00
   6.5904502e+01   3.0000000e+00   2.0000000e+00   1.9000000e+01   1.3000000e+01   6.5000000e+00   7.0000000e+00   0.0000000e+00   2.0000000e+00   1.0000000e+00   0.0000000e+00   6.3333333e+00
   1.3936509e+03   5.0000000e+01   7.2000000e+01   5.2700000e+02   5.2000000e+01   2.6000000e+01   2.8000000e+01   8.1538462e+00   2.0000000e+00   9.0000000e+00   3.9000000e+01   5.5526316e+00
   1.2730533e+03   4.0000000e+01   6.1000000e+01   4.6000000e+02   5.3000000e+01   2.6500000e+01   2.3111111e+01   9.1379310e+00   2.0000000e+00   9.0000000e+00   2.9000000e+01   5.7065217e+00
   1.3469748e+03   4.2000000e+01   7.8000000e+01   5.1600000e+02   5.0000000e+01   2.5000000e+01   2.6111111e+01   1.0354839e+01   2.0000000e+00   9.0000000e+00   3.1000000e+01   5.4210526e+00
   1.1766591e+03   4.0000000e+01   7.2000000e+01   5.3800000e+02   5.2000000e+01   2.6000000e+01   2.8857143e+01   1.1612903e+01   2.0000000e+00   7.0000000e+00   3.1000000e+01   5.9711538e+00
   1.3935914e+03   3.8000000e+01   7.6000000e+01   5.2000000e+02   5.3000000e+01   2.6500000e+01   2.9428571e+01   1.1827586e+01   2.0000000e+00   7.0000000e+00   2.9000000e+01   5.7281553e+00
   6.5872992e+01   4.0000000e+00   2.0000000e+00   2.3000000e+01   1.2000000e+01   6.0000000e+00   6.0000000e+00   0.0000000e+00   2.0000000e+00   2.0000000e+00   0.0000000e+00   5.7500000e+00
   1.2440145e+03   3.9000000e+01   7.7000000e+01   5.1500000e+02   5.1000000e+01   2.5500000e+01   2.8000000e+01   1.1482759e+01   2.0000000e+00   8.0000000e+00   2.9000000e+01   5.5181818e+00
   1.0969612e+03   3.3000000e+01   5.5000000e+01   4.0600000e+02   5.7000000e+01   2.8500000e+01   2.3428571e+01   1.0541667e+01   2.0000000e+00   7.0000000e+00   2.4000000e+01   5.8227848e+00
   6.5894455e+01   3.0000000e+00   2.0000000e+00   1.7000000e+01   1.2000000e+01   6.0000000e+00   6.0000000e+00   0.0000000e+00   2.0000000e+00   1.0000000e+00   0.0000000e+00   5.6666667e+00
   9.4517078e+02   3.9000000e+01   5.2000000e+01   4.3200000e+02   5.4000000e+01   2.7000000e+01   2.2750000e+01   8.6896552e+00   2.0000000e+00   8.0000000e+00   2.9000000e+01   5.6190476e+00
   6.5891502e+01   3.0000000e+00   2.0000000e+00   1.7000000e+01   1.3000000e+01   6.5000000e+00   5.0000000e+00   0.0000000e+00   2.0000000e+00   1.0000000e+00   0.0000000e+00   5.6666667e+00
   6.5887004e+01   3.0000000e+00   2.0000000e+00   1.3000000e+01   1.0000000e+01   5.0000000e+00   4.0000000e+00   0.0000000e+00   2.0000000e+00   1.0000000e+00   0.0000000e+00   4.3333333e+00
   6.5914122e+01   3.0000000e+00   2.0000000e+00   1.7000000e+01   1.2000000e+01   6.0000000e+00   6.0000000e+00   0.0000000e+00   2.0000000e+00   1.0000000e+00   0.0000000e+00   5.6666667e+00
   1.4722241e+03   4.6000000e+01   7.5000000e+01   5.6100000e+02   5.1000000e+01   2.5500000e+01   3.0500000e+01   9.6111111e+00   2.0000000e+00   8.0000000e+00   3.6000000e+01   5.6754386e+00
   6.5874588e+01   4.0000000e+00   2.0000000e+00   1.7000000e+01   1.0000000e+01   5.0000000e+00   4.0000000e+00   0.0000000e+00   2.0000000e+00   2.0000000e+00   0.0000000e+00   4.2500000e+00
   6.5859854e+01   4.0000000e+00   2.0000000e+00   2.2000000e+01   1.3000000e+01   6.5000000e+00   5.0000000e+00   0.0000000e+00   2.0000000e+00   2.0000000e+00   0.0000000e+00   5.5000000e+00
   6.5903094e+01   4.0000000e+00   2.0000000e+00   2.8000000e+01   1.5000000e+01   7.5000000e+00   7.0000000e+00   0.0000000e+00   2.0000000e+00   2.0000000e+00   0.0000000e+00   7.0000000e+00
   6.5888513e+01   3.0000000e+00   2.0000000e+00   1.7000000e+01   1.2000000e+01   6.0000000e+00   6.0000000e+00   0.0000000e+00   2.0000000e+00   1.0000000e+00   0.0000000e+00   5.6666667e+00
   6.5907294e+01   3.0000000e+00   2.0000000e+00   1.7000000e+01   1.2000000e+01   6.0000000e+00   6.0000000e+00   0.0000000e+00   2.0000000e+00   1.0000000e+00   0.0000000e+00   5.6666667e+00
   1.2533132e+03   4.0000000e+01   6.2000000e+01   4.6200000e+02   5.2000000e+01   2.6000000e+01   2.2666667e+01   9.7241379e+00   2.0000000e+00   9.0000000e+00   2.9000000e+01   5.6170213e+00
   6.5919435e+01   3.0000000e+00   2.0000000e+00   1.7000000e+01   1.2000000e+01   6.0000000e+00   6.0000000e+00   0.0000000e+00   2.0000000e+00   1.0000000e+00   0.0000000e+00   5.6666667e+00
   1.1946753e+03   4.2000000e+01   6.3000000e+01   5.3000000e+02   4.8000000e+01   2.4000000e+01   3.1000000e+01   9.8125000e+00   2.0000000e+00   8.0000000e+00   3.2000000e+01   6.0400000e+00
   6.5918119e+01   3.0000000e+00   2.0000000e+00   1.9000000e+01   1.3000000e+01   6.5000000e+00   7.0000000e+00   0.0000000e+00   2.0000000e+00   1.0000000e+00   0.0000000e+00   6.3333333e+00
   1.2386402e+03   4.4000000e+01   7.7000000e+01   5.5300000e+02   5.2000000e+01   2.6000000e+01   3.2000000e+01   9.8823529e+00   2.0000000e+00   8.0000000e+00   3.4000000e+01   5.7368421e+00
   6.5911416e+01   4.0000000e+00   2.0000000e+00   2.6000000e+01   1.3000000e+01   6.5000000e+00   7.0000000e+00   0.0000000e+00   2.0000000e+00   2.0000000e+00   0.0000000e+00   6.5000000e+00
   1.5731472e+03   4.6000000e+01   9.1000000e+01   6.1900000e+02   5.2000000e+01   2.6000000e+01   3.1375000e+01   1.1611111e+01   2.0000000e+00   8.0000000e+00   3.6000000e+01   5.6201550e+00
   1.4088214e+03   4.5000000e+01   7.9000000e+01   5.4500000e+02   5.3000000e+01   2.6500000e+01   3.1142857e+01   1.0055556e+01   2.0000000e+00   7.0000000e+00   3.6000000e+01   5.5221239e+00
   1.2397174e+03   4.4000000e+01   5.9000000e+01   4.8200000e+02   5.1000000e+01   2.5500000e+01   2.7777778e+01   7.6969697e+00   2.0000000e+00   9.0000000e+00   3.3000000e+01   5.6534653e+00
   6.5905902e+01   3.0000000e+00   2.0000000e+00   1.7000000e+01   1.2000000e+01   6.0000000e+00   6.0000000e+00   0.0000000e+00   2.0000000e+00   1.0000000e+00   0.0000000e+00   5.6666667e+00
   6.5877751e+01   3.0000000e+00   2.0000000e+00   1.7000000e+01   1.3000000e+01   6.5000000e+00   5.0000000e+00   0.0000000e+00   2.0000000e+00   1.0000000e+00   0.0000000e+00   5.6666667e+00
   1.3577423e+03   4.1000000e+01   6.7000000e+01   4.9800000e+02   5.7000000e+01   2.8500000e+01   2.3111111e+01   1.0200000e+01   2.0000000e+00   9.0000000e+00   3.0000000e+01   5.8000000e+00
   6.5887004e+01   3.0000000e+00   2.0000000e+00   1.9000000e+01   1.4000000e+01   7.0000000e+00   6.0000000e+00   0.0000000e+00   2.0000000e+00   1.0000000e+00   0.0000000e+00   6.3333333e+00
   6.5914122e+01   3.0000000e+00   2.0000000e+00   1.3000000e+01   1.0000000e+01   5.0000000e+00   4.0000000e+00   0.0000000e+00   2.0000000e+00   1.0000000e+00   0.0000000e+00   4.3333333e+00
   1.2334610e+03   4.5000000e+01   7.4000000e+01   5.4000000e+02   5.1000000e+01   2.5500000e+01   3.2000000e+01   9.6111111e+00   2.0000000e+00   7.0000000e+00   3.6000000e+01   5.7102804e+00
   6.5903094e+01   3.0000000e+00   2.0000000e+00   1.7000000e+01   1.2000000e+01   6.0000000e+00   6.0000000e+00   0.0000000e+00   2.0000000e+00   1.0000000e+00   0.0000000e+00   5.6666667e+00
   1.2155385e+03   4.7000000e+01   7.2000000e+01   5.2200000e+02   5.1000000e+01   2.5500000e+01   3.0500000e+01   8.5675676e+00   2.0000000e+00   8.0000000e+00   3.7000000e+01   5.6605505e+00
   1.4352350e+03   4.6000000e+01   7.9000000e+01   5.4900000e+02   5.4000000e+01   2.7000000e+01   3.0250000e+01   9.4722222e+00   2.0000000e+00   8.0000000e+00   3.6000000e+01   5.6315789e+00
   6.5872992e+01   4.0000000e+00   2.0000000e+00   1.9000000e+01   1.2000000e+01   6.0000000e+00   4.0000000e+00   0.0000000e+00   2.0000000e+00   2.0000000e+00   0.0000000e+00   4.7500000e+00
   1.3571755e+03   4.9000000e+01   7.1000000e+01   5.5300000e+02   5.1000000e+01   2.5500000e+01   2.8300000e+01   8.2972973e+00   2.0000000e+00   1.0000000e+01   3.7000000e+01   5.7256637e+00
   1.4653661e+03   4.7000000e+01   7.5000000e+01   5.2400000e+02   5.0000000e+01   2.5000000e+01   3.0375000e+01   8.7297297e+00   2.0000000e+00   8.0000000e+00   3.7000000e+01   5.4912281e+00
   6.5888513e+01   3.0000000e+00   2.0000000e+00   1.3000000e+01   1.0000000e+01   5.0000000e+00   4.0000000e+00   0.0000000e+00   2.0000000e+00   1.0000000e+00   0.0000000e+00   4.3333333e+00
   1.3739437e+03   4.6000000e+01   8.2000000e+01   5.5300000e+02   5.1000000e+01   2.5500000e+01   2.9500000e+01   1.0083333e+01   2.0000000e+00   8.0000000e+00   3.6000000e+01   5.4513274e+00
   6.5901676e+01   3.0000000e+00   2.0000000e+00   1.9000000e+01   1.4000000e+01   7.0000000e+00   6.0000000e+00   0.0000000e+00   2.0000000e+00   1.0000000e+00   0.0000000e+00   6.3333333e+00
   6.5895917e+01   3.0000000e+00   2.0000000e+00   1.5000000e+01   1.2000000e+01   6.0000000e+00   4.0000000e+00   0.0000000e+00   2.0000000e+00   1.0000000e+00   0.0000000e+00   5.0000000e+00
   6.5911416e+01   3.0000000e+00   2.0000000e+00   1.7000000e+01   1.2000000e+01   6.0000000e+00   6.0000000e+00   0.0000000e+00   2.0000000e+00   1.0000000e+00   0.0000000e+00   5.6666667e+00
   6.5912774e+01   3.0000000e+00   2.0000000e+00   1.7000000e+01   1.2000000e+01   6.0000000e+00   6.0000000e+00   0.0000000e+00   2.0000000e+00   1.0000000e+00   0.0000000e+00   5.6666667e+00
   1.1605083e+03   3.5000000e+01   6.7000000e+01   4.9100000e+02   5.1000000e+01   2.5500000e+01   3.0500000e+01   1.2185185e+01   2.0000000e+00   6.0000000e+00   2.7000000e+01   5.8247423e+00
   6.5905902e+01   3.0000000e+00   2.0000000e+00   1.7000000e+01   1.2000000e+01   6.0000000e+00   6.0000000e+00   0.0000000e+00   2.0000000e+00   1.0000000e+00   0.0000000e+00   5.6666667e+00
   6.5882421e+01   3.0000000e+00   2.0000000e+00   1.7000000e+01   1.3000000e+01   6.5000000e+00   5.0000000e+00   0.0000000e+00   2.0000000e+00   1.0000000e+00   0.0000000e+00   5.6666667e+00
   1.3797326e+03   4.7000000e+01   7.2000000e+01   5.2300000e+02   5.3000000e+01   2.6500000e+01   2.8888889e+01   8.3055556e+00   2.0000000e+00   9.0000000e+00   3.6000000e+01   5.6160714e+00
   1.0363657e+03   3.5000000e+01   6.2000000e+01   4.3000000e+02   5.3000000e+01   2.6500000e+01   2.6285714e+01   1.0461538e+01   2.0000000e+00   7.0000000e+00   2.6000000e+01   5.7191011e+00
   6.5904502e+01   3.0000000e+00   2.0000000e+00   1.9000000e+01   1.3000000e+01   6.5000000e+00   7.0000000e+00   0.0000000e+00   2.0000000e+00   1.0000000e+00   0.0000000e+00   6.3333333e+00
   1.3957797e+03   4.4000000e+01   7.5000000e+01   5.2500000e+02   5.2000000e+01   2.6000000e+01   2.8250000e+01   9.8235294e+00   2.0000000e+00   8.0000000e+00   3.4000000e+01   5.6666667e+00
