   4.7080137e+02   2.0000000e+01   2.4000000e+01   2.9900000e+02   5.6000000e+01   2.8000000e+01   2.4000000e+01   1.0166667e+01   2.0000000e+00   6.0000000e+00   1.2000000e+01   7.8809524e+00
   1.8257592e+03   3.4000000e+01   5.6000000e+01   5.7100000e+02   6.2000000e+01   3.1000000e+01   3.1714286e+01   1.4200000e+01   2.0000000e+00   7.0000000e+00   2.5000000e+01   8.3793103e+00
   1.4532015e+03   2.8000000e+01   4.5000000e+01   4.6100000e+02   6.0000000e+01   3.0000000e+01   2.7571429e+01   1.3789474e+01   2.0000000e+00   7.0000000e+00   1.9000000e+01   8.2205882e+00
   1.6888769e+03   3.3000000e+01   5.5000000e+01   5.5900000e+02   5.6000000e+01   2.8000000e+01   3.6833333e+01   1.3760000e+01   2.0000000e+00   6.0000000e+00   2.5000000e+01   8.1785714e+00
   1.6887636e+03   3.6000000e+01   5.1000000e+01   5.3500000e+02   5.6000000e+01   2.8000000e+01   3.2428571e+01   1.1592593e+01   2.0000000e+00   7.0000000e+00   2.7000000e+01   8.0000000e+00
   1.1428291e+03   2.8000000e+01   3.6000000e+01   3.9600000e+02   5.5000000e+01   2.7500000e+01   2.6428571e+01   1.0684211e+01   2.0000000e+00   7.0000000e+00   1.9000000e+01   8.2666667e+00
   1.7071098e+03   2.9000000e+01   4.6000000e+01   4.4400000e+02   5.9000000e+01   2.9500000e+01   2.6428571e+01   1.2400000e+01   2.0000000e+00   7.0000000e+00   2.0000000e+01   7.7857143e+00
   1.4922643e+03   3.0000000e+01   4.9000000e+01   5.2000000e+02   6.0000000e+01   3.0000000e+01   3.0142857e+01   1.4428571e+01   2.0000000e+00   7.0000000e+00   2.1000000e+01   8.7162162e+00
   1.3805815e+03   3.5000000e+01   4.7000000e+01   5.6400000e+02   5.7000000e+01   2.8500000e+01   3.2125000e+01   1.1960000e+01   2.0000000e+00   8.0000000e+00   2.5000000e+01   8.9871795e+00
   1.9509826e+03   3.3000000e+01   5.1000000e+01   5.0600000e+02   5.2000000e+01   2.6000000e+01   3.2142857e+01   1.2250000e+01   2.0000000e+00   7.0000000e+00   2.4000000e+01   7.9250000e+00
   1.6410866e+03   3.1000000e+01   5.5000000e+01   5.5900000e+02   5.7000000e+01   2.8500000e+01   3.3571429e+01   1.5409091e+01   2.0000000e+00   7.0000000e+00   2.2000000e+01   8.5476190e+00
   1.9002511e+03   3.8000000e+01   5.6000000e+01   5.2700000e+02   6.0000000e+01   3.0000000e+01   3.1375000e+01   9.9642857e+00   2.0000000e+00   8.0000000e+00   2.8000000e+01   7.9325843e+00
   1.9261573e+03   3.3000000e+01   5.8000000e+01   6.1100000e+02   5.9000000e+01   2.9500000e+01   3.4571429e+01   1.5750000e+01   2.0000000e+00   7.0000000e+00   2.4000000e+01   8.5058824e+00
   1.6212641e+03   3.2000000e+01   5.1000000e+01   5.7900000e+02   5.5000000e+01   2.7500000e+01   2.9250000e+01   1.5681818e+01   2.0000000e+00   8.0000000e+00   2.2000000e+01   9.2368421e+00
   1.6482017e+03   3.3000000e+01   5.3000000e+01   5.5200000e+02   5.8000000e+01   2.9000000e+01   2.7111111e+01   1.4500000e+01   2.0000000e+00   9.0000000e+00   2.2000000e+01   8.3750000e+00
   1.4780395e+03   4.0000000e+01   5.1000000e+01   5.7000000e+02   5.7000000e+01   2.8500000e+01   2.9750000e+01   1.1100000e+01   2.0000000e+00   8.0000000e+00   3.0000000e+01   8.5238095e+00
   1.8102810e+03   2.9000000e+01   5.4000000e+01   5.5900000e+02   6.1000000e+01   3.0500000e+01   3.3571429e+01   1.6500000e+01   2.0000000e+00   7.0000000e+00   2.0000000e+01   8.9102564e+00
   1.6247558e+03   3.5000000e+01   4.9000000e+01   5.4200000e+02   5.3000000e+01   2.6500000e+01   2.9333333e+01   1.1708333e+01   2.0000000e+00   9.0000000e+00   2.4000000e+01   8.0759494e+00
   1.8928809e+03   3.7000000e+01   5.6000000e+01   5.5100000e+02   5.8000000e+01   2.9000000e+01   2.9750000e+01   1.2000000e+01   2.0000000e+00   8.0000000e+00   2.7000000e+01   8.1428571e+00
   1.4768692e+03   3.1000000e+01   4.9000000e+01   4.8200000e+02   5.6000000e+01   2.8000000e+01   2.6714286e+01   1.3181818e+01   2.0000000e+00   7.0000000e+00   2.2000000e+01   8.2602740e+00
   2.4591221e+03   4.2000000e+01   6.5000000e+01   5.4900000e+02   5.2000000e+01   2.6000000e+01   3.1000000e+01   1.0406250e+01   2.0000000e+00   8.0000000e+00   3.2000000e+01   7.1326531e+00
   1.6001789e+03   3.4000000e+01   5.4000000e+01   6.2300000e+02   5.9000000e+01   2.9500000e+01   3.4714286e+01   1.5320000e+01   2.0000000e+00   7.0000000e+00   2.5000000e+01   9.1744186e+00
   1.9122620e+03   3.2000000e+01   5.0000000e+01   5.0300000e+02   5.4000000e+01   2.7000000e+01   2.4888889e+01   1.3285714e+01   2.0000000e+00   9.0000000e+00   2.1000000e+01   7.7435897e+00
   1.4299941e+03   3.0000000e+01   4.7000000e+01   5.3300000e+02   6.1000000e+01   3.0500000e+01   3.7833333e+01   1.3636364e+01   2.0000000e+00   6.0000000e+00   2.2000000e+01   9.0704225e+00
   2.1147590e+03   3.8000000e+01   5.8000000e+01   5.7000000e+02   5.4000000e+01   2.7000000e+01   3.1125000e+01   1.1857143e+01   2.0000000e+00   8.0000000e+00   2.8000000e+01   8.1111111e+00
   1.5781632e+03   3.0000000e+01   5.3000000e+01   5.5700000e+02   5.9000000e+01   2.9500000e+01   3.3142857e+01   1.5428571e+01   2.0000000e+00   7.0000000e+00   2.1000000e+01   8.7922078e+00
   1.5124741e+03   3.3000000e+01   5.3000000e+01   5.8700000e+02   5.7000000e+01   2.8500000e+01   3.3500000e+01   1.3913043e+01   2.0000000e+00   8.0000000e+00   2.3000000e+01   9.2073171e+00
   9.1799552e+02   2.7000000e+01   4.0000000e+01   4.5000000e+02   5.8000000e+01   2.9000000e+01   3.1000000e+01   1.2555556e+01   2.0000000e+00   7.0000000e+00   1.8000000e+01   9.3770492e+00
   1.5952981e+03   3.3000000e+01   4.8000000e+01   5.2500000e+02   5.7000000e+01   2.8500000e+01   3.3714286e+01   1.1791667e+01   2.0000000e+00   7.0000000e+00   2.4000000e+01   8.2051282e+00
   1.6460778e+03   3.4000000e+01   5.7000000e+01   5.9300000e+02   5.9000000e+01   2.9500000e+01   3.5285714e+01   1.4040000e+01   2.0000000e+00   7.0000000e+00   2.5000000e+01   9.1744186e+00
   1.6445132e+03   3.5000000e+01   5.1000000e+01   5.0100000e+02   5.4000000e+01   2.7000000e+01   2.7428571e+01   1.1923077e+01   2.0000000e+00   7.0000000e+00   2.6000000e+01   7.8888889e+00
   1.6194408e+03   3.0000000e+01   5.5000000e+01   5.6100000e+02   5.7000000e+01   2.8500000e+01   3.4833333e+01   1.6363636e+01   2.0000000e+00   6.0000000e+00   2.2000000e+01   8.3209877e+00
   1.6866208e+03   3.1000000e+01   5.4000000e+01   5.3000000e+02   5.6000000e+01   2.8000000e+01   3.6833333e+01   1.3608696e+01   2.0000000e+00   6.0000000e+00   2.3000000e+01   8.0506329e+00
   1.4607735e+03   2.8000000e+01   4.8000000e+01   5.0500000e+02   5.9000000e+01   2.9500000e+01   2.8428571e+01   1.5684211e+01   2.0000000e+00   7.0000000e+00   1.9000000e+01   8.5753425e+00
   1.2773240e+03   3.0000000e+01   4.5000000e+01   5.0900000e+02   5.4000000e+01   2.7000000e+01   2.9428571e+01   1.4238095e+01   2.0000000e+00   7.0000000e+00   2.1000000e+01   9.0857143e+00
   2.0136122e+03   3.7000000e+01   5.9000000e+01   5.4100000e+02   5.3000000e+01   2.6500000e+01   3.2875000e+01   1.1037037e+01   2.0000000e+00   8.0000000e+00   2.7000000e+01   7.8478261e+00
   1.7050729e+03   3.3000000e+01   5.3000000e+01   5.4900000e+02   5.6000000e+01   2.8000000e+01   3.3571429e+01   1.3458333e+01   2.0000000e+00   7.0000000e+00   2.4000000e+01   8.1518987e+00
   1.7949633e+03   3.3000000e+01   5.4000000e+01   5.5200000e+02   5.8000000e+01   2.9000000e+01   2.8625000e+01   1.4130435e+01   2.0000000e+00   8.0000000e+00   2.3000000e+01   8.2619048e+00
   1.5772901e+03   3.5000000e+01   5.5000000e+01   5.8100000e+02   5.9000000e+01   2.9500000e+01   3.0555556e+01   1.3000000e+01   2.0000000e+00   9.0000000e+00   2.4000000e+01   8.9512195e+00
   1.3186229e+03   3.0000000e+01   3.8000000e+01   4.2700000e+02   5.5000000e+01   2.7500000e+01   2.6250000e+01   1.0100000e+01   2.0000000e+00   8.0000000e+00   2.0000000e+01   8.6507937e+00
   1.3314428e+03   3.3000000e+01   4.8000000e+01   5.6900000e+02   5.9000000e+01   2.9500000e+01   3.3285714e+01   1.3916667e+01   2.0000000e+00   7.0000000e+00   2.4000000e+01   9.4266667e+00
   2.1246088e+03   3.9000000e+01   5.8000000e+01   5.9700000e+02   5.5000000e+01   2.7500000e+01   3.2625000e+01   1.2137931e+01   2.0000000e+00   8.0000000e+00   2.9000000e+01   8.1428571e+00
   1.8836024e+03   4.0000000e+01   5.9000000e+01   6.0400000e+02   5.3000000e+01   2.6500000e+01   3.4714286e+01   1.2096774e+01   2.0000000e+00   7.0000000e+00   3.1000000e+01   8.4148936e+00
   1.6011845e+03   3.7000000e+01   5.3000000e+01   5.9700000e+02   5.5000000e+01   2.7500000e+01   3.1750000e+01   1.2740741e+01   2.0000000e+00   8.0000000e+00   2.7000000e+01   8.8095238e+00
   1.4929327e+03   2.9000000e+01   4.8000000e+01   5.3200000e+02   5.8000000e+01   2.9000000e+01   3.3428571e+01   1.4750000e+01   2.0000000e+00   7.0000000e+00   2.0000000e+01   9.1081081e+00
   1.9557026e+03   3.6000000e+01   6.1000000e+01   5.8300000e+02   5.9000000e+01   2.9500000e+01   3.1000000e+01   1.3962963e+01   2.0000000e+00   7.0000000e+00   2.7000000e+01   8.3333333e+00
   1.6797666e+03   3.2000000e+01   5.5000000e+01   6.1800000e+02   5.7000000e+01   2.8500000e+01   3.6714286e+01   1.6043478e+01   2.0000000e+00   7.0000000e+00   2.3000000e+01   8.5903614e+00
   1.5726657e+03   3.0000000e+01   4.6000000e+01   4.6800000e+02   5.6000000e+01   2.8000000e+01   3.1500000e+01   1.2636364e+01   2.0000000e+00   6.0000000e+00   2.2000000e+01   7.9178082e+00
   1.2439243e+03   3.0000000e+01   4.2000000e+01   4.5900000e+02   5.5000000e+01   2.7500000e+01   2.2777778e+01   1.3000000e+01   2.0000000e+00   9.0000000e+00   1.9000000e+01   8.8000000e+00
   1.4209315e+03   3.0000000e+01   5.4000000e+01   5.5600000e+02   5.6000000e+01   2.8000000e+01   3.8166667e+01   1.5136364e+01   2.0000000e+00   6.0000000e+00   2.2000000e+01   8.7532468e+00
   1.9195562e+03   3.8000000e+01   5.7000000e+01   5.6800000e+02   5.4000000e+01   2.7000000e+01   3.1444444e+01   1.1296296e+01   2.0000000e+00   9.0000000e+00   2.7000000e+01   8.2111111e+00
   1.6389319e+03   2.8000000e+01   5.4000000e+01   5.6500000e+02   5.9000000e+01   2.9500000e+01   3.3166667e+01   1.8500000e+01   2.0000000e+00   6.0000000e+00   2.0000000e+01   8.7564103e+00
   1.7898173e+03   3.4000000e+01   6.1000000e+01   6.5900000e+02   6.4000000e+01   3.2000000e+01   3.6857143e+01   1.6120000e+01   2.0000000e+00   7.0000000e+00   2.5000000e+01   8.9780220e+00
   1.8323262e+03   3.5000000e+01   5.9000000e+01   6.2400000e+02   5.8000000e+01   2.9000000e+01   3.4285714e+01   1.5038462e+01   2.0000000e+00   7.0000000e+00   2.6000000e+01   8.3820225e+00
   1.9158018e+03   3.6000000e+01   6.0000000e+01   5.6400000e+02   5.6000000e+01   2.8000000e+01   3.3857143e+01   1.2592593e+01   2.0000000e+00   7.0000000e+00   2.7000000e+01   7.7931034e+00
   1.7738163e+03   3.2000000e+01   5.5000000e+01   5.7000000e+02   5.7000000e+01   2.8500000e+01   3.4714286e+01   1.4478261e+01   2.0000000e+00   7.0000000e+00   2.3000000e+01   8.7647059e+00
   1.9006209e+03   3.4000000e+01   6.6000000e+01   6.4700000e+02   5.8000000e+01   2.9000000e+01   3.5571429e+01   1.6480000e+01   2.0000000e+00   7.0000000e+00   2.5000000e+01   8.2659574e+00
   1.6573921e+03   3.1000000e+01   5.3000000e+01   5.1200000e+02   5.7000000e+01   2.8500000e+01   2.6875000e+01   1.4142857e+01   2.0000000e+00   8.0000000e+00   2.1000000e+01   8.2236842e+00
   1.4862444e+03   3.2000000e+01   5.3000000e+01   5.6000000e+02   5.3000000e+01   2.6500000e+01   3.6500000e+01   1.4500000e+01   2.0000000e+00   6.0000000e+00   2.4000000e+01   8.9102564e+00
   1.6224356e+03   3.4000000e+01   5.5000000e+01   5.6200000e+02   6.1000000e+01   3.0500000e+01   3.4714286e+01   1.2880000e+01   2.0000000e+00   7.0000000e+00   2.5000000e+01   8.3604651e+00
   1.5901063e+03   3.0000000e+01   5.5000000e+01   5.6400000e+02   6.1000000e+01   3.0500000e+01   3.5571429e+01   1.5333333e+01   2.0000000e+00   7.0000000e+00   2.1000000e+01   8.6708861e+00
   1.7646636e+03   3.4000000e+01   6.0000000e+01   6.0000000e+02   5.7000000e+01   2.8500000e+01   3.5571429e+01   1.4560000e+01   2.0000000e+00   7.0000000e+00   2.5000000e+01   8.1818182e+00
   1.6831089e+03   3.0000000e+01   5.2000000e+01   5.5000000e+02   5.8000000e+01   2.9000000e+01   3.3142857e+01   1.5523810e+01   2.0000000e+00   7.0000000e+00   2.1000000e+01   8.3625000e+00
   1.6768666e+03   3.7000000e+01   4.8000000e+01   5.1800000e+02   5.4000000e+01   2.7000000e+01   2.9875000e+01   1.0518519e+01   2.0000000e+00   8.0000000e+00   2.7000000e+01   7.9375000e+00
   1.7251144e+03   3.5000000e+01   5.3000000e+01   5.4800000e+02   5.6000000e+01   2.8000000e+01   2.7875000e+01   1.3160000e+01   2.0000000e+00   8.0000000e+00   2.5000000e+01   8.3809524e+00
   1.8833225e+03   3.5000000e+01   5.4000000e+01   5.9900000e+02   5.4000000e+01   2.7000000e+01   3.4714286e+01   1.4153846e+01   2.0000000e+00   7.0000000e+00   2.6000000e+01   8.3953488e+00
   1.6684430e+03   3.3000000e+01   5.7000000e+01   5.6200000e+02   5.9000000e+01   2.9500000e+01   3.4571429e+01   1.3708333e+01   2.0000000e+00   7.0000000e+00   2.4000000e+01   8.2470588e+00
   1.7095673e+03   2.9000000e+01   5.5000000e+01   5.3900000e+02   5.7000000e+01   2.8500000e+01   3.5666667e+01   1.6523810e+01   2.0000000e+00   6.0000000e+00   2.1000000e+01   8.5125000e+00
   1.9008739e+03   3.8000000e+01   5.3000000e+01   5.0000000e+02   5.4000000e+01   2.7000000e+01   2.8714286e+01   1.0758621e+01   2.0000000e+00   7.0000000e+00   2.9000000e+01   7.3750000e+00
   1.4861832e+03   3.0000000e+01   4.9000000e+01   5.4500000e+02   5.5000000e+01   2.7500000e+01   3.2285714e+01   1.5238095e+01   2.0000000e+00   7.0000000e+00   2.1000000e+01   9.0675676e+00
   1.3394579e+03   3.0000000e+01   4.1000000e+01   4.3400000e+02   5.9000000e+01   2.9500000e+01   2.4714286e+01   1.1809524e+01   2.0000000e+00   7.0000000e+00   2.1000000e+01   8.1515152e+00
   1.6687170e+03   3.1000000e+01   5.3000000e+01   5.4500000e+02   6.0000000e+01   3.0000000e+01   3.0571429e+01   1.5045455e+01   2.0000000e+00   7.0000000e+00   2.2000000e+01   8.7088608e+00
   1.7252524e+03   3.4000000e+01   5.7000000e+01   5.6400000e+02   6.0000000e+01   3.0000000e+01   3.7333333e+01   1.3307692e+01   2.0000000e+00   6.0000000e+00   2.6000000e+01   8.2560976e+00
   1.9846668e+03   3.8000000e+01   6.0000000e+01   5.3200000e+02   5.3000000e+01   2.6500000e+01   3.1142857e+01   1.1310345e+01   2.0000000e+00   7.0000000e+00   2.9000000e+01   7.3478261e+00
   1.7139799e+03   3.6000000e+01   5.6000000e+01   5.9900000e+02   5.5000000e+01   2.7500000e+01   3.5285714e+01   1.3222222e+01   2.0000000e+00   7.0000000e+00   2.7000000e+01   8.6067416e+00
   1.5295571e+03   3.4000000e+01   4.8000000e+01   5.7800000e+02   5.8000000e+01   2.9000000e+01   3.1375000e+01   1.3708333e+01   2.0000000e+00   8.0000000e+00   2.4000000e+01   9.0886076e+00
   1.7041238e+03   2.6000000e+01   4.8000000e+01   4.2400000e+02   6.1000000e+01   3.0500000e+01   2.5142857e+01   1.3941176e+01   2.0000000e+00   7.0000000e+00   1.7000000e+01   7.6617647e+00
   1.7895737e+03   2.8000000e+01   5.0000000e+01   5.0400000e+02   6.2000000e+01   3.1000000e+01   3.1714286e+01   1.4684211e+01   2.0000000e+00   7.0000000e+00   1.9000000e+01   8.3733333e+00
   1.4314021e+03   3.8000000e+01   4.8000000e+01   5.0800000e+02   5.4000000e+01   2.7000000e+01   2.4800000e+01   1.0115385e+01   2.0000000e+00   1.0000000e+01   2.6000000e+01   8.0357143e+00
   1.6571078e+03   3.4000000e+01   5.4000000e+01   5.6600000e+02   5.9000000e+01   2.9500000e+01   3.1714286e+01   1.4000000e+01   2.0000000e+00   7.0000000e+00   2.5000000e+01   8.7261905e+00
   1.6362436e+03   3.0000000e+01   5.1000000e+01   5.4500000e+02   5.7000000e+01   2.8500000e+01   3.2000000e+01   1.5772727e+01   2.0000000e+00   6.0000000e+00   2.2000000e+01   8.3766234e+00
   2.0066646e+03   3.5000000e+01   5.7000000e+01   5.4200000e+02   5.7000000e+01   2.8500000e+01   2.7125000e+01   1.3320000e+01   2.0000000e+00   8.0000000e+00   2.5000000e+01   7.7209302e+00
   1.3244360e+03   2.9000000e+01   4.9000000e+01   5.4100000e+02   6.4000000e+01   3.2000000e+01   3.8166667e+01   1.4809524e+01   2.0000000e+00   6.0000000e+00   2.1000000e+01   9.1486486e+00
   1.7527416e+03   3.3000000e+01   5.8000000e+01   5.4800000e+02   5.7000000e+01   2.8500000e+01   3.2500000e+01   1.3130435e+01   2.0000000e+00   8.0000000e+00   2.3000000e+01   8.2195122e+00
   1.7003181e+03   3.7000000e+01   5.6000000e+01   5.9100000e+02   5.7000000e+01   2.8500000e+01   3.0375000e+01   1.3074074e+01   2.0000000e+00   8.0000000e+00   2.7000000e+01   8.6321839e+00
   1.6821749e+03   3.3000000e+01   5.5000000e+01   5.5700000e+02   5.6000000e+01   2.8000000e+01   3.7666667e+01   1.3360000e+01   2.0000000e+00   6.0000000e+00   2.5000000e+01   8.4125000e+00
   1.6650011e+03   2.9000000e+01   5.2000000e+01   5.0200000e+02   5.6000000e+01   2.8000000e+01   3.2333333e+01   1.4761905e+01   2.0000000e+00   6.0000000e+00   2.1000000e+01   8.1052632e+00
   1.3063734e+03   3.1000000e+01   4.5000000e+01   5.4400000e+02   6.0000000e+01   3.0000000e+01   3.0166667e+01   1.5478261e+01   2.0000000e+00   6.0000000e+00   2.3000000e+01   9.7500000e+00
   1.5199184e+03   3.8000000e+01   5.3000000e+01   5.9800000e+02   5.7000000e+01   2.8500000e+01   3.2666667e+01   1.1407407e+01   2.0000000e+00   9.0000000e+00   2.7000000e+01   9.1609195e+00
   1.7401778e+03   3.9000000e+01   5.4000000e+01   5.5900000e+02   5.1000000e+01   2.5500000e+01   2.9750000e+01   1.1689655e+01   2.0000000e+00   8.0000000e+00   2.9000000e+01   8.3181818e+00
   1.6331851e+03   3.2000000e+01   4.8000000e+01   4.9000000e+02   6.2000000e+01   3.1000000e+01   3.2142857e+01   1.1217391e+01   2.0000000e+00   7.0000000e+00   2.3000000e+01   7.8133333e+00
   1.5791082e+03   3.2000000e+01   4.9000000e+01   5.2600000e+02   5.9000000e+01   2.9500000e+01   3.1285714e+01   1.3260870e+01   2.0000000e+00   7.0000000e+00   2.3000000e+01   8.7922078e+00
   1.5829251e+03   3.2000000e+01   5.0000000e+01   5.1800000e+02   6.1000000e+01   3.0500000e+01   3.0142857e+01   1.3043478e+01   2.0000000e+00   7.0000000e+00   2.3000000e+01   8.3376623e+00
   1.6482408e+03   3.7000000e+01   5.3000000e+01   5.1300000e+02   5.2000000e+01   2.6000000e+01   3.0250000e+01   1.0444444e+01   2.0000000e+00   8.0000000e+00   2.7000000e+01   8.1851852e+00
   1.7172934e+03   3.9000000e+01   5.5000000e+01   5.6700000e+02   5.2000000e+01   2.6000000e+01   2.9111111e+01   1.1678571e+01   2.0000000e+00   9.0000000e+00   2.8000000e+01   8.4659091e+00
   1.9121238e+03   3.6000000e+01   6.2000000e+01   5.9100000e+02   5.8000000e+01   2.9000000e+01   3.3571429e+01   1.3925926e+01   2.0000000e+00   7.0000000e+00   2.7000000e+01   8.4111111e+00
   1.6343894e+03   3.0000000e+01   5.5000000e+01   5.8700000e+02   6.3000000e+01   3.1500000e+01   3.6666667e+01   1.6318182e+01   2.0000000e+00   6.0000000e+00   2.2000000e+01   8.7710843e+00
   1.7272241e+03   2.8000000e+01   5.2000000e+01   5.2400000e+02   5.6000000e+01   2.8000000e+01   3.2333333e+01   1.6750000e+01   2.0000000e+00   6.0000000e+00   2.0000000e+01   8.5000000e+00
   1.6274098e+03   3.2000000e+01   4.9000000e+01   5.0900000e+02   5.8000000e+01   2.9000000e+01   3.6500000e+01   1.2208333e+01   2.0000000e+00   6.0000000e+00   2.4000000e+01   8.4210526e+00
   1.2571927e+03   1.6000000e+01   4.1000000e+01   3.8200000e+02   5.3000000e+01   6.0000000e+00   5.0000000e+01   2.6083333e+01   2.0000000e+00   2.0000000e+00   1.2000000e+01   8.2075472e+00
