   1.8566258e+04
   1.7491834e+04
   1.6339621e+04
   1.8580118e+04
   1.9599271e+04
   1.4523147e+04
   1.5910870e+04
   1.1267633e+04
   1.3095830e+04
   1.4876712e+04
   1.8548295e+04
   1.8477836e+04
   1.6003433e+04
   1.4931685e+04
   1.2418213e+04
   1.7727028e+04
   1.3013924e+04
   1.5055080e+04
   2.0383240e+04
   1.6748519e+04
   1.5895716e+04
   1.6370501e+04
   1.6181196e+04
   2.0554845e+04
   1.4062568e+04
   1.5037791e+04
   1.8212188e+04
   1.5282055e+04
   1.6590708e+04
   1.4698552e+04
