   3.6000000e+01   2.0000000e+00   1.0000000e+00   1.2000000e+01   1.2000000e+01   6.0000000e+00   0.0000000e+00   0.0000000e+00   2.0000000e+00   0.0000000e+00   0.0000000e+00   1.2000000e+01
   1.2739164e+03   2.6000000e+01   4.5000000e+01   5.9600000e+02   6.3000000e+01   3.1500000e+01   3.8833333e+01   1.9277778e+01   2.0000000e+00   6.0000000e+00   1.8000000e+01   1.0735294e+01
   1.2357640e+03   2.3000000e+01   3.4000000e+01   5.0100000e+02   6.4000000e+01   3.2000000e+01   3.2000000e+01   1.8733333e+01   2.0000000e+00   6.0000000e+00   1.5000000e+01   1.1222222e+01
   1.1029486e+03   2.9000000e+01   4.3000000e+01   5.6400000e+02   5.7000000e+01   2.8500000e+01   3.2714286e+01   1.6200000e+01   2.0000000e+00   7.0000000e+00   2.0000000e+01   1.1031250e+01
   8.0309942e+02   2.4000000e+01   3.1000000e+01   4.9700000e+02   6.7000000e+01   3.3500000e+01   3.0142857e+01   1.7066667e+01   2.0000000e+00   7.0000000e+00   1.5000000e+01   1.2000000e+01
   1.3802898e+03   2.9000000e+01   4.2000000e+01   5.4600000e+02   5.9000000e+01   2.9500000e+01   3.4333333e+01   1.5857143e+01   2.0000000e+00   6.0000000e+00   2.1000000e+01   1.0333333e+01
   1.3313063e+03   2.3000000e+01   4.0000000e+01   5.0900000e+02   6.7000000e+01   3.3500000e+01   3.5800000e+01   1.9062500e+01   2.0000000e+00   5.0000000e+00   1.6000000e+01   1.0666667e+01
   1.4224587e+03   3.2000000e+01   4.3000000e+01   6.4600000e+02   6.0000000e+01   3.0000000e+01   3.9500000e+01   1.6666667e+01   2.0000000e+00   6.0000000e+00   2.4000000e+01   1.1287671e+01
   1.6046452e+03   2.5000000e+01   4.7000000e+01   5.8900000e+02   6.2000000e+01   3.1000000e+01   3.8666667e+01   2.0588235e+01   2.0000000e+00   6.0000000e+00   1.7000000e+01   1.0956522e+01
   1.1944690e+03   2.1000000e+01   3.3000000e+01   4.5000000e+02   6.4000000e+01   3.2000000e+01   3.3600000e+01   1.8428571e+01   2.0000000e+00   5.0000000e+00   1.4000000e+01   1.0980000e+01
   1.6212680e+03   2.4000000e+01   4.1000000e+01   5.6000000e+02   6.2000000e+01   3.1000000e+01   4.1600000e+01   1.9823529e+01   2.0000000e+00   5.0000000e+00   1.7000000e+01   1.0754098e+01
   1.2239427e+03   3.0000000e+01   3.9000000e+01   5.9800000e+02   5.9000000e+01   2.9500000e+01   4.0500000e+01   1.6136364e+01   2.0000000e+00   6.0000000e+00   2.2000000e+01   1.1363636e+01
   1.2362744e+03   2.7000000e+01   3.8000000e+01   5.4700000e+02   6.5000000e+01   3.2500000e+01   3.8333333e+01   1.5526316e+01   2.0000000e+00   6.0000000e+00   1.9000000e+01   1.0919355e+01
   1.1042471e+03   2.7000000e+01   3.8000000e+01   5.5300000e+02   6.1000000e+01   3.0500000e+01   3.7142857e+01   1.5888889e+01   2.0000000e+00   7.0000000e+00   1.8000000e+01   1.1327869e+01
   1.1933548e+03   2.9000000e+01   3.9000000e+01   5.0200000e+02   6.1000000e+01   3.0500000e+01   2.7250000e+01   1.4052632e+01   2.0000000e+00   8.0000000e+00   1.9000000e+01   1.0859375e+01
   1.7623881e+03   2.8000000e+01   5.0000000e+01   6.3700000e+02   6.6000000e+01   3.3000000e+01   4.2000000e+01   1.9857143e+01   2.0000000e+00   5.0000000e+00   2.1000000e+01   1.0434211e+01
   1.2615861e+03   2.5000000e+01   4.2000000e+01   5.6900000e+02   6.7000000e+01   3.3500000e+01   3.8200000e+01   1.9777778e+01   2.0000000e+00   5.0000000e+00   1.8000000e+01   1.1098361e+01
   1.5844106e+03   2.8000000e+01   4.3000000e+01   5.8700000e+02   6.4000000e+01   3.2000000e+01   3.9166667e+01   1.6950000e+01   2.0000000e+00   6.0000000e+00   2.0000000e+01   1.1132353e+01
   1.4582544e+03   2.2000000e+01   4.0000000e+01   5.3900000e+02   6.4000000e+01   3.2000000e+01   3.9200000e+01   2.1333333e+01   2.0000000e+00   5.0000000e+00   1.5000000e+01   1.0736842e+01
   1.3363982e+03   2.5000000e+01   3.5000000e+01   5.1000000e+02   6.4000000e+01   3.2000000e+01   3.1714286e+01   1.6437500e+01   2.0000000e+00   7.0000000e+00   1.6000000e+01   1.0732143e+01
   1.5193919e+03   2.6000000e+01   4.0000000e+01   5.5200000e+02   5.9000000e+01   2.9500000e+01   4.1333333e+01   1.5944444e+01   2.0000000e+00   6.0000000e+00   1.8000000e+01   1.0580645e+01
   8.6051305e+02   2.9000000e+01   3.4000000e+01   5.3400000e+02   6.4000000e+01   3.2000000e+01   3.3125000e+01   1.2894737e+01   2.0000000e+00   8.0000000e+00   1.9000000e+01   1.1810345e+01
   1.2190152e+03   2.4000000e+01   3.7000000e+01   5.9800000e+02   6.9000000e+01   3.4500000e+01   4.2000000e+01   2.1294118e+01   2.0000000e+00   5.0000000e+00   1.7000000e+01   1.1754386e+01
   1.3682287e+03   3.0000000e+01   4.2000000e+01   6.2900000e+02   6.2000000e+01   3.1000000e+01   3.8666667e+01   1.7454545e+01   2.0000000e+00   6.0000000e+00   2.2000000e+01   1.0855072e+01
   1.2540573e+03   2.5000000e+01   3.7000000e+01   5.4100000e+02   6.3000000e+01   3.1500000e+01   4.1200000e+01   1.7333333e+01   2.0000000e+00   5.0000000e+00   1.8000000e+01   1.1103448e+01
   1.2693052e+03   2.8000000e+01   4.2000000e+01   5.8400000e+02   6.7000000e+01   3.3500000e+01   4.1333333e+01   1.5900000e+01   2.0000000e+00   6.0000000e+00   2.0000000e+01   1.1107692e+01
   1.2160559e+03   2.4000000e+01   4.2000000e+01   5.6800000e+02   7.2000000e+01   3.6000000e+01   4.1400000e+01   1.9764706e+01   2.0000000e+00   5.0000000e+00   1.7000000e+01   1.1311475e+01
   1.2353322e+03   2.2000000e+01   3.6000000e+01   4.4300000e+02   6.2000000e+01   3.1000000e+01   3.1333333e+01   1.6714286e+01   2.0000000e+00   6.0000000e+00   1.4000000e+01   9.8727273e+00
   1.1053726e+03   2.0000000e+01   3.2000000e+01   4.1000000e+02   6.7000000e+01   3.3500000e+01   2.7800000e+01   1.8461538e+01   2.0000000e+00   5.0000000e+00   1.3000000e+01   1.0595745e+01
   1.1923098e+03   2.2000000e+01   4.4000000e+01   6.1800000e+02   6.8000000e+01   3.4000000e+01   4.2200000e+01   2.5866667e+01   2.0000000e+00   5.0000000e+00   1.5000000e+01   1.1301587e+01
   1.5526964e+03   2.8000000e+01   4.2000000e+01   5.3700000e+02   6.3000000e+01   3.1500000e+01   3.8833333e+01   1.4950000e+01   2.0000000e+00   6.0000000e+00   2.0000000e+01   1.0107692e+01
   1.2657066e+03   2.3000000e+01   3.9000000e+01   5.5300000e+02   6.6000000e+01   3.3000000e+01   4.3400000e+01   1.9500000e+01   2.0000000e+00   5.0000000e+00   1.6000000e+01   1.0982759e+01
   1.4643861e+03   2.0000000e+01   4.0000000e+01   5.1900000e+02   6.2000000e+01   3.1000000e+01   4.3250000e+01   2.3714286e+01   2.0000000e+00   4.0000000e+00   1.4000000e+01   1.0722222e+01
   1.1645733e+03   2.2000000e+01   3.3000000e+01   4.8500000e+02   6.1000000e+01   3.0500000e+01   3.5333333e+01   1.8000000e+01   2.0000000e+00   6.0000000e+00   1.4000000e+01   1.1313725e+01
   1.4292132e+03   2.1000000e+01   3.8000000e+01   5.0300000e+02   6.7000000e+01   3.3500000e+01   2.8857143e+01   2.2750000e+01   2.0000000e+00   7.0000000e+00   1.2000000e+01   1.0654545e+01
   1.0941489e+03   2.3000000e+01   3.9000000e+01   5.5300000e+02   6.9000000e+01   3.4500000e+01   3.6400000e+01   2.1312500e+01   2.0000000e+00   5.0000000e+00   1.6000000e+01   1.1576271e+01
   1.4448347e+03   2.4000000e+01   4.8000000e+01   6.0400000e+02   6.6000000e+01   3.3000000e+01   4.3200000e+01   2.2058824e+01   2.0000000e+00   5.0000000e+00   1.7000000e+01   1.0298507e+01
   1.5848904e+03   2.5000000e+01   4.7000000e+01   5.5900000e+02   6.4000000e+01   3.2000000e+01   4.5400000e+01   1.7888889e+01   2.0000000e+00   5.0000000e+00   1.8000000e+01   1.0382353e+01
   1.4560914e+03   2.7000000e+01   4.0000000e+01   5.6500000e+02   6.0000000e+01   3.0000000e+01   4.2800000e+01   1.7300000e+01   2.0000000e+00   5.0000000e+00   2.0000000e+01   1.0761905e+01
   1.6793604e+03   2.5000000e+01   4.9000000e+01   6.2200000e+02   6.3000000e+01   3.1500000e+01   4.2833333e+01   2.0764706e+01   2.0000000e+00   6.0000000e+00   1.7000000e+01   1.0779412e+01
   1.4239844e+03   2.2000000e+01   3.8000000e+01   5.3400000e+02   6.2000000e+01   3.1000000e+01   3.7600000e+01   2.1666667e+01   2.0000000e+00   5.0000000e+00   1.5000000e+01   1.0982456e+01
   0.0000000e+00   0.0000000e+00   0.0000000e+00   0.0000000e+00   0.0000000e+00   0.0000000e+00   0.0000000e+00   0.0000000e+00   0.0000000e+00   0.0000000e+00   0.0000000e+00   0.0000000e+00
   0.0000000e+00   0.0000000e+00   0.0000000e+00   0.0000000e+00   0.0000000e+00   0.0000000e+00   0.0000000e+00   0.0000000e+00   0.0000000e+00   0.0000000e+00   0.0000000e+00   0.0000000e+00
   0.0000000e+00   0.0000000e+00   0.0000000e+00   0.0000000e+00   0.0000000e+00   0.0000000e+00   0.0000000e+00   0.0000000e+00   0.0000000e+00   0.0000000e+00   0.0000000e+00   0.0000000e+00
   0.0000000e+00   0.0000000e+00   0.0000000e+00   0.0000000e+00   0.0000000e+00   0.0000000e+00   0.0000000e+00   0.0000000e+00   0.0000000e+00   0.0000000e+00   0.0000000e+00   0.0000000e+00
   0.0000000e+00   0.0000000e+00   0.0000000e+00   0.0000000e+00   0.0000000e+00   0.0000000e+00   0.0000000e+00   0.0000000e+00   0.0000000e+00   0.0000000e+00   0.0000000e+00   0.0000000e+00
   0.0000000e+00   0.0000000e+00   0.0000000e+00   0.0000000e+00   0.0000000e+00   0.0000000e+00   0.0000000e+00   0.0000000e+00   0.0000000e+00   0.0000000e+00   0.0000000e+00   0.0000000e+00
   0.0000000e+00   0.0000000e+00   0.0000000e+00   0.0000000e+00   0.0000000e+00   0.0000000e+00   0.0000000e+00   0.0000000e+00   0.0000000e+00   0.0000000e+00   0.0000000e+00   0.0000000e+00
   0.0000000e+00   0.0000000e+00   0.0000000e+00   0.0000000e+00   0.0000000e+00   0.0000000e+00   0.0000000e+00   0.0000000e+00   0.0000000e+00   0.0000000e+00   0.0000000e+00   0.0000000e+00
   0.0000000e+00   0.0000000e+00   0.0000000e+00   0.0000000e+00   0.0000000e+00   0.0000000e+00   0.0000000e+00   0.0000000e+00   0.0000000e+00   0.0000000e+00   0.0000000e+00   0.0000000e+00
   0.0000000e+00   0.0000000e+00   0.0000000e+00   0.0000000e+00   0.0000000e+00   0.0000000e+00   0.0000000e+00   0.0000000e+00   0.0000000e+00   0.0000000e+00   0.0000000e+00   0.0000000e+00
   0.0000000e+00   0.0000000e+00   0.0000000e+00   0.0000000e+00   0.0000000e+00   0.0000000e+00   0.0000000e+00   0.0000000e+00   0.0000000e+00   0.0000000e+00   0.0000000e+00   0.0000000e+00
   0.0000000e+00   0.0000000e+00   0.0000000e+00   0.0000000e+00   0.0000000e+00   0.0000000e+00   0.0000000e+00   0.0000000e+00   0.0000000e+00   0.0000000e+00   0.0000000e+00   0.0000000e+00
   0.0000000e+00   0.0000000e+00   0.0000000e+00   0.0000000e+00   0.0000000e+00   0.0000000e+00   0.0000000e+00   0.0000000e+00   0.0000000e+00   0.0000000e+00   0.0000000e+00   0.0000000e+00
   0.0000000e+00   0.0000000e+00   0.0000000e+00   0.0000000e+00   0.0000000e+00   0.0000000e+00   0.0000000e+00   0.0000000e+00   0.0000000e+00   0.0000000e+00   0.0000000e+00   0.0000000e+00
   0.0000000e+00   0.0000000e+00   0.0000000e+00   0.0000000e+00   0.0000000e+00   0.0000000e+00   0.0000000e+00   0.0000000e+00   0.0000000e+00   0.0000000e+00   0.0000000e+00   0.0000000e+00
   0.0000000e+00   0.0000000e+00   0.0000000e+00   0.0000000e+00   0.0000000e+00   0.0000000e+00   0.0000000e+00   0.0000000e+00   0.0000000e+00   0.0000000e+00   0.0000000e+00   0.0000000e+00
   0.0000000e+00   0.0000000e+00   0.0000000e+00   0.0000000e+00   0.0000000e+00   0.0000000e+00   0.0000000e+00   0.0000000e+00   0.0000000e+00   0.0000000e+00   0.0000000e+00   0.0000000e+00
   0.0000000e+00   0.0000000e+00   0.0000000e+00   0.0000000e+00   0.0000000e+00   0.0000000e+00   0.0000000e+00   0.0000000e+00   0.0000000e+00   0.0000000e+00   0.0000000e+00   0.0000000e+00
   0.0000000e+00   0.0000000e+00   0.0000000e+00   0.0000000e+00   0.0000000e+00   0.0000000e+00   0.0000000e+00   0.0000000e+00   0.0000000e+00   0.0000000e+00   0.0000000e+00   0.0000000e+00
   0.0000000e+00   0.0000000e+00   0.0000000e+00   0.0000000e+00   0.0000000e+00   0.0000000e+00   0.0000000e+00   0.0000000e+00   0.0000000e+00   0.0000000e+00   0.0000000e+00   0.0000000e+00
   0.0000000e+00   0.0000000e+00   0.0000000e+00   0.0000000e+00   0.0000000e+00   0.0000000e+00   0.0000000e+00   0.0000000e+00   0.0000000e+00   0.0000000e+00   0.0000000e+00   0.0000000e+00
   0.0000000e+00   0.0000000e+00   0.0000000e+00   0.0000000e+00   0.0000000e+00   0.0000000e+00   0.0000000e+00   0.0000000e+00   0.0000000e+00   0.0000000e+00   0.0000000e+00   0.0000000e+00
   0.0000000e+00   0.0000000e+00   0.0000000e+00   0.0000000e+00   0.0000000e+00   0.0000000e+00   0.0000000e+00   0.0000000e+00   0.0000000e+00   0.0000000e+00   0.0000000e+00   0.0000000e+00
   3.6000000e+01   2.0000000e+00   1.0000000e+00   9.0000000e+00   9.0000000e+00   4.5000000e+00   0.0000000e+00   0.0000000e+00   2.0000000e+00   0.0000000e+00   0.0000000e+00   9.0000000e+00
   1.0785191e+03   2.9000000e+01   3.5000000e+01   5.4600000e+02   5.9000000e+01   2.9500000e+01   2.9250000e+01   1.5315789e+01   2.0000000e+00   8.0000000e+00   1.9000000e+01   1.0916667e+01
   1.3176295e+03   2.6000000e+01   4.5000000e+01   5.9000000e+02   6.3000000e+01   3.1500000e+01   4.0333333e+01   1.8666667e+01   2.0000000e+00   6.0000000e+00   1.8000000e+01   1.0878788e+01
   1.4856436e+03   2.6000000e+01   4.2000000e+01   5.9000000e+02   6.2000000e+01   3.1000000e+01   3.7166667e+01   1.9722222e+01   2.0000000e+00   6.0000000e+00   1.8000000e+01   1.0875000e+01
   1.1519061e+03   2.9000000e+01   3.9000000e+01   5.3000000e+02   5.9000000e+01   2.9500000e+01   3.6000000e+01   1.4476190e+01   2.0000000e+00   6.0000000e+00   2.1000000e+01   1.0338710e+01
   1.1121880e+03   2.3000000e+01   3.4000000e+01   4.9000000e+02   6.4000000e+01   3.2000000e+01   3.4500000e+01   1.7400000e+01   2.0000000e+00   6.0000000e+00   1.5000000e+01   1.1000000e+01
   1.3529777e+03   2.3000000e+01   4.0000000e+01   5.1800000e+02   6.3000000e+01   3.1500000e+01   3.4000000e+01   1.9600000e+01   2.0000000e+00   6.0000000e+00   1.5000000e+01   1.0948276e+01
   1.2902623e+03   2.5000000e+01   3.5000000e+01   5.7600000e+02   6.2000000e+01   3.1000000e+01   3.9833333e+01   1.8470588e+01   2.0000000e+00   6.0000000e+00   1.7000000e+01   1.1362069e+01
   1.0448752e+03   2.5000000e+01   3.7000000e+01   5.4900000e+02   6.5000000e+01   3.2500000e+01   3.2714286e+01   1.8562500e+01   2.0000000e+00   7.0000000e+00   1.6000000e+01   1.0783333e+01
   1.2190107e+03   3.0000000e+01   4.0000000e+01   5.7100000e+02   6.2000000e+01   3.1000000e+01   3.8800000e+01   1.6000000e+01   2.0000000e+00   5.0000000e+00   2.3000000e+01   1.0626866e+01
   1.2673963e+03   2.8000000e+01   3.6000000e+01   5.0900000e+02   6.3000000e+01   3.1500000e+01   3.0250000e+01   1.3944444e+01   2.0000000e+00   8.0000000e+00   1.8000000e+01   1.0241935e+01
   1.7214906e+03   3.0000000e+01   3.9000000e+01   5.4000000e+02   5.8000000e+01   2.9000000e+01   3.4571429e+01   1.3714286e+01   2.0000000e+00   7.0000000e+00   2.1000000e+01   1.0439394e+01
   1.3709969e+03   2.7000000e+01   4.6000000e+01   5.9900000e+02   6.5000000e+01   3.2500000e+01   3.5285714e+01   1.9111111e+01   2.0000000e+00   7.0000000e+00   1.8000000e+01   1.0463768e+01
   9.4020212e+02   2.4000000e+01   3.1000000e+01   4.5500000e+02   6.1000000e+01   3.0500000e+01   2.9666667e+01   1.6000000e+01   2.0000000e+00   6.0000000e+00   1.6000000e+01   1.1283019e+01
   1.5865645e+03   2.9000000e+01   4.3000000e+01   5.5400000e+02   6.0000000e+01   3.0000000e+01   3.6333333e+01   1.5428571e+01   2.0000000e+00   6.0000000e+00   2.1000000e+01   1.0362319e+01
   1.4723836e+03   2.5000000e+01   4.3000000e+01   5.6600000e+02   6.2000000e+01   3.1000000e+01   3.9333333e+01   1.8823529e+01   2.0000000e+00   6.0000000e+00   1.7000000e+01   1.0909091e+01
   9.8576178e+02   2.7000000e+01   3.3000000e+01   4.9600000e+02   6.3000000e+01   3.1500000e+01   2.6500000e+01   1.5352941e+01   2.0000000e+00   8.0000000e+00   1.7000000e+01   1.1351852e+01
   1.1932975e+03   3.0000000e+01   3.9000000e+01   5.9200000e+02   5.7000000e+01   2.8500000e+01   3.7666667e+01   1.6590909e+01   2.0000000e+00   6.0000000e+00   2.2000000e+01   1.1246154e+01
   1.4323302e+03   2.4000000e+01   4.3000000e+01   5.5200000e+02   7.0000000e+01   3.5000000e+01   3.8200000e+01   2.0058824e+01   2.0000000e+00   5.0000000e+00   1.7000000e+01   1.0901639e+01
   1.1191880e+03   2.0000000e+01   3.7000000e+01   5.5000000e+02   5.8000000e+01   2.9000000e+01   4.9000000e+01   2.3928571e+01   2.0000000e+00   4.0000000e+00   1.4000000e+01   1.1436364e+01
   1.4489232e+03   2.4000000e+01   4.2000000e+01   5.2600000e+02   6.4000000e+01   3.2000000e+01   4.0200000e+01   1.8176471e+01   2.0000000e+00   5.0000000e+00   1.7000000e+01   1.0483871e+01
   1.1673110e+03   2.8000000e+01   4.1000000e+01   5.7500000e+02   6.7000000e+01   3.3500000e+01   3.2285714e+01   1.7473684e+01   2.0000000e+00   7.0000000e+00   1.9000000e+01   1.1107692e+01
   1.0443447e+03   1.9000000e+01   3.1000000e+01   4.5300000e+02   6.8000000e+01   3.4000000e+01   2.4666667e+01   2.4363636e+01   2.0000000e+00   6.0000000e+00   1.1000000e+01   1.0770833e+01
   1.5803120e+03   3.0000000e+01   4.7000000e+01   6.5700000e+02   6.4000000e+01   3.2000000e+01   3.7714286e+01   1.8333333e+01   2.0000000e+00   7.0000000e+00   2.1000000e+01   1.1148649e+01
   1.4156489e+03   3.1000000e+01   4.1000000e+01   5.9600000e+02   6.1000000e+01   3.0500000e+01   3.9000000e+01   1.5304348e+01   2.0000000e+00   6.0000000e+00   2.3000000e+01   1.1217391e+01
   1.2585219e+03   2.7000000e+01   3.9000000e+01   5.2900000e+02   6.3000000e+01   3.1500000e+01   3.4833333e+01   1.5684211e+01   2.0000000e+00   6.0000000e+00   1.9000000e+01   1.0852459e+01
   1.3468185e+03   2.3000000e+01   4.3000000e+01   6.4000000e+02   6.6000000e+01   3.3000000e+01   4.7600000e+01   2.3875000e+01   2.0000000e+00   5.0000000e+00   1.6000000e+01   1.1682540e+01
   1.2261173e+03   2.7000000e+01   4.3000000e+01   5.6600000e+02   6.5000000e+01   3.2500000e+01   3.4000000e+01   1.7333333e+01   2.0000000e+00   7.0000000e+00   1.8000000e+01   1.0823529e+01
   1.1765011e+03   2.3000000e+01   4.0000000e+01   5.5500000e+02   6.9000000e+01   3.4500000e+01   3.4333333e+01   2.1400000e+01   2.0000000e+00   6.0000000e+00   1.5000000e+01   1.0983333e+01
   9.8002132e+02   2.4000000e+01   3.2000000e+01   5.0200000e+02   6.7000000e+01   3.3500000e+01   3.4000000e+01   1.6562500e+01   2.0000000e+00   6.0000000e+00   1.6000000e+01   1.1882353e+01
   1.5284067e+03   2.6000000e+01   4.3000000e+01   5.7900000e+02   6.5000000e+01   3.2500000e+01   3.7166667e+01   1.9444444e+01   2.0000000e+00   6.0000000e+00   1.8000000e+01   1.1047619e+01
   1.3224114e+03   2.3000000e+01   4.3000000e+01   5.6600000e+02   7.0000000e+01   3.5000000e+01   4.0400000e+01   2.1750000e+01   2.0000000e+00   5.0000000e+00   1.6000000e+01   1.1064516e+01
   1.3461880e+03   2.7000000e+01   4.4000000e+01   5.9800000e+02   6.3000000e+01   3.1500000e+01   3.8500000e+01   1.8578947e+01   2.0000000e+00   6.0000000e+00   1.9000000e+01   1.1000000e+01
   1.7597880e+03   2.6000000e+01   4.4000000e+01   6.2700000e+02   5.7000000e+01   2.8500000e+01   4.1000000e+01   2.0944444e+01   2.0000000e+00   6.0000000e+00   1.8000000e+01   1.0970149e+01
   9.6748409e+02   2.5000000e+01   3.7000000e+01   5.6600000e+02   6.7000000e+01   3.3500000e+01   3.9500000e+01   1.8294118e+01   2.0000000e+00   6.0000000e+00   1.7000000e+01   1.1586207e+01
   1.1334396e+03   2.6000000e+01   4.2000000e+01   6.0300000e+02   6.2000000e+01   3.1000000e+01   4.3333333e+01   1.8222222e+01   2.0000000e+00   6.0000000e+00   1.8000000e+01   1.1515625e+01
