   1.3970566e+03   4.4000000e+01   7.2000000e+01   5.3700000e+02   5.2000000e+01   2.6000000e+01   2.8111111e+01   9.6969697e+00   2.0000000e+00   9.0000000e+00   3.3000000e+01   5.9537037e+00
   1.7336929e+03   4.4000000e+01   7.0000000e+01   5.9000000e+02   5.3000000e+01   2.6500000e+01   3.0500000e+01   1.1088235e+01   2.0000000e+00   8.0000000e+00   3.4000000e+01   6.7757009e+00
   1.7807682e+03   4.3000000e+01   6.5000000e+01   5.3200000e+02   5.3000000e+01   2.6500000e+01   2.9750000e+01   9.8787879e+00   2.0000000e+00   8.0000000e+00   3.3000000e+01   6.1553398e+00
   6.8552472e+02   2.7000000e+01   4.0000000e+01   3.3800000e+02   5.2000000e+01   2.6000000e+01   2.5714286e+01   8.2222222e+00   2.0000000e+00   7.0000000e+00   1.8000000e+01   6.4193548e+00
   1.5550330e+03   4.5000000e+01   6.3000000e+01   5.5500000e+02   5.2000000e+01   2.6000000e+01   2.7500000e+01   9.1515152e+00   2.0000000e+00   1.0000000e+01   3.3000000e+01   6.4752475e+00
   1.7071386e+03   3.6000000e+01   6.7000000e+01   5.1700000e+02   5.3000000e+01   2.6500000e+01   2.7625000e+01   1.2115385e+01   2.0000000e+00   8.0000000e+00   2.6000000e+01   6.3437500e+00
   2.0365343e+03   4.2000000e+01   7.5000000e+01   5.6200000e+02   5.1000000e+01   2.5500000e+01   2.9375000e+01   1.1375000e+01   2.0000000e+00   8.0000000e+00   3.2000000e+01   6.1509434e+00
   1.8962994e+03   3.5000000e+01   6.8000000e+01   5.2200000e+02   5.1000000e+01   2.5500000e+01   3.6166667e+01   1.2370370e+01   2.0000000e+00   6.0000000e+00   2.7000000e+01   6.4526316e+00
   1.6154753e+03   3.8000000e+01   6.4000000e+01   5.2800000e+02   5.5000000e+01   2.7500000e+01   2.7250000e+01   1.1714286e+01   2.0000000e+00   8.0000000e+00   2.8000000e+01   6.6000000e+00
   1.1218964e+03   3.0000000e+01   4.7000000e+01   3.8400000e+02   5.2000000e+01   2.6000000e+01   2.4571429e+01   1.0333333e+01   2.0000000e+00   7.0000000e+00   2.1000000e+01   6.6714286e+00
   1.6088055e+03   3.6000000e+01   6.2000000e+01   5.3300000e+02   5.2000000e+01   2.6000000e+01   2.9285714e+01   1.2888889e+01   2.0000000e+00   7.0000000e+00   2.7000000e+01   6.8571429e+00
   1.1307518e+03   3.2000000e+01   4.9000000e+01   3.8600000e+02   4.9000000e+01   2.4500000e+01   2.6428571e+01   8.9130435e+00   2.0000000e+00   7.0000000e+00   2.3000000e+01   6.3013699e+00
   1.8921676e+03   3.9000000e+01   6.9000000e+01   5.1000000e+02   5.2000000e+01   2.6000000e+01   3.1285714e+01   1.0866667e+01   2.0000000e+00   7.0000000e+00   3.0000000e+01   6.1568627e+00
   1.9096579e+03   3.8000000e+01   7.5000000e+01   5.7000000e+02   5.6000000e+01   2.8000000e+01   3.1250000e+01   1.2571429e+01   2.0000000e+00   8.0000000e+00   2.8000000e+01   6.2924528e+00
   1.3765918e+03   3.5000000e+01   5.7000000e+01   4.5900000e+02   5.5000000e+01   2.7500000e+01   2.5285714e+01   1.1269231e+01   2.0000000e+00   7.0000000e+00   2.6000000e+01   6.5783133e+00
   3.4186178e+02   1.7000000e+01   2.1000000e+01   1.8800000e+02   3.8000000e+01   1.9000000e+01   1.8000000e+01   8.3000000e+00   2.0000000e+00   5.0000000e+00   1.0000000e+01   6.9142857e+00
   1.8095658e+03   4.7000000e+01   7.1000000e+01   5.6300000e+02   5.5000000e+01   2.7500000e+01   2.9222222e+01   9.1666667e+00   2.0000000e+00   9.0000000e+00   3.6000000e+01   6.1769912e+00
   1.0434757e+03   3.3000000e+01   5.0000000e+01   4.2100000e+02   5.1000000e+01   2.5500000e+01   2.8857143e+01   9.2916667e+00   2.0000000e+00   7.0000000e+00   2.4000000e+01   6.3750000e+00
   1.6324104e+03   3.6000000e+01   6.6000000e+01   5.3800000e+02   5.3000000e+01   2.6500000e+01   2.9857143e+01   1.3037037e+01   2.0000000e+00   7.0000000e+00   2.7000000e+01   6.7052632e+00
   1.7356188e+03   4.3000000e+01   6.6000000e+01   5.6500000e+02   5.6000000e+01   2.8000000e+01   2.8444444e+01   1.0156250e+01   2.0000000e+00   9.0000000e+00   3.2000000e+01   6.5000000e+00
   9.6076011e+02   3.5000000e+01   4.9000000e+01   3.8700000e+02   4.9000000e+01   2.4500000e+01   2.2111111e+01   8.0000000e+00   2.0000000e+00   9.0000000e+00   2.4000000e+01   6.2400000e+00
   1.5614750e+03   3.4000000e+01   6.0000000e+01   4.5400000e+02   5.1000000e+01   2.5500000e+01   2.2750000e+01   1.1916667e+01   2.0000000e+00   8.0000000e+00   2.4000000e+01   6.2921348e+00
   1.7932369e+03   3.8000000e+01   6.2000000e+01   4.9500000e+02   5.3000000e+01   2.6500000e+01   2.2400000e+01   1.0807692e+01   2.0000000e+00   1.0000000e+01   2.6000000e+01   6.1195652e+00
   1.5542060e+03   4.1000000e+01   5.9000000e+01   5.1000000e+02   5.2000000e+01   2.6000000e+01   2.4500000e+01   9.6551724e+00   2.0000000e+00   1.0000000e+01   2.9000000e+01   6.6595745e+00
   1.8000536e+03   3.9000000e+01   6.8000000e+01   5.3400000e+02   5.4000000e+01   2.7000000e+01   2.7875000e+01   1.1689655e+01   2.0000000e+00   8.0000000e+00   2.9000000e+01   6.3069307e+00
   1.7467991e+03   4.2000000e+01   6.6000000e+01   5.3500000e+02   5.2000000e+01   2.6000000e+01   2.4900000e+01   1.0566667e+01   2.0000000e+00   1.0000000e+01   3.0000000e+01   6.4660194e+00
   1.1307542e+03   3.4000000e+01   4.7000000e+01   3.8200000e+02   5.1000000e+01   2.5500000e+01   2.2875000e+01   8.5416667e+00   2.0000000e+00   8.0000000e+00   2.4000000e+01   6.2266667e+00
   1.2746367e+03   3.6000000e+01   5.3000000e+01   4.3400000e+02   5.2000000e+01   2.6000000e+01   2.8428571e+01   9.1111111e+00   2.0000000e+00   7.0000000e+00   2.7000000e+01   6.5058824e+00
   1.7124662e+03   4.2000000e+01   6.8000000e+01   5.5400000e+02   5.2000000e+01   2.6000000e+01   3.0750000e+01   1.0750000e+01   2.0000000e+00   8.0000000e+00   3.2000000e+01   6.2843137e+00
   1.7103580e+03   3.9000000e+01   6.2000000e+01   5.0800000e+02   5.2000000e+01   2.6000000e+01   2.6333333e+01   1.0142857e+01   2.0000000e+00   9.0000000e+00   2.8000000e+01   6.2083333e+00
   1.3675313e+03   3.5000000e+01   5.8000000e+01   4.6200000e+02   5.0000000e+01   2.5000000e+01   2.7428571e+01   1.1192308e+01   2.0000000e+00   7.0000000e+00   2.6000000e+01   6.5647059e+00
   9.4179170e+02   3.6000000e+01   4.3000000e+01   4.1100000e+02   5.0000000e+01   2.5000000e+01   2.6000000e+01   7.8461538e+00   2.0000000e+00   8.0000000e+00   2.6000000e+01   6.7066667e+00
   1.6461063e+03   3.4000000e+01   7.1000000e+01   5.6600000e+02   5.8000000e+01   2.9000000e+01   3.5500000e+01   1.4461538e+01   2.0000000e+00   6.0000000e+00   2.6000000e+01   6.9897959e+00
   1.5272021e+03   3.9000000e+01   6.3000000e+01   5.0800000e+02   4.9000000e+01   2.4500000e+01   3.2285714e+01   1.0533333e+01   2.0000000e+00   7.0000000e+00   3.0000000e+01   6.4895833e+00
   1.9186916e+03   4.4000000e+01   7.2000000e+01   5.9800000e+02   5.6000000e+01   2.8000000e+01   3.3500000e+01   1.0352941e+01   2.0000000e+00   8.0000000e+00   3.4000000e+01   6.5137615e+00
   8.6204491e+02   3.2000000e+01   3.9000000e+01   3.5000000e+02   5.2000000e+01   2.6000000e+01   2.6428571e+01   6.7391304e+00   2.0000000e+00   7.0000000e+00   2.3000000e+01   6.2537313e+00
   5.8225259e+02   3.0000000e+01   3.1000000e+01   3.1000000e+02   5.0000000e+01   2.5000000e+01   2.1000000e+01   6.3500000e+00   2.0000000e+00   8.0000000e+00   2.0000000e+01   6.5172414e+00
   1.6076770e+03   4.2000000e+01   6.5000000e+01   5.6700000e+02   5.5000000e+01   2.7500000e+01   3.0625000e+01   1.0687500e+01   2.0000000e+00   8.0000000e+00   3.2000000e+01   6.8039216e+00
   1.6370930e+03   3.2000000e+01   5.7000000e+01   4.3500000e+02   5.5000000e+01   2.7500000e+01   2.2000000e+01   1.2409091e+01   2.0000000e+00   8.0000000e+00   2.2000000e+01   6.3132530e+00
   1.8280736e+03   5.0000000e+01   7.2000000e+01   5.6000000e+02   5.1000000e+01   2.5500000e+01   2.7200000e+01   8.5789474e+00   2.0000000e+00   1.0000000e+01   3.8000000e+01   6.1842105e+00
   1.9938429e+03   4.2000000e+01   7.3000000e+01   5.8800000e+02   5.4000000e+01   2.7000000e+01   3.0777778e+01   1.1032258e+01   2.0000000e+00   9.0000000e+00   3.1000000e+01   6.5636364e+00
   1.6253065e+03   4.2000000e+01   5.9000000e+01   4.8300000e+02   5.2000000e+01   2.6000000e+01   2.5625000e+01   9.1250000e+00   2.0000000e+00   8.0000000e+00   3.2000000e+01   6.1263158e+00
   1.4195937e+03   4.6000000e+01   5.4000000e+01   4.7000000e+02   4.9000000e+01   2.4500000e+01   2.3800000e+01   7.3823529e+00   2.0000000e+00   1.0000000e+01   3.4000000e+01   6.4893617e+00
   1.6391693e+03   4.0000000e+01   6.3000000e+01   4.9200000e+02   5.1000000e+01   2.5500000e+01   3.1571429e+01   9.6451613e+00   2.0000000e+00   7.0000000e+00   3.1000000e+01   6.4432990e+00
   1.6704004e+03   3.8000000e+01   6.1000000e+01   4.9700000e+02   5.3000000e+01   2.6500000e+01   2.6125000e+01   1.1107143e+01   2.0000000e+00   8.0000000e+00   2.8000000e+01   6.3541667e+00
   6.0676885e+02   2.5000000e+01   3.6000000e+01   2.8700000e+02   4.4000000e+01   2.2000000e+01   2.5000000e+01   7.5882353e+00   2.0000000e+00   6.0000000e+00   1.7000000e+01   6.3818182e+00
   8.1896793e+02   2.8000000e+01   4.5000000e+01   3.8200000e+02   5.2000000e+01   2.6000000e+01   2.6500000e+01   1.1050000e+01   2.0000000e+00   6.0000000e+00   2.0000000e+01   6.7681159e+00
   1.7582196e+03   3.6000000e+01   6.2000000e+01   4.7700000e+02   4.5000000e+01   2.2500000e+01   3.1333333e+01   1.1464286e+01   2.0000000e+00   6.0000000e+00   2.8000000e+01   6.0430108e+00
   1.6083489e+03   3.5000000e+01   5.6000000e+01   4.6900000e+02   4.9000000e+01   2.4500000e+01   2.8285714e+01   1.0961538e+01   2.0000000e+00   7.0000000e+00   2.6000000e+01   6.3678161e+00
   1.8340864e+03   3.8000000e+01   6.5000000e+01   5.1300000e+02   5.5000000e+01   2.7500000e+01   2.9142857e+01   1.1172414e+01   2.0000000e+00   7.0000000e+00   2.9000000e+01   6.2448980e+00
   1.5631432e+03   3.2000000e+01   5.4000000e+01   4.5000000e+02   3.9000000e+01   1.9500000e+01   2.7285714e+01   1.2434783e+01   2.0000000e+00   7.0000000e+00   2.3000000e+01   6.1219512e+00
   1.5391682e+03   4.2000000e+01   6.5000000e+01   5.2800000e+02   5.1000000e+01   2.5500000e+01   2.6222222e+01   1.0258065e+01   2.0000000e+00   9.0000000e+00   3.1000000e+01   6.3750000e+00
   1.8658369e+03   4.3000000e+01   7.7000000e+01   5.8300000e+02   5.5000000e+01   2.7500000e+01   3.0777778e+01   1.0718750e+01   2.0000000e+00   9.0000000e+00   3.2000000e+01   6.4196429e+00
   1.7483030e+03   4.2000000e+01   6.8000000e+01   5.6700000e+02   5.1000000e+01   2.5500000e+01   3.0250000e+01   1.1218750e+01   2.0000000e+00   8.0000000e+00   3.2000000e+01   6.5769231e+00
   1.6638174e+03   4.3000000e+01   6.9000000e+01   5.5500000e+02   5.0000000e+01   2.5000000e+01   3.1250000e+01   1.0242424e+01   2.0000000e+00   8.0000000e+00   3.3000000e+01   6.3796296e+00
   1.3956490e+03   3.7000000e+01   5.5000000e+01   4.5200000e+02   4.8000000e+01   2.4000000e+01   2.5625000e+01   9.8518519e+00   2.0000000e+00   8.0000000e+00   2.7000000e+01   6.3636364e+00
   1.5763511e+03   3.7000000e+01   6.3000000e+01   5.0400000e+02   5.4000000e+01   2.7000000e+01   2.8857143e+01   1.1392857e+01   2.0000000e+00   7.0000000e+00   2.8000000e+01   6.4516129e+00
   1.4112204e+03   3.1000000e+01   5.2000000e+01   4.5300000e+02   5.8000000e+01   2.9000000e+01   2.9000000e+01   1.1363636e+01   2.0000000e+00   7.0000000e+00   2.2000000e+01   6.8734177e+00
   1.7274417e+03   4.7000000e+01   6.9000000e+01   5.7500000e+02   5.0000000e+01   2.5000000e+01   2.6100000e+01   1.0114286e+01   2.0000000e+00   1.0000000e+01   3.5000000e+01   6.5648148e+00
   1.6099184e+03   3.2000000e+01   5.8000000e+01   4.5500000e+02   5.5000000e+01   2.7500000e+01   2.5000000e+01   1.2652174e+01   2.0000000e+00   7.0000000e+00   2.3000000e+01   6.3571429e+00
   1.7211527e+03   4.6000000e+01   7.3000000e+01   5.4700000e+02   5.4000000e+01   2.7000000e+01   2.5888889e+01   9.8000000e+00   2.0000000e+00   9.0000000e+00   3.5000000e+01   6.4528302e+00
   1.4604287e+03   3.6000000e+01   6.1000000e+01   5.3800000e+02   5.6000000e+01   2.8000000e+01   2.8875000e+01   1.2153846e+01   2.0000000e+00   8.0000000e+00   2.6000000e+01   6.9000000e+00
   1.6805031e+03   4.5000000e+01   6.3000000e+01   5.1800000e+02   5.0000000e+01   2.5000000e+01   2.9750000e+01   8.7428571e+00   2.0000000e+00   8.0000000e+00   3.5000000e+01   6.2135922e+00
   1.8289203e+03   4.4000000e+01   6.5000000e+01   5.5600000e+02   5.1000000e+01   2.5500000e+01   3.0333333e+01   9.0909091e+00   2.0000000e+00   9.0000000e+00   3.3000000e+01   6.3689320e+00
   1.8203875e+03   4.4000000e+01   6.8000000e+01   5.4200000e+02   5.2000000e+01   2.6000000e+01   3.1125000e+01   9.5882353e+00   2.0000000e+00   8.0000000e+00   3.4000000e+01   6.6200000e+00
   1.8023842e+03   3.8000000e+01   6.5000000e+01   5.1400000e+02   5.3000000e+01   2.6500000e+01   3.0428571e+01   1.1068966e+01   2.0000000e+00   7.0000000e+00   2.9000000e+01   6.3645833e+00
   1.3795375e+03   3.8000000e+01   5.3000000e+01   4.2500000e+02   5.1000000e+01   2.5500000e+01   2.2000000e+01   9.2142857e+00   2.0000000e+00   8.0000000e+00   2.8000000e+01   6.2941176e+00
   1.6276875e+03   4.0000000e+01   6.4000000e+01   5.7100000e+02   5.4000000e+01   2.7000000e+01   3.2000000e+01   1.1166667e+01   2.0000000e+00   8.0000000e+00   3.0000000e+01   6.9191919e+00
   1.7732889e+03   4.3000000e+01   6.9000000e+01   5.5100000e+02   5.2000000e+01   2.6000000e+01   3.2857143e+01   1.0176471e+01   2.0000000e+00   7.0000000e+00   3.4000000e+01   6.2307692e+00
   4.7915668e+02   1.8000000e+01   2.9000000e+01   2.3100000e+02   4.1000000e+01   1.8000000e+01   2.0600000e+01   1.0909091e+01   2.0000000e+00   5.0000000e+00   1.1000000e+01   6.4418605e+00
   1.6648287e+03   4.1000000e+01   6.7000000e+01   5.5600000e+02   5.5000000e+01   2.7500000e+01   3.1125000e+01   1.0741935e+01   2.0000000e+00   8.0000000e+00   3.1000000e+01   6.4174757e+00
   1.9590809e+03   4.9000000e+01   7.3000000e+01   5.8700000e+02   5.3000000e+01   2.6500000e+01   2.8100000e+01   9.0540541e+00   2.0000000e+00   1.0000000e+01   3.7000000e+01   6.3783784e+00
   1.8234877e+03   4.3000000e+01   6.4000000e+01   5.2000000e+02   5.0000000e+01   2.5000000e+01   2.8222222e+01   9.1875000e+00   2.0000000e+00   9.0000000e+00   3.2000000e+01   6.5339806e+00
   1.9632663e+03   4.6000000e+01   7.6000000e+01   5.8800000e+02   5.4000000e+01   2.7000000e+01   3.1125000e+01   1.0388889e+01   2.0000000e+00   8.0000000e+00   3.6000000e+01   6.2672414e+00
   9.1421575e+02   3.0000000e+01   4.4000000e+01   3.6600000e+02   5.0000000e+01   2.5000000e+01   2.3000000e+01   9.3000000e+00   2.0000000e+00   8.0000000e+00   2.0000000e+01   6.4142857e+00
   1.7555004e+03   4.1000000e+01   7.0000000e+01   5.8800000e+02   5.7000000e+01   2.8500000e+01   3.2625000e+01   1.1419355e+01   2.0000000e+00   8.0000000e+00   3.1000000e+01   6.6857143e+00
   1.1566584e+03   3.6000000e+01   4.7000000e+01   4.1700000e+02   5.0000000e+01   2.5000000e+01   2.7250000e+01   7.5769231e+00   2.0000000e+00   8.0000000e+00   2.6000000e+01   6.2784810e+00
   7.2529944e+02   2.5000000e+01   3.9000000e+01   2.9500000e+02   4.8000000e+01   2.4000000e+01   1.7375000e+01   9.7333333e+00   2.0000000e+00   8.0000000e+00   1.5000000e+01   6.0677966e+00
   1.6888229e+03   3.9000000e+01   6.8000000e+01   5.6100000e+02   5.8000000e+01   2.9000000e+01   3.2125000e+01   1.1034483e+01   2.0000000e+00   8.0000000e+00   2.9000000e+01   6.7878788e+00
   2.7786144e+02   1.5000000e+01   1.9000000e+01   1.5600000e+02   4.5000000e+01   2.2500000e+01   1.6000000e+01   6.3750000e+00   2.0000000e+00   5.0000000e+00   8.0000000e+00   6.5806452e+00
   1.7775978e+03   3.5000000e+01   6.3000000e+01   5.4400000e+02   4.9000000e+01   2.4500000e+01   3.3000000e+01   1.2923077e+01   2.0000000e+00   7.0000000e+00   2.6000000e+01   6.5161290e+00
   1.5536286e+03   3.8000000e+01   6.6000000e+01   5.6600000e+02   5.6000000e+01   2.8000000e+01   3.1714286e+01   1.2448276e+01   2.0000000e+00   7.0000000e+00   2.9000000e+01   6.8300000e+00
   1.5524787e+03   3.9000000e+01   5.7000000e+01   5.1000000e+02   5.3000000e+01   2.6500000e+01   2.8125000e+01   1.0275862e+01   2.0000000e+00   8.0000000e+00   2.9000000e+01   6.6373626e+00
   1.6429436e+03   4.0000000e+01   6.2000000e+01   5.2800000e+02   5.4000000e+01   2.7000000e+01   3.1285714e+01   1.0451613e+01   2.0000000e+00   7.0000000e+00   3.1000000e+01   6.6979167e+00
   1.9423939e+03   4.2000000e+01   7.5000000e+01   5.7700000e+02   5.3000000e+01   2.6500000e+01   2.8875000e+01   1.1750000e+01   2.0000000e+00   8.0000000e+00   3.2000000e+01   6.2636364e+00
   1.6562824e+03   4.0000000e+01   6.5000000e+01   5.5300000e+02   5.8000000e+01   2.9000000e+01   3.3571429e+01   1.0774194e+01   2.0000000e+00   7.0000000e+00   3.1000000e+01   6.4300000e+00
   1.5691076e+03   3.7000000e+01   6.3000000e+01   5.2600000e+02   5.5000000e+01   2.7500000e+01   3.0428571e+01   1.1857143e+01   2.0000000e+00   7.0000000e+00   2.8000000e+01   6.7956989e+00
   1.6752888e+03   4.1000000e+01   6.9000000e+01   5.9800000e+02   5.7000000e+01   2.8500000e+01   3.2625000e+01   1.1548387e+01   2.0000000e+00   8.0000000e+00   3.1000000e+01   6.7029703e+00
   9.6137844e+02   3.3000000e+01   4.6000000e+01   4.0700000e+02   4.8000000e+01   2.4000000e+01   2.5750000e+01   8.7826087e+00   2.0000000e+00   8.0000000e+00   2.3000000e+01   6.4520548e+00
   1.7288311e+03   3.6000000e+01   5.9000000e+01   4.9200000e+02   5.4000000e+01   2.7000000e+01   2.8142857e+01   1.1444444e+01   2.0000000e+00   7.0000000e+00   2.7000000e+01   6.4333333e+00
   1.2751156e+03   3.5000000e+01   5.0000000e+01   4.1200000e+02   5.0000000e+01   2.5000000e+01   2.9142857e+01   8.1153846e+00   2.0000000e+00   7.0000000e+00   2.6000000e+01   6.5324675e+00
   1.7709853e+03   4.2000000e+01   6.2000000e+01   5.5300000e+02   5.4000000e+01   2.7000000e+01   2.8888889e+01   9.9677419e+00   2.0000000e+00   9.0000000e+00   3.1000000e+01   6.5200000e+00
   1.3456609e+03   3.7000000e+01   6.1000000e+01   5.0500000e+02   5.4000000e+01   2.7000000e+01   2.6625000e+01   1.1222222e+01   2.0000000e+00   8.0000000e+00   2.7000000e+01   6.8913043e+00
   1.3386991e+03   3.6000000e+01   5.4000000e+01   4.3600000e+02   5.1000000e+01   2.5500000e+01   2.7000000e+01   9.5925926e+00   2.0000000e+00   7.0000000e+00   2.7000000e+01   6.3764706e+00
   1.6492518e+03   3.8000000e+01   6.1000000e+01   4.8900000e+02   5.3000000e+01   2.6500000e+01   2.6875000e+01   1.0285714e+01   2.0000000e+00   8.0000000e+00   2.8000000e+01   6.3763441e+00
   1.4921764e+03   3.5000000e+01   6.1000000e+01   4.8600000e+02   5.6000000e+01   2.8000000e+01   2.8142857e+01   1.1615385e+01   2.0000000e+00   7.0000000e+00   2.6000000e+01   6.5543478e+00
   1.7979751e+03   3.7000000e+01   7.0000000e+01   5.7800000e+02   5.9000000e+01   2.9500000e+01   3.4285714e+01   1.2857143e+01   2.0000000e+00   7.0000000e+00   2.8000000e+01   6.8854167e+00
   1.6764969e+03   3.2000000e+01   6.4000000e+01   4.7200000e+02   5.8000000e+01   2.9000000e+01   2.8571429e+01   1.2782609e+01   2.0000000e+00   7.0000000e+00   2.3000000e+01   6.3977273e+00
   9.5675767e+02   3.5000000e+01   3.9000000e+01   3.8500000e+02   4.8000000e+01   2.4000000e+01   1.9900000e+01   7.7826087e+00   2.0000000e+00   1.0000000e+01   2.3000000e+01   6.7794118e+00
   1.6199534e+03   4.3000000e+01   6.0000000e+01   5.4600000e+02   5.5000000e+01   2.7500000e+01   2.5900000e+01   9.8064516e+00   2.0000000e+00   1.0000000e+01   3.1000000e+01   6.7171717e+00
