   0.0000000e+00   0.0000000e+00   0.0000000e+00   0.0000000e+00   0.0000000e+00   0.0000000e+00   0.0000000e+00   0.0000000e+00   0.0000000e+00   0.0000000e+00   0.0000000e+00   0.0000000e+00
   0.0000000e+00   0.0000000e+00   0.0000000e+00   0.0000000e+00   0.0000000e+00   0.0000000e+00   0.0000000e+00   0.0000000e+00   0.0000000e+00   0.0000000e+00   0.0000000e+00   0.0000000e+00
   0.0000000e+00   0.0000000e+00   0.0000000e+00   0.0000000e+00   0.0000000e+00   0.0000000e+00   0.0000000e+00   0.0000000e+00   0.0000000e+00   0.0000000e+00   0.0000000e+00   0.0000000e+00
   0.0000000e+00   0.0000000e+00   0.0000000e+00   0.0000000e+00   0.0000000e+00   0.0000000e+00   0.0000000e+00   0.0000000e+00   0.0000000e+00   0.0000000e+00   0.0000000e+00   0.0000000e+00
   0.0000000e+00   0.0000000e+00   0.0000000e+00   0.0000000e+00   0.0000000e+00   0.0000000e+00   0.0000000e+00   0.0000000e+00   0.0000000e+00   0.0000000e+00   0.0000000e+00   0.0000000e+00
   0.0000000e+00   0.0000000e+00   0.0000000e+00   0.0000000e+00   0.0000000e+00   0.0000000e+00   0.0000000e+00   0.0000000e+00   0.0000000e+00   0.0000000e+00   0.0000000e+00   0.0000000e+00
   0.0000000e+00   0.0000000e+00   0.0000000e+00   0.0000000e+00   0.0000000e+00   0.0000000e+00   0.0000000e+00   0.0000000e+00   0.0000000e+00   0.0000000e+00   0.0000000e+00   0.0000000e+00
   0.0000000e+00   0.0000000e+00   0.0000000e+00   0.0000000e+00   0.0000000e+00   0.0000000e+00   0.0000000e+00   0.0000000e+00   0.0000000e+00   0.0000000e+00   0.0000000e+00   0.0000000e+00
   0.0000000e+00   0.0000000e+00   0.0000000e+00   0.0000000e+00   0.0000000e+00   0.0000000e+00   0.0000000e+00   0.0000000e+00   0.0000000e+00   0.0000000e+00   0.0000000e+00   0.0000000e+00
   0.0000000e+00   0.0000000e+00   0.0000000e+00   0.0000000e+00   0.0000000e+00   0.0000000e+00   0.0000000e+00   0.0000000e+00   0.0000000e+00   0.0000000e+00   0.0000000e+00   0.0000000e+00
   0.0000000e+00   0.0000000e+00   0.0000000e+00   0.0000000e+00   0.0000000e+00   0.0000000e+00   0.0000000e+00   0.0000000e+00   0.0000000e+00   0.0000000e+00   0.0000000e+00   0.0000000e+00
   0.0000000e+00   0.0000000e+00   0.0000000e+00   0.0000000e+00   0.0000000e+00   0.0000000e+00   0.0000000e+00   0.0000000e+00   0.0000000e+00   0.0000000e+00   0.0000000e+00   0.0000000e+00
   0.0000000e+00   0.0000000e+00   0.0000000e+00   0.0000000e+00   0.0000000e+00   0.0000000e+00   0.0000000e+00   0.0000000e+00   0.0000000e+00   0.0000000e+00   0.0000000e+00   0.0000000e+00
   0.0000000e+00   0.0000000e+00   0.0000000e+00   0.0000000e+00   0.0000000e+00   0.0000000e+00   0.0000000e+00   0.0000000e+00   0.0000000e+00   0.0000000e+00   0.0000000e+00   0.0000000e+00
   0.0000000e+00   0.0000000e+00   0.0000000e+00   0.0000000e+00   0.0000000e+00   0.0000000e+00   0.0000000e+00   0.0000000e+00   0.0000000e+00   0.0000000e+00   0.0000000e+00   0.0000000e+00
   0.0000000e+00   0.0000000e+00   0.0000000e+00   0.0000000e+00   0.0000000e+00   0.0000000e+00   0.0000000e+00   0.0000000e+00   0.0000000e+00   0.0000000e+00   0.0000000e+00   0.0000000e+00
   0.0000000e+00   0.0000000e+00   0.0000000e+00   0.0000000e+00   0.0000000e+00   0.0000000e+00   0.0000000e+00   0.0000000e+00   0.0000000e+00   0.0000000e+00   0.0000000e+00   0.0000000e+00
   0.0000000e+00   0.0000000e+00   0.0000000e+00   0.0000000e+00   0.0000000e+00   0.0000000e+00   0.0000000e+00   0.0000000e+00   0.0000000e+00   0.0000000e+00   0.0000000e+00   0.0000000e+00
   0.0000000e+00   0.0000000e+00   0.0000000e+00   0.0000000e+00   0.0000000e+00   0.0000000e+00   0.0000000e+00   0.0000000e+00   0.0000000e+00   0.0000000e+00   0.0000000e+00   0.0000000e+00
   0.0000000e+00   0.0000000e+00   0.0000000e+00   0.0000000e+00   0.0000000e+00   0.0000000e+00   0.0000000e+00   0.0000000e+00   0.0000000e+00   0.0000000e+00   0.0000000e+00   0.0000000e+00
   0.0000000e+00   0.0000000e+00   0.0000000e+00   0.0000000e+00   0.0000000e+00   0.0000000e+00   0.0000000e+00   0.0000000e+00   0.0000000e+00   0.0000000e+00   0.0000000e+00   0.0000000e+00
   0.0000000e+00   0.0000000e+00   0.0000000e+00   0.0000000e+00   0.0000000e+00   0.0000000e+00   0.0000000e+00   0.0000000e+00   0.0000000e+00   0.0000000e+00   0.0000000e+00   0.0000000e+00
   0.0000000e+00   0.0000000e+00   0.0000000e+00   0.0000000e+00   0.0000000e+00   0.0000000e+00   0.0000000e+00   0.0000000e+00   0.0000000e+00   0.0000000e+00   0.0000000e+00   0.0000000e+00
   0.0000000e+00   0.0000000e+00   0.0000000e+00   0.0000000e+00   0.0000000e+00   0.0000000e+00   0.0000000e+00   0.0000000e+00   0.0000000e+00   0.0000000e+00   0.0000000e+00   0.0000000e+00
   0.0000000e+00   0.0000000e+00   0.0000000e+00   0.0000000e+00   0.0000000e+00   0.0000000e+00   0.0000000e+00   0.0000000e+00   0.0000000e+00   0.0000000e+00   0.0000000e+00   0.0000000e+00
   0.0000000e+00   0.0000000e+00   0.0000000e+00   0.0000000e+00   0.0000000e+00   0.0000000e+00   0.0000000e+00   0.0000000e+00   0.0000000e+00   0.0000000e+00   0.0000000e+00   0.0000000e+00
   0.0000000e+00   0.0000000e+00   0.0000000e+00   0.0000000e+00   0.0000000e+00   0.0000000e+00   0.0000000e+00   0.0000000e+00   0.0000000e+00   0.0000000e+00   0.0000000e+00   0.0000000e+00
   0.0000000e+00   0.0000000e+00   0.0000000e+00   0.0000000e+00   0.0000000e+00   0.0000000e+00   0.0000000e+00   0.0000000e+00   0.0000000e+00   0.0000000e+00   0.0000000e+00   0.0000000e+00
   0.0000000e+00   0.0000000e+00   0.0000000e+00   0.0000000e+00   0.0000000e+00   0.0000000e+00   0.0000000e+00   0.0000000e+00   0.0000000e+00   0.0000000e+00   0.0000000e+00   0.0000000e+00
   0.0000000e+00   0.0000000e+00   0.0000000e+00   0.0000000e+00   0.0000000e+00   0.0000000e+00   0.0000000e+00   0.0000000e+00   0.0000000e+00   0.0000000e+00   0.0000000e+00   0.0000000e+00
   0.0000000e+00   0.0000000e+00   0.0000000e+00   0.0000000e+00   0.0000000e+00   0.0000000e+00   0.0000000e+00   0.0000000e+00   0.0000000e+00   0.0000000e+00   0.0000000e+00   0.0000000e+00
   0.0000000e+00   0.0000000e+00   0.0000000e+00   0.0000000e+00   0.0000000e+00   0.0000000e+00   0.0000000e+00   0.0000000e+00   0.0000000e+00   0.0000000e+00   0.0000000e+00   0.0000000e+00
   0.0000000e+00   0.0000000e+00   0.0000000e+00   0.0000000e+00   0.0000000e+00   0.0000000e+00   0.0000000e+00   0.0000000e+00   0.0000000e+00   0.0000000e+00   0.0000000e+00   0.0000000e+00
   0.0000000e+00   0.0000000e+00   0.0000000e+00   0.0000000e+00   0.0000000e+00   0.0000000e+00   0.0000000e+00   0.0000000e+00   0.0000000e+00   0.0000000e+00   0.0000000e+00   0.0000000e+00
   0.0000000e+00   0.0000000e+00   0.0000000e+00   0.0000000e+00   0.0000000e+00   0.0000000e+00   0.0000000e+00   0.0000000e+00   0.0000000e+00   0.0000000e+00   0.0000000e+00   0.0000000e+00
   0.0000000e+00   0.0000000e+00   0.0000000e+00   0.0000000e+00   0.0000000e+00   0.0000000e+00   0.0000000e+00   0.0000000e+00   0.0000000e+00   0.0000000e+00   0.0000000e+00   0.0000000e+00
   0.0000000e+00   0.0000000e+00   0.0000000e+00   0.0000000e+00   0.0000000e+00   0.0000000e+00   0.0000000e+00   0.0000000e+00   0.0000000e+00   0.0000000e+00   0.0000000e+00   0.0000000e+00
   0.0000000e+00   0.0000000e+00   0.0000000e+00   0.0000000e+00   0.0000000e+00   0.0000000e+00   0.0000000e+00   0.0000000e+00   0.0000000e+00   0.0000000e+00   0.0000000e+00   0.0000000e+00
   0.0000000e+00   0.0000000e+00   0.0000000e+00   0.0000000e+00   0.0000000e+00   0.0000000e+00   0.0000000e+00   0.0000000e+00   0.0000000e+00   0.0000000e+00   0.0000000e+00   0.0000000e+00
   0.0000000e+00   0.0000000e+00   0.0000000e+00   0.0000000e+00   0.0000000e+00   0.0000000e+00   0.0000000e+00   0.0000000e+00   0.0000000e+00   0.0000000e+00   0.0000000e+00   0.0000000e+00
   0.0000000e+00   0.0000000e+00   0.0000000e+00   0.0000000e+00   0.0000000e+00   0.0000000e+00   0.0000000e+00   0.0000000e+00   0.0000000e+00   0.0000000e+00   0.0000000e+00   0.0000000e+00
   0.0000000e+00   0.0000000e+00   0.0000000e+00   0.0000000e+00   0.0000000e+00   0.0000000e+00   0.0000000e+00   0.0000000e+00   0.0000000e+00   0.0000000e+00   0.0000000e+00   0.0000000e+00
   0.0000000e+00   0.0000000e+00   0.0000000e+00   0.0000000e+00   0.0000000e+00   0.0000000e+00   0.0000000e+00   0.0000000e+00   0.0000000e+00   0.0000000e+00   0.0000000e+00   0.0000000e+00
   0.0000000e+00   0.0000000e+00   0.0000000e+00   0.0000000e+00   0.0000000e+00   0.0000000e+00   0.0000000e+00   0.0000000e+00   0.0000000e+00   0.0000000e+00   0.0000000e+00   0.0000000e+00
   0.0000000e+00   0.0000000e+00   0.0000000e+00   0.0000000e+00   0.0000000e+00   0.0000000e+00   0.0000000e+00   0.0000000e+00   0.0000000e+00   0.0000000e+00   0.0000000e+00   0.0000000e+00
   0.0000000e+00   0.0000000e+00   0.0000000e+00   0.0000000e+00   0.0000000e+00   0.0000000e+00   0.0000000e+00   0.0000000e+00   0.0000000e+00   0.0000000e+00   0.0000000e+00   0.0000000e+00
   0.0000000e+00   0.0000000e+00   0.0000000e+00   0.0000000e+00   0.0000000e+00   0.0000000e+00   0.0000000e+00   0.0000000e+00   0.0000000e+00   0.0000000e+00   0.0000000e+00   0.0000000e+00
   0.0000000e+00   0.0000000e+00   0.0000000e+00   0.0000000e+00   0.0000000e+00   0.0000000e+00   0.0000000e+00   0.0000000e+00   0.0000000e+00   0.0000000e+00   0.0000000e+00   0.0000000e+00
   0.0000000e+00   0.0000000e+00   0.0000000e+00   0.0000000e+00   0.0000000e+00   0.0000000e+00   0.0000000e+00   0.0000000e+00   0.0000000e+00   0.0000000e+00   0.0000000e+00   0.0000000e+00
   0.0000000e+00   0.0000000e+00   0.0000000e+00   0.0000000e+00   0.0000000e+00   0.0000000e+00   0.0000000e+00   0.0000000e+00   0.0000000e+00   0.0000000e+00   0.0000000e+00   0.0000000e+00
   0.0000000e+00   0.0000000e+00   0.0000000e+00   0.0000000e+00   0.0000000e+00   0.0000000e+00   0.0000000e+00   0.0000000e+00   0.0000000e+00   0.0000000e+00   0.0000000e+00   0.0000000e+00
   0.0000000e+00   0.0000000e+00   0.0000000e+00   0.0000000e+00   0.0000000e+00   0.0000000e+00   0.0000000e+00   0.0000000e+00   0.0000000e+00   0.0000000e+00   0.0000000e+00   0.0000000e+00
   0.0000000e+00   0.0000000e+00   0.0000000e+00   0.0000000e+00   0.0000000e+00   0.0000000e+00   0.0000000e+00   0.0000000e+00   0.0000000e+00   0.0000000e+00   0.0000000e+00   0.0000000e+00
   0.0000000e+00   0.0000000e+00   0.0000000e+00   0.0000000e+00   0.0000000e+00   0.0000000e+00   0.0000000e+00   0.0000000e+00   0.0000000e+00   0.0000000e+00   0.0000000e+00   0.0000000e+00
   0.0000000e+00   0.0000000e+00   0.0000000e+00   0.0000000e+00   0.0000000e+00   0.0000000e+00   0.0000000e+00   0.0000000e+00   0.0000000e+00   0.0000000e+00   0.0000000e+00   0.0000000e+00
   0.0000000e+00   0.0000000e+00   0.0000000e+00   0.0000000e+00   0.0000000e+00   0.0000000e+00   0.0000000e+00   0.0000000e+00   0.0000000e+00   0.0000000e+00   0.0000000e+00   0.0000000e+00
   0.0000000e+00   0.0000000e+00   0.0000000e+00   0.0000000e+00   0.0000000e+00   0.0000000e+00   0.0000000e+00   0.0000000e+00   0.0000000e+00   0.0000000e+00   0.0000000e+00   0.0000000e+00
   0.0000000e+00   0.0000000e+00   0.0000000e+00   0.0000000e+00   0.0000000e+00   0.0000000e+00   0.0000000e+00   0.0000000e+00   0.0000000e+00   0.0000000e+00   0.0000000e+00   0.0000000e+00
   0.0000000e+00   0.0000000e+00   0.0000000e+00   0.0000000e+00   0.0000000e+00   0.0000000e+00   0.0000000e+00   0.0000000e+00   0.0000000e+00   0.0000000e+00   0.0000000e+00   0.0000000e+00
   0.0000000e+00   0.0000000e+00   0.0000000e+00   0.0000000e+00   0.0000000e+00   0.0000000e+00   0.0000000e+00   0.0000000e+00   0.0000000e+00   0.0000000e+00   0.0000000e+00   0.0000000e+00
   0.0000000e+00   0.0000000e+00   0.0000000e+00   0.0000000e+00   0.0000000e+00   0.0000000e+00   0.0000000e+00   0.0000000e+00   0.0000000e+00   0.0000000e+00   0.0000000e+00   0.0000000e+00
   0.0000000e+00   0.0000000e+00   0.0000000e+00   0.0000000e+00   0.0000000e+00   0.0000000e+00   0.0000000e+00   0.0000000e+00   0.0000000e+00   0.0000000e+00   0.0000000e+00   0.0000000e+00
   0.0000000e+00   0.0000000e+00   0.0000000e+00   0.0000000e+00   0.0000000e+00   0.0000000e+00   0.0000000e+00   0.0000000e+00   0.0000000e+00   0.0000000e+00   0.0000000e+00   0.0000000e+00
   0.0000000e+00   0.0000000e+00   0.0000000e+00   0.0000000e+00   0.0000000e+00   0.0000000e+00   0.0000000e+00   0.0000000e+00   0.0000000e+00   0.0000000e+00   0.0000000e+00   0.0000000e+00
   0.0000000e+00   0.0000000e+00   0.0000000e+00   0.0000000e+00   0.0000000e+00   0.0000000e+00   0.0000000e+00   0.0000000e+00   0.0000000e+00   0.0000000e+00   0.0000000e+00   0.0000000e+00
   0.0000000e+00   0.0000000e+00   0.0000000e+00   0.0000000e+00   0.0000000e+00   0.0000000e+00   0.0000000e+00   0.0000000e+00   0.0000000e+00   0.0000000e+00   0.0000000e+00   0.0000000e+00
   0.0000000e+00   0.0000000e+00   0.0000000e+00   0.0000000e+00   0.0000000e+00   0.0000000e+00   0.0000000e+00   0.0000000e+00   0.0000000e+00   0.0000000e+00   0.0000000e+00   0.0000000e+00
   0.0000000e+00   0.0000000e+00   0.0000000e+00   0.0000000e+00   0.0000000e+00   0.0000000e+00   0.0000000e+00   0.0000000e+00   0.0000000e+00   0.0000000e+00   0.0000000e+00   0.0000000e+00
   1.1311809e+02   8.0000000e+00   6.0000000e+00   1.0300000e+02   2.5000000e+01   1.2500000e+01   1.9500000e+01   1.1000000e+01   2.0000000e+00   2.0000000e+00   4.0000000e+00   9.3333333e+00
   1.3460765e+02   7.0000000e+00   6.0000000e+00   9.3000000e+01   2.8000000e+01   1.3500000e+01   2.3500000e+01   8.0000000e+00   2.0000000e+00   2.0000000e+00   3.0000000e+00   8.4545455e+00
   1.3324209e+02   9.0000000e+00   6.0000000e+00   1.0800000e+02   3.6000000e+01   1.8000000e+01   1.3750000e+01   7.3333333e+00   2.0000000e+00   4.0000000e+00   3.0000000e+00   8.6153846e+00
   1.1392615e+02   7.0000000e+00   7.0000000e+00   9.5000000e+01   2.8000000e+01   1.0000000e+01   2.2500000e+01   1.2000000e+01   2.0000000e+00   2.0000000e+00   3.0000000e+00   8.5833333e+00
   1.3183352e+02   8.0000000e+00   7.0000000e+00   9.5000000e+01   2.6000000e+01   1.3000000e+01   1.6666667e+01   8.6666667e+00   2.0000000e+00   3.0000000e+00   3.0000000e+00   8.0000000e+00
   1.3939807e+02   7.0000000e+00   7.0000000e+00   1.1200000e+02   3.5000000e+01   1.6000000e+01   1.7666667e+01   1.6500000e+01   2.0000000e+00   3.0000000e+00   2.0000000e+00   9.4166667e+00
   1.8739939e+02   7.0000000e+00   7.0000000e+00   9.1000000e+01   3.6000000e+01   1.8000000e+01   1.3666667e+01   1.0000000e+01   2.0000000e+00   3.0000000e+00   2.0000000e+00   7.5833333e+00
   1.5767101e+02   6.0000000e+00   7.0000000e+00   6.8000000e+01   2.1000000e+01   6.0000000e+00   2.1000000e+01   1.3666667e+01   2.0000000e+00   1.0000000e+00   3.0000000e+00   7.1818182e+00
   1.3193483e+02   7.0000000e+00   7.0000000e+00   9.9000000e+01   3.2000000e+01   1.6000000e+01   1.9500000e+01   1.1666667e+01   2.0000000e+00   2.0000000e+00   3.0000000e+00   8.5000000e+00
   1.3889183e+02   9.0000000e+00   7.0000000e+00   1.2200000e+02   4.9000000e+01   2.4500000e+01   1.4000000e+01   7.6666667e+00   2.0000000e+00   4.0000000e+00   3.0000000e+00   8.7142857e+00
   1.3967211e+02   8.0000000e+00   7.0000000e+00   1.0700000e+02   4.9000000e+01   2.4500000e+01   1.3500000e+01   5.0000000e+00   2.0000000e+00   4.0000000e+00   2.0000000e+00   9.4615385e+00
   1.1417242e+02   1.0000000e+01   7.0000000e+00   1.2900000e+02   3.3000000e+01   1.6500000e+01   1.5500000e+01   1.0000000e+01   2.0000000e+00   4.0000000e+00   4.0000000e+00   8.6000000e+00
   1.8642773e+02   9.0000000e+00   7.0000000e+00   1.0100000e+02   3.2000000e+01   1.6000000e+01   1.3750000e+01   6.6666667e+00   2.0000000e+00   4.0000000e+00   3.0000000e+00   7.2142857e+00
   1.0837457e+02   7.0000000e+00   6.0000000e+00   9.3000000e+01   2.4000000e+01   1.2000000e+01   1.4666667e+01   1.5000000e+01   2.0000000e+00   3.0000000e+00   2.0000000e+00   9.2727273e+00
   1.6396231e+02   8.0000000e+00   7.0000000e+00   9.2000000e+01   4.0000000e+01   2.0000000e+01   1.1250000e+01   6.5000000e+00   2.0000000e+00   4.0000000e+00   2.0000000e+00   7.0769231e+00
   1.3850959e+02   8.0000000e+00   7.0000000e+00   1.1700000e+02   3.8000000e+01   1.7500000e+01   1.9666667e+01   9.6666667e+00   2.0000000e+00   3.0000000e+00   3.0000000e+00   9.0000000e+00
   1.6551343e+02   7.0000000e+00   7.0000000e+00   8.9000000e+01   4.0000000e+01   2.0000000e+01   9.5000000e+00   1.7000000e+01   2.0000000e+00   4.0000000e+00   1.0000000e+00   7.4166667e+00
   1.6267221e+02   1.0000000e+01   8.0000000e+00   1.1200000e+02   3.5000000e+01   1.7500000e+01   1.4250000e+01   6.7500000e+00   2.0000000e+00   4.0000000e+00   4.0000000e+00   7.4375000e+00
   1.6166170e+02   6.0000000e+00   6.0000000e+00   6.2000000e+01   2.7000000e+01   6.5000000e+00   2.7000000e+01   9.0000000e+00   2.0000000e+00   1.0000000e+00   3.0000000e+00   6.2000000e+00
   1.4121559e+02   8.0000000e+00   7.0000000e+00   1.1000000e+02   3.1000000e+01   1.3000000e+01   2.3000000e+01   1.1000000e+01   2.0000000e+00   2.0000000e+00   4.0000000e+00   8.5384615e+00
   1.6977352e+02   1.0000000e+01   8.0000000e+00   1.4300000e+02   5.0000000e+01   2.5000000e+01   1.3333333e+01   1.1000000e+01   2.0000000e+00   6.0000000e+00   2.0000000e+00   1.0000000e+01
   1.3724415e+02   7.0000000e+00   6.0000000e+00   8.8000000e+01   3.5000000e+01   1.7500000e+01   1.4000000e+01   8.0000000e+00   2.0000000e+00   3.0000000e+00   2.0000000e+00   8.0000000e+00
   1.3676502e+02   8.0000000e+00   8.0000000e+00   1.2500000e+02   4.9000000e+01   2.4500000e+01   1.5500000e+01   1.0500000e+01   2.0000000e+00   4.0000000e+00   2.0000000e+00   9.6428571e+00
   1.8508028e+02   1.0000000e+01   7.0000000e+00   1.0600000e+02   4.1000000e+01   2.0500000e+01   1.2000000e+01   5.7500000e+00   2.0000000e+00   4.0000000e+00   4.0000000e+00   7.6000000e+00
   1.1027621e+02   8.0000000e+00   7.0000000e+00   1.1000000e+02   3.7000000e+01   1.8500000e+01   1.3500000e+01   1.2500000e+01   2.0000000e+00   4.0000000e+00   2.0000000e+00   9.0000000e+00
   1.1474231e+02   9.0000000e+00   7.0000000e+00   1.2800000e+02   3.3000000e+01   1.6500000e+01   1.6750000e+01   1.1666667e+01   2.0000000e+00   4.0000000e+00   3.0000000e+00   1.0142857e+01
   1.6213436e+02   9.0000000e+00   7.0000000e+00   1.0200000e+02   3.5000000e+01   1.7500000e+01   1.4000000e+01   5.6666667e+00   2.0000000e+00   4.0000000e+00   3.0000000e+00   7.9285714e+00
   1.6395925e+02   9.0000000e+00   7.0000000e+00   1.0700000e+02   3.7000000e+01   1.8500000e+01   1.5000000e+01   5.3333333e+00   2.0000000e+00   4.0000000e+00   3.0000000e+00   8.0714286e+00
   1.3836913e+02   9.0000000e+00   7.0000000e+00   1.3800000e+02   3.4000000e+01   1.5000000e+01   2.4666667e+01   1.0250000e+01   2.0000000e+00   3.0000000e+00   4.0000000e+00   9.9285714e+00
   9.4380901e+01   8.0000000e+00   8.0000000e+00   1.4800000e+02   4.6000000e+01   1.5000000e+01   3.6500000e+01   1.3000000e+01   2.0000000e+00   2.0000000e+00   4.0000000e+00   1.1428571e+01
   1.1335663e+02   6.0000000e+00   7.0000000e+00   1.1200000e+02   3.8000000e+01   1.2500000e+01   2.5000000e+01   2.1500000e+01   2.0000000e+00   2.0000000e+00   2.0000000e+00   1.0636364e+01
   1.3415221e+02   9.0000000e+00   6.0000000e+00   1.0300000e+02   3.5000000e+01   1.7500000e+01   1.2750000e+01   7.3333333e+00   2.0000000e+00   4.0000000e+00   3.0000000e+00   7.9230769e+00
