   1.3806984e+02   1.0000000e+01   7.0000000e+00   1.6600000e+02   4.5000000e+01   2.2500000e+01   1.8400000e+01   1.1666667e+01   2.0000000e+00   5.0000000e+00   3.0000000e+00   1.1866667e+01
   1.3939837e+02   1.1000000e+01   9.0000000e+00   1.7200000e+02   5.1000000e+01   2.5500000e+01   2.1500000e+01   9.2000000e+00   2.0000000e+00   4.0000000e+00   5.0000000e+00   1.1470588e+01
   1.9876610e+02   6.0000000e+00   8.0000000e+00   1.4200000e+02   3.9000000e+01   1.9000000e+01   2.6500000e+01   2.9000000e+01   2.0000000e+00   2.0000000e+00   2.0000000e+00   1.1833333e+01
   1.7021192e+02   8.0000000e+00   8.0000000e+00   1.5800000e+02   4.4000000e+01   2.2000000e+01   1.7750000e+01   2.5000000e+01   2.0000000e+00   4.0000000e+00   2.0000000e+00   1.1785714e+01
   1.7280058e+02   9.0000000e+00   8.0000000e+00   1.6400000e+02   4.9000000e+01   2.4500000e+01   2.0750000e+01   1.3000000e+01   2.0000000e+00   4.0000000e+00   3.0000000e+00   1.0933333e+01
   1.4702350e+02   1.0000000e+01   9.0000000e+00   1.5300000e+02   6.1000000e+01   3.0500000e+01   1.3750000e+01   1.1500000e+01   2.0000000e+00   4.0000000e+00   4.0000000e+00   1.1764706e+01
   1.9968817e+02   9.0000000e+00   9.0000000e+00   1.8200000e+02   4.9000000e+01   2.4500000e+01   2.5333333e+01   1.6500000e+01   2.0000000e+00   3.0000000e+00   4.0000000e+00   1.2250000e+01
   1.9651250e+02   1.0000000e+01   1.0000000e+01   1.7500000e+02   5.2000000e+01   2.6000000e+01   2.3666667e+01   1.2200000e+01   2.0000000e+00   3.0000000e+00   5.0000000e+00   1.1111111e+01
   1.6961465e+02   8.0000000e+00   8.0000000e+00   1.5600000e+02   4.5000000e+01   2.2500000e+01   2.3666667e+01   1.5666667e+01   2.0000000e+00   3.0000000e+00   3.0000000e+00   1.1142857e+01
   2.2359908e+02   9.0000000e+00   9.0000000e+00   2.0000000e+02   5.6000000e+01   2.8000000e+01   3.0000000e+01   1.5500000e+01   2.0000000e+00   3.0000000e+00   4.0000000e+00   1.2875000e+01
   2.3613389e+02   1.1000000e+01   1.0000000e+01   2.0900000e+02   5.5000000e+01   2.7500000e+01   3.1333333e+01   1.1666667e+01   2.0000000e+00   3.0000000e+00   6.0000000e+00   1.1263158e+01
   1.8865034e+02   1.5000000e+01   1.1000000e+01   2.6700000e+02   6.0000000e+01   3.0000000e+01   2.4666667e+01   1.0000000e+01   2.0000000e+00   6.0000000e+00   7.0000000e+00   1.2625000e+01
   2.2515140e+02   1.0000000e+01   1.0000000e+01   1.9300000e+02   5.6000000e+01   2.8000000e+01   2.4666667e+01   1.4400000e+01   2.0000000e+00   3.0000000e+00   5.0000000e+00   1.1888889e+01
   1.5128046e+02   9.0000000e+00   8.0000000e+00   1.8200000e+02   5.8000000e+01   2.9000000e+01   2.2500000e+01   1.4000000e+01   2.0000000e+00   4.0000000e+00   3.0000000e+00   1.2200000e+01
   1.9806700e+02   9.0000000e+00   9.0000000e+00   1.8100000e+02   5.5000000e+01   2.7500000e+01   2.9666667e+01   1.1500000e+01   2.0000000e+00   3.0000000e+00   4.0000000e+00   1.2187500e+01
   1.7460759e+02   9.0000000e+00   9.0000000e+00   1.7000000e+02   5.5000000e+01   2.7500000e+01   2.5666667e+01   1.1750000e+01   2.0000000e+00   3.0000000e+00   4.0000000e+00   1.1437500e+01
   1.9599174e+02   1.0000000e+01   9.0000000e+00   1.9600000e+02   5.5000000e+01   2.7500000e+01   2.3750000e+01   1.3500000e+01   2.0000000e+00   4.0000000e+00   4.0000000e+00   1.2764706e+01
   1.9803357e+02   9.0000000e+00   9.0000000e+00   1.8400000e+02   5.0000000e+01   1.8500000e+01   4.2000000e+01   1.4200000e+01   2.0000000e+00   2.0000000e+00   5.0000000e+00   1.2500000e+01
   1.5056790e+02   1.0000000e+01   9.0000000e+00   1.6500000e+02   4.7000000e+01   2.3500000e+01   1.7750000e+01   1.4250000e+01   2.0000000e+00   4.0000000e+00   4.0000000e+00   1.0529412e+01
   1.4517824e+02   1.0000000e+01   8.0000000e+00   1.7900000e+02   4.9000000e+01   2.4500000e+01   2.3666667e+01   1.3200000e+01   2.0000000e+00   3.0000000e+00   5.0000000e+00   1.1312500e+01
   1.9843635e+02   1.2000000e+01   9.0000000e+00   2.0800000e+02   5.3000000e+01   2.6500000e+01   2.0600000e+01   1.2400000e+01   2.0000000e+00   5.0000000e+00   5.0000000e+00   1.1315789e+01
   1.9842483e+02   8.0000000e+00   9.0000000e+00   2.0200000e+02   6.1000000e+01   3.0500000e+01   2.9333333e+01   2.0666667e+01   2.0000000e+00   3.0000000e+00   3.0000000e+00   1.3866667e+01
   1.5499790e+02   1.1000000e+01   9.0000000e+00   1.9000000e+02   5.4000000e+01   2.7000000e+01   1.9000000e+01   1.2250000e+01   2.0000000e+00   5.0000000e+00   4.0000000e+00   1.1444444e+01
   1.7503717e+02   1.0000000e+01   9.0000000e+00   2.0400000e+02   4.1000000e+01   2.0500000e+01   2.6250000e+01   1.6750000e+01   2.0000000e+00   4.0000000e+00   4.0000000e+00   1.2529412e+01
   1.3655567e+02   6.0000000e+00   8.0000000e+00   1.4800000e+02   4.5000000e+01   2.2500000e+01   2.8500000e+01   2.6500000e+01   2.0000000e+00   2.0000000e+00   2.0000000e+00   1.2916667e+01
   1.8052945e+02   1.0000000e+01   9.0000000e+00   2.0000000e+02   5.6000000e+01   2.8000000e+01   2.4750000e+01   1.3250000e+01   2.0000000e+00   4.0000000e+00   4.0000000e+00   1.2647059e+01
   2.0116369e+02   1.0000000e+01   1.0000000e+01   1.9500000e+02   4.9000000e+01   2.4500000e+01   2.6666667e+01   1.5200000e+01   2.0000000e+00   3.0000000e+00   5.0000000e+00   1.1444444e+01
   1.4941047e+02   1.1000000e+01   9.0000000e+00   1.9400000e+02   5.0000000e+01   2.5000000e+01   2.5500000e+01   1.0000000e+01   2.0000000e+00   4.0000000e+00   5.0000000e+00   1.1444444e+01
   1.7369538e+02   1.0000000e+01   9.0000000e+00   1.8400000e+02   5.2000000e+01   1.8500000e+01   4.1000000e+01   1.2333333e+01   2.0000000e+00   2.0000000e+00   6.0000000e+00   1.2000000e+01
   1.1263996e+02   9.0000000e+00   8.0000000e+00   1.5100000e+02   4.6000000e+01   2.3000000e+01   2.1000000e+01   1.2750000e+01   2.0000000e+00   3.0000000e+00   4.0000000e+00   1.1800000e+01
   1.5378864e+02   9.0000000e+00   9.0000000e+00   1.7400000e+02   4.1000000e+01   2.0500000e+01   2.6666667e+01   1.5250000e+01   2.0000000e+00   3.0000000e+00   4.0000000e+00   1.1937500e+01
   2.0903847e+02   9.0000000e+00   1.1000000e+01   2.0000000e+02   4.0000000e+01   2.0000000e+01   3.3000000e+01   1.7750000e+01   2.0000000e+00   3.0000000e+00   4.0000000e+00   1.2222222e+01
   1.4507669e+02   8.0000000e+00   1.0000000e+01   1.6900000e+02   4.7000000e+01   2.3500000e+01   1.8250000e+01   2.9000000e+01   2.0000000e+00   4.0000000e+00   2.0000000e+00   1.1400000e+01
   2.0690563e+02   1.1000000e+01   1.0000000e+01   2.1700000e+02   4.0000000e+01   1.8500000e+01   3.5333333e+01   1.4166667e+01   2.0000000e+00   3.0000000e+00   6.0000000e+00   1.2421053e+01
   1.9490442e+02   9.0000000e+00   1.0000000e+01   1.7000000e+02   5.7000000e+01   2.8500000e+01   1.9500000e+01   1.5000000e+01   2.0000000e+00   4.0000000e+00   3.0000000e+00   1.1117647e+01
   1.7833194e+02   1.1000000e+01   9.0000000e+00   2.1000000e+02   5.3000000e+01   2.6500000e+01   2.4000000e+01   1.4000000e+01   2.0000000e+00   4.0000000e+00   5.0000000e+00   1.2166667e+01
   2.2491591e+02   9.0000000e+00   9.0000000e+00   1.7000000e+02   6.6000000e+01   3.3000000e+01   1.9250000e+01   1.1666667e+01   2.0000000e+00   4.0000000e+00   3.0000000e+00   1.2062500e+01
   1.7504593e+02   1.0000000e+01   1.0000000e+01   1.9500000e+02   5.7000000e+01   2.8500000e+01   2.1750000e+01   1.5250000e+01   2.0000000e+00   4.0000000e+00   4.0000000e+00   1.1555556e+01
   1.4538352e+02   8.0000000e+00   8.0000000e+00   1.6000000e+02   4.3000000e+01   2.1500000e+01   1.9666667e+01   2.1666667e+01   2.0000000e+00   3.0000000e+00   3.0000000e+00   1.1428571e+01
   1.2194485e+02   9.0000000e+00   8.0000000e+00   1.7000000e+02   3.9000000e+01   1.9500000e+01   3.5000000e+01   1.3600000e+01   2.0000000e+00   2.0000000e+00   5.0000000e+00   1.1933333e+01
   1.9356519e+02   1.1000000e+01   1.2000000e+01   2.4900000e+02   5.1000000e+01   1.9500000e+01   4.4000000e+01   1.9000000e+01   2.0000000e+00   2.0000000e+00   7.0000000e+00   1.2476190e+01
   1.9957905e+02   7.0000000e+00   1.0000000e+01   1.4600000e+02   5.2000000e+01   2.0500000e+01   2.5000000e+01   2.1333333e+01   2.0000000e+00   2.0000000e+00   3.0000000e+00   1.1266667e+01
   2.2545072e+02   1.1000000e+01   9.0000000e+00   2.1100000e+02   4.2000000e+01   2.1000000e+01   2.8666667e+01   1.5166667e+01   2.0000000e+00   3.0000000e+00   6.0000000e+00   1.1944444e+01
   1.9870800e+02   1.0000000e+01   9.0000000e+00   1.8300000e+02   3.9000000e+01   1.6000000e+01   2.3666667e+01   1.7600000e+01   2.0000000e+00   3.0000000e+00   5.0000000e+00   1.1470588e+01
   2.0516616e+02   1.1000000e+01   1.0000000e+01   2.2000000e+02   4.9000000e+01   2.0000000e+01   2.5250000e+01   1.8200000e+01   2.0000000e+00   4.0000000e+00   5.0000000e+00   1.2631579e+01
   1.7623358e+02   1.0000000e+01   9.0000000e+00   1.6700000e+02   3.3000000e+01   1.5000000e+01   2.4333333e+01   1.4400000e+01   2.0000000e+00   3.0000000e+00   5.0000000e+00   9.8823529e+00
   2.0472948e+02   1.0000000e+01   1.0000000e+01   1.9900000e+02   5.2000000e+01   2.6000000e+01   2.6333333e+01   1.5400000e+01   2.0000000e+00   3.0000000e+00   5.0000000e+00   1.2000000e+01
   2.0268884e+02   1.0000000e+01   9.0000000e+00   1.8000000e+02   4.6000000e+01   2.3000000e+01   2.1333333e+01   1.6000000e+01   2.0000000e+00   3.0000000e+00   5.0000000e+00   1.0941176e+01
   1.9736324e+02   1.2000000e+01   9.0000000e+00   2.0700000e+02   5.4000000e+01   2.7000000e+01   1.8500000e+01   1.3000000e+01   2.0000000e+00   6.0000000e+00   4.0000000e+00   1.2473684e+01
   1.6744530e+02   8.0000000e+00   7.0000000e+00   1.4800000e+02   5.0000000e+01   1.1000000e+01   5.0000000e+01   1.6400000e+01   2.0000000e+00   1.0000000e+00   5.0000000e+00   1.1384615e+01
   2.0035492e+02   1.0000000e+01   9.0000000e+00   2.2300000e+02   5.6000000e+01   2.8000000e+01   2.5750000e+01   1.8250000e+01   2.0000000e+00   4.0000000e+00   4.0000000e+00   1.3823529e+01
   1.7334917e+02   1.2000000e+01   9.0000000e+00   1.9100000e+02   4.3000000e+01   2.1500000e+01   2.4000000e+01   1.0333333e+01   2.0000000e+00   4.0000000e+00   6.0000000e+00   1.1722222e+01
   1.2991242e+02   9.0000000e+00   9.0000000e+00   1.9700000e+02   5.2000000e+01   1.9500000e+01   4.6000000e+01   1.5200000e+01   2.0000000e+00   2.0000000e+00   5.0000000e+00   1.2812500e+01
   1.9400458e+02   1.1000000e+01   9.0000000e+00   1.9600000e+02   4.8000000e+01   2.4000000e+01   3.0666667e+01   1.0666667e+01   2.0000000e+00   3.0000000e+00   6.0000000e+00   1.2166667e+01
   2.1948311e+02   7.0000000e+00   8.0000000e+00   1.4400000e+02   3.8000000e+01   1.0000000e+01   3.1000000e+01   2.3333333e+01   2.0000000e+00   2.0000000e+00   3.0000000e+00   1.1153846e+01
   1.7503391e+02   8.0000000e+00   9.0000000e+00   1.6900000e+02   4.1000000e+01   2.0500000e+01   2.8500000e+01   1.9750000e+01   2.0000000e+00   2.0000000e+00   4.0000000e+00   1.2266667e+01
   1.5873433e+02   1.1000000e+01   1.0000000e+01   2.3700000e+02   4.7000000e+01   2.1000000e+01   3.8666667e+01   1.4666667e+01   2.0000000e+00   3.0000000e+00   6.0000000e+00   1.3368421e+01
   2.1807856e+02   1.1000000e+01   8.0000000e+00   1.8800000e+02   5.8000000e+01   2.9000000e+01   1.7500000e+01   1.0666667e+01   2.0000000e+00   6.0000000e+00   3.0000000e+00   1.1470588e+01
   1.5680239e+02   1.1000000e+01   1.0000000e+01   2.0400000e+02   6.5000000e+01   3.2500000e+01   2.2750000e+01   1.1400000e+01   2.0000000e+00   4.0000000e+00   5.0000000e+00   1.1421053e+01
   1.7951980e+02   9.0000000e+00   9.0000000e+00   1.6300000e+02   3.6000000e+01   1.7000000e+01   3.4500000e+01   1.3600000e+01   2.0000000e+00   2.0000000e+00   5.0000000e+00   1.1066667e+01
   1.7916363e+02   1.3000000e+01   9.0000000e+00   2.7000000e+02   4.3000000e+01   2.1500000e+01   3.2250000e+01   1.5571429e+01   2.0000000e+00   4.0000000e+00   7.0000000e+00   1.3750000e+01
   1.7032113e+02   1.0000000e+01   9.0000000e+00   1.8600000e+02   5.1000000e+01   2.5500000e+01   2.8000000e+01   1.1800000e+01   2.0000000e+00   3.0000000e+00   5.0000000e+00   1.1705882e+01
   2.3215841e+02   1.2000000e+01   1.0000000e+01   2.3400000e+02   6.2000000e+01   3.1000000e+01   2.1666667e+01   1.2750000e+01   2.0000000e+00   6.0000000e+00   4.0000000e+00   1.2450000e+01
   2.5951473e+02   1.0000000e+01   1.1000000e+01   2.2300000e+02   5.4000000e+01   2.7000000e+01   2.2750000e+01   2.2750000e+01   2.0000000e+00   4.0000000e+00   4.0000000e+00   1.2157895e+01
   1.6846116e+02   1.0000000e+01   9.0000000e+00   1.7300000e+02   5.3000000e+01   2.6500000e+01   2.1250000e+01   1.1000000e+01   2.0000000e+00   4.0000000e+00   4.0000000e+00   1.2000000e+01
   1.9814608e+02   9.0000000e+00   9.0000000e+00   1.7900000e+02   5.2000000e+01   2.6000000e+01   2.8333333e+01   1.2750000e+01   2.0000000e+00   3.0000000e+00   4.0000000e+00   1.1500000e+01
   1.8084056e+02   9.0000000e+00   1.0000000e+01   2.1300000e+02   4.3000000e+01   1.8500000e+01   2.5666667e+01   2.7000000e+01   2.0000000e+00   3.0000000e+00   4.0000000e+00   1.2705882e+01
   1.4137597e+02   9.0000000e+00   9.0000000e+00   1.6200000e+02   4.8000000e+01   2.4000000e+01   2.3666667e+01   1.2750000e+01   2.0000000e+00   3.0000000e+00   4.0000000e+00   1.0800000e+01
   1.4643794e+02   9.0000000e+00   9.0000000e+00   1.6700000e+02   4.5000000e+01   2.2500000e+01   2.5666667e+01   1.3500000e+01   2.0000000e+00   3.0000000e+00   4.0000000e+00   1.1375000e+01
   1.4558587e+02   1.0000000e+01   9.0000000e+00   1.8000000e+02   4.5000000e+01   2.2500000e+01   2.4500000e+01   1.1250000e+01   2.0000000e+00   4.0000000e+00   4.0000000e+00   1.1470588e+01
   1.5123083e+02   9.0000000e+00   9.0000000e+00   1.6000000e+02   4.6000000e+01   2.3000000e+01   1.9666667e+01   1.6000000e+01   2.0000000e+00   3.0000000e+00   4.0000000e+00   1.1375000e+01
   1.9552590e+02   9.0000000e+00   9.0000000e+00   1.6900000e+02   6.3000000e+01   3.1500000e+01   2.0000000e+01   1.1666667e+01   2.0000000e+00   4.0000000e+00   3.0000000e+00   1.1250000e+01
   1.7385108e+02   9.0000000e+00   8.0000000e+00   1.7000000e+02   6.4000000e+01   3.2000000e+01   2.0750000e+01   1.0000000e+01   2.0000000e+00   4.0000000e+00   3.0000000e+00   1.1333333e+01
   1.6638258e+02   8.0000000e+00   9.0000000e+00   1.6100000e+02   4.3000000e+01   2.1500000e+01   2.8000000e+01   1.7500000e+01   2.0000000e+00   2.0000000e+00   4.0000000e+00   1.1928571e+01
   2.0814056e+02   1.1000000e+01   1.0000000e+01   2.1100000e+02   6.1000000e+01   3.0500000e+01   2.1400000e+01   1.3500000e+01   2.0000000e+00   5.0000000e+00   4.0000000e+00   1.1368421e+01
   1.5959815e+02   1.2000000e+01   1.0000000e+01   2.3900000e+02   5.9000000e+01   2.9500000e+01   2.2000000e+01   1.6000000e+01   2.0000000e+00   5.0000000e+00   5.0000000e+00   1.3300000e+01
   1.9379739e+02   9.0000000e+00   9.0000000e+00   1.8400000e+02   5.0000000e+01   2.5000000e+01   2.8000000e+01   1.4500000e+01   2.0000000e+00   3.0000000e+00   4.0000000e+00   1.2312500e+01
   1.7423642e+02   9.0000000e+00   9.0000000e+00   1.7700000e+02   4.1000000e+01   2.0500000e+01   2.5666667e+01   1.6750000e+01   2.0000000e+00   3.0000000e+00   4.0000000e+00   1.2500000e+01
   1.9916935e+02   1.0000000e+01   1.0000000e+01   2.0000000e+02   5.3000000e+01   2.6500000e+01   3.1000000e+01   1.2800000e+01   2.0000000e+00   3.0000000e+00   5.0000000e+00   1.2500000e+01
   2.2691903e+02   1.1000000e+01   1.0000000e+01   2.0700000e+02   6.2000000e+01   3.1000000e+01   2.2500000e+01   1.3000000e+01   2.0000000e+00   4.0000000e+00   5.0000000e+00   1.1368421e+01
   1.7652814e+02   1.2000000e+01   9.0000000e+00   2.0900000e+02   3.6000000e+01   1.7000000e+01   2.5250000e+01   1.3833333e+01   2.0000000e+00   4.0000000e+00   6.0000000e+00   1.1684211e+01
   1.9973676e+02   1.1000000e+01   9.0000000e+00   1.9500000e+02   5.2000000e+01   2.6000000e+01   2.2000000e+01   1.2600000e+01   2.0000000e+00   4.0000000e+00   5.0000000e+00   1.1888889e+01
   1.8098154e+02   9.0000000e+00   9.0000000e+00   1.8000000e+02   4.8000000e+01   2.4000000e+01   2.4000000e+01   1.7000000e+01   2.0000000e+00   3.0000000e+00   4.0000000e+00   1.1687500e+01
   1.7730413e+02   1.2000000e+01   9.0000000e+00   2.2800000e+02   5.0000000e+01   2.5000000e+01   2.7500000e+01   1.3000000e+01   2.0000000e+00   4.0000000e+00   6.0000000e+00   1.2315789e+01
   1.8266746e+02   1.1000000e+01   1.0000000e+01   1.9900000e+02   4.1000000e+01   1.9000000e+01   2.9666667e+01   1.3500000e+01   2.0000000e+00   3.0000000e+00   6.0000000e+00   1.1368421e+01
   1.7353467e+02   7.0000000e+00   8.0000000e+00   1.5900000e+02   4.0000000e+01   2.0000000e+01   3.1500000e+01   2.1000000e+01   2.0000000e+00   2.0000000e+00   3.0000000e+00   1.2230769e+01
   1.4035161e+02   8.0000000e+00   7.0000000e+00   1.4200000e+02   4.6000000e+01   2.3000000e+01   2.2666667e+01   1.2333333e+01   2.0000000e+00   3.0000000e+00   3.0000000e+00   1.1153846e+01
   1.2325439e+02   9.0000000e+00   8.0000000e+00   1.7400000e+02   3.9000000e+01   1.9500000e+01   3.5000000e+01   1.4400000e+01   2.0000000e+00   2.0000000e+00   5.0000000e+00   1.1933333e+01
   1.9719131e+02   9.0000000e+00   8.0000000e+00   1.7000000e+02   5.2000000e+01   2.6000000e+01   2.4666667e+01   1.2750000e+01   2.0000000e+00   3.0000000e+00   4.0000000e+00   1.2266667e+01
   1.7349610e+02   7.0000000e+00   9.0000000e+00   1.5700000e+02   4.8000000e+01   2.4000000e+01   2.0333333e+01   2.8000000e+01   2.0000000e+00   3.0000000e+00   2.0000000e+00   1.1928571e+01
   2.0332756e+02   1.1000000e+01   1.0000000e+01   2.1700000e+02   5.1000000e+01   2.5500000e+01   2.7000000e+01   1.3600000e+01   2.0000000e+00   4.0000000e+00   5.0000000e+00   1.2000000e+01
   1.7849095e+02   1.2000000e+01   1.1000000e+01   2.6400000e+02   4.2000000e+01   2.0500000e+01   3.6666667e+01   1.7571429e+01   2.0000000e+00   3.0000000e+00   7.0000000e+00   1.3200000e+01
   2.3259241e+02   1.1000000e+01   1.1000000e+01   2.4200000e+02   7.0000000e+01   3.5000000e+01   2.9750000e+01   1.2800000e+01   2.0000000e+00   4.0000000e+00   5.0000000e+00   1.3050000e+01
   1.5382706e+02   9.0000000e+00   1.0000000e+01   1.9600000e+02   4.3000000e+01   2.1500000e+01   2.8666667e+01   1.9000000e+01   2.0000000e+00   3.0000000e+00   4.0000000e+00   1.2411765e+01
   1.7744184e+02   9.0000000e+00   9.0000000e+00   1.8700000e+02   5.4000000e+01   2.7000000e+01   2.8000000e+01   1.4250000e+01   2.0000000e+00   3.0000000e+00   4.0000000e+00   1.2375000e+01
   2.0504932e+02   9.0000000e+00   1.0000000e+01   2.0000000e+02   4.4000000e+01   1.9000000e+01   3.5000000e+01   2.0200000e+01   2.0000000e+00   2.0000000e+00   5.0000000e+00   1.2647059e+01
   2.0192233e+02   1.2000000e+01   1.1000000e+01   2.3200000e+02   4.8000000e+01   2.4000000e+01   2.5250000e+01   1.5833333e+01   2.0000000e+00   4.0000000e+00   6.0000000e+00   1.2150000e+01
   1.8169702e+02   1.0000000e+01   1.0000000e+01   2.2300000e+02   4.4000000e+01   2.1500000e+01   4.2000000e+01   1.7500000e+01   2.0000000e+00   2.0000000e+00   6.0000000e+00   1.3000000e+01
   1.8282572e+02   1.1000000e+01   1.1000000e+01   2.5000000e+02   6.4000000e+01   3.2000000e+01   2.7500000e+01   1.7600000e+01   2.0000000e+00   4.0000000e+00   5.0000000e+00   1.3050000e+01
   1.9306883e+02   1.2000000e+01   9.0000000e+00   1.9600000e+02   4.8000000e+01   2.4000000e+01   2.2750000e+01   1.0833333e+01   2.0000000e+00   4.0000000e+00   6.0000000e+00   1.2157895e+01
