   1.0947696e+03   3.9000000e+01   6.0000000e+01   2.3600000e+02   3.5000000e+01   1.7500000e+01   1.6750000e+01   4.5172414e+00   2.0000000e+00   8.0000000e+00   2.9000000e+01   3.0227273e+00
   1.3363526e+03   5.0000000e+01   7.4000000e+01   3.8100000e+02   4.6000000e+01   2.3000000e+01   2.2777778e+01   5.4615385e+00   2.0000000e+00   9.0000000e+00   3.9000000e+01   4.0869565e+00
   6.3000000e+01   3.0000000e+00   2.0000000e+00   9.0000000e+00   7.0000000e+00   3.5000000e+00   3.0000000e+00   0.0000000e+00   2.0000000e+00   1.0000000e+00   0.0000000e+00   3.0000000e+00
   6.3000000e+01   3.0000000e+00   2.0000000e+00   6.0000000e+00   5.0000000e+00   2.5000000e+00   2.0000000e+00   0.0000000e+00   2.0000000e+00   1.0000000e+00   0.0000000e+00   2.0000000e+00
   6.3000000e+01   4.0000000e+00   2.0000000e+00   1.1000000e+01   6.0000000e+00   3.0000000e+00   3.0000000e+00   0.0000000e+00   2.0000000e+00   2.0000000e+00   0.0000000e+00   2.7500000e+00
   6.3000000e+01   4.0000000e+00   2.0000000e+00   1.2000000e+01   7.0000000e+00   3.5000000e+00   3.0000000e+00   0.0000000e+00   2.0000000e+00   2.0000000e+00   0.0000000e+00   3.0000000e+00
   6.3000000e+01   3.0000000e+00   2.0000000e+00   9.0000000e+00   7.0000000e+00   3.5000000e+00   3.0000000e+00   0.0000000e+00   2.0000000e+00   1.0000000e+00   0.0000000e+00   3.0000000e+00
   6.3000000e+01   3.0000000e+00   2.0000000e+00   8.0000000e+00   6.0000000e+00   3.0000000e+00   3.0000000e+00   0.0000000e+00   2.0000000e+00   1.0000000e+00   0.0000000e+00   2.6666667e+00
   6.3000000e+01   3.0000000e+00   2.0000000e+00   6.0000000e+00   5.0000000e+00   2.5000000e+00   2.0000000e+00   0.0000000e+00   2.0000000e+00   1.0000000e+00   0.0000000e+00   2.0000000e+00
   6.3000000e+01   3.0000000e+00   2.0000000e+00   9.0000000e+00   7.0000000e+00   3.5000000e+00   3.0000000e+00   0.0000000e+00   2.0000000e+00   1.0000000e+00   0.0000000e+00   3.0000000e+00
   6.3000000e+01   3.0000000e+00   2.0000000e+00   7.0000000e+00   6.0000000e+00   3.0000000e+00   2.0000000e+00   0.0000000e+00   2.0000000e+00   1.0000000e+00   0.0000000e+00   2.3333333e+00
   6.3000000e+01   4.0000000e+00   2.0000000e+00   1.2000000e+01   7.0000000e+00   3.5000000e+00   3.0000000e+00   0.0000000e+00   2.0000000e+00   2.0000000e+00   0.0000000e+00   3.0000000e+00
   6.3000000e+01   4.0000000e+00   2.0000000e+00   1.2000000e+01   7.0000000e+00   3.5000000e+00   3.0000000e+00   0.0000000e+00   2.0000000e+00   2.0000000e+00   0.0000000e+00   3.0000000e+00
   6.3000000e+01   3.0000000e+00   2.0000000e+00   8.0000000e+00   6.0000000e+00   3.0000000e+00   3.0000000e+00   0.0000000e+00   2.0000000e+00   1.0000000e+00   0.0000000e+00   2.6666667e+00
   6.3000000e+01   3.0000000e+00   2.0000000e+00   7.0000000e+00   6.0000000e+00   3.0000000e+00   2.0000000e+00   0.0000000e+00   2.0000000e+00   1.0000000e+00   0.0000000e+00   2.3333333e+00
   6.3000000e+01   3.0000000e+00   2.0000000e+00   8.0000000e+00   6.0000000e+00   3.0000000e+00   3.0000000e+00   0.0000000e+00   2.0000000e+00   1.0000000e+00   0.0000000e+00   2.6666667e+00
   6.3000000e+01   3.0000000e+00   2.0000000e+00   9.0000000e+00   7.0000000e+00   3.5000000e+00   3.0000000e+00   0.0000000e+00   2.0000000e+00   1.0000000e+00   0.0000000e+00   3.0000000e+00
   6.3000000e+01   3.0000000e+00   2.0000000e+00   9.0000000e+00   7.0000000e+00   3.5000000e+00   3.0000000e+00   0.0000000e+00   2.0000000e+00   1.0000000e+00   0.0000000e+00   3.0000000e+00
   6.3000000e+01   3.0000000e+00   2.0000000e+00   7.0000000e+00   6.0000000e+00   3.0000000e+00   2.0000000e+00   0.0000000e+00   2.0000000e+00   1.0000000e+00   0.0000000e+00   2.3333333e+00
   6.3000000e+01   4.0000000e+00   2.0000000e+00   8.0000000e+00   5.0000000e+00   2.5000000e+00   2.0000000e+00   0.0000000e+00   2.0000000e+00   2.0000000e+00   0.0000000e+00   2.0000000e+00
   6.3000000e+01   3.0000000e+00   2.0000000e+00   7.0000000e+00   6.0000000e+00   3.0000000e+00   2.0000000e+00   0.0000000e+00   2.0000000e+00   1.0000000e+00   0.0000000e+00   2.3333333e+00
   6.3000000e+01   3.0000000e+00   2.0000000e+00   7.0000000e+00   6.0000000e+00   3.0000000e+00   2.0000000e+00   0.0000000e+00   2.0000000e+00   1.0000000e+00   0.0000000e+00   2.3333333e+00
   6.3000000e+01   4.0000000e+00   2.0000000e+00   1.2000000e+01   7.0000000e+00   3.5000000e+00   3.0000000e+00   0.0000000e+00   2.0000000e+00   2.0000000e+00   0.0000000e+00   3.0000000e+00
   6.3000000e+01   3.0000000e+00   2.0000000e+00   7.0000000e+00   6.0000000e+00   3.0000000e+00   2.0000000e+00   0.0000000e+00   2.0000000e+00   1.0000000e+00   0.0000000e+00   2.3333333e+00
   6.3000000e+01   3.0000000e+00   2.0000000e+00   8.0000000e+00   6.0000000e+00   3.0000000e+00   3.0000000e+00   0.0000000e+00   2.0000000e+00   1.0000000e+00   0.0000000e+00   2.6666667e+00
   6.3000000e+01   3.0000000e+00   2.0000000e+00   7.0000000e+00   6.0000000e+00   3.0000000e+00   2.0000000e+00   0.0000000e+00   2.0000000e+00   1.0000000e+00   0.0000000e+00   2.3333333e+00
   6.3000000e+01   3.0000000e+00   2.0000000e+00   7.0000000e+00   6.0000000e+00   3.0000000e+00   2.0000000e+00   0.0000000e+00   2.0000000e+00   1.0000000e+00   0.0000000e+00   2.3333333e+00
   6.3000000e+01   4.0000000e+00   2.0000000e+00   8.0000000e+00   5.0000000e+00   2.5000000e+00   2.0000000e+00   0.0000000e+00   2.0000000e+00   2.0000000e+00   0.0000000e+00   2.0000000e+00
   6.3000000e+01   3.0000000e+00   2.0000000e+00   9.0000000e+00   7.0000000e+00   3.5000000e+00   3.0000000e+00   0.0000000e+00   2.0000000e+00   1.0000000e+00   0.0000000e+00   3.0000000e+00
   6.3000000e+01   3.0000000e+00   2.0000000e+00   9.0000000e+00   7.0000000e+00   3.5000000e+00   3.0000000e+00   0.0000000e+00   2.0000000e+00   1.0000000e+00   0.0000000e+00   3.0000000e+00
   6.3000000e+01   4.0000000e+00   2.0000000e+00   1.2000000e+01   7.0000000e+00   3.5000000e+00   3.0000000e+00   0.0000000e+00   2.0000000e+00   2.0000000e+00   0.0000000e+00   3.0000000e+00
   6.3000000e+01   3.0000000e+00   2.0000000e+00   9.0000000e+00   7.0000000e+00   3.5000000e+00   3.0000000e+00   0.0000000e+00   2.0000000e+00   1.0000000e+00   0.0000000e+00   3.0000000e+00
   6.3000000e+01   4.0000000e+00   2.0000000e+00   1.1000000e+01   6.0000000e+00   3.0000000e+00   3.0000000e+00   0.0000000e+00   2.0000000e+00   2.0000000e+00   0.0000000e+00   2.7500000e+00
   6.3000000e+01   3.0000000e+00   2.0000000e+00   9.0000000e+00   7.0000000e+00   3.5000000e+00   3.0000000e+00   0.0000000e+00   2.0000000e+00   1.0000000e+00   0.0000000e+00   3.0000000e+00
   6.3000000e+01   3.0000000e+00   2.0000000e+00   8.0000000e+00   6.0000000e+00   3.0000000e+00   3.0000000e+00   0.0000000e+00   2.0000000e+00   1.0000000e+00   0.0000000e+00   2.6666667e+00
   6.3000000e+01   4.0000000e+00   2.0000000e+00   1.2000000e+01   7.0000000e+00   3.5000000e+00   3.0000000e+00   0.0000000e+00   2.0000000e+00   2.0000000e+00   0.0000000e+00   3.0000000e+00
   6.3000000e+01   4.0000000e+00   2.0000000e+00   1.1000000e+01   6.0000000e+00   3.0000000e+00   3.0000000e+00   0.0000000e+00   2.0000000e+00   2.0000000e+00   0.0000000e+00   2.7500000e+00
   6.3000000e+01   3.0000000e+00   2.0000000e+00   7.0000000e+00   6.0000000e+00   3.0000000e+00   2.0000000e+00   0.0000000e+00   2.0000000e+00   1.0000000e+00   0.0000000e+00   2.3333333e+00
   6.3000000e+01   3.0000000e+00   2.0000000e+00   8.0000000e+00   6.0000000e+00   3.0000000e+00   3.0000000e+00   0.0000000e+00   2.0000000e+00   1.0000000e+00   0.0000000e+00   2.6666667e+00
   6.3000000e+01   3.0000000e+00   2.0000000e+00   9.0000000e+00   7.0000000e+00   3.5000000e+00   3.0000000e+00   0.0000000e+00   2.0000000e+00   1.0000000e+00   0.0000000e+00   3.0000000e+00
   6.3000000e+01   3.0000000e+00   2.0000000e+00   9.0000000e+00   7.0000000e+00   3.5000000e+00   3.0000000e+00   0.0000000e+00   2.0000000e+00   1.0000000e+00   0.0000000e+00   3.0000000e+00
   6.3000000e+01   4.0000000e+00   2.0000000e+00   1.1000000e+01   6.0000000e+00   3.0000000e+00   3.0000000e+00   0.0000000e+00   2.0000000e+00   2.0000000e+00   0.0000000e+00   2.7500000e+00
   6.3000000e+01   3.0000000e+00   2.0000000e+00   9.0000000e+00   7.0000000e+00   3.5000000e+00   3.0000000e+00   0.0000000e+00   2.0000000e+00   1.0000000e+00   0.0000000e+00   3.0000000e+00
   6.3000000e+01   3.0000000e+00   2.0000000e+00   8.0000000e+00   6.0000000e+00   3.0000000e+00   3.0000000e+00   0.0000000e+00   2.0000000e+00   1.0000000e+00   0.0000000e+00   2.6666667e+00
   6.3000000e+01   3.0000000e+00   2.0000000e+00   9.0000000e+00   7.0000000e+00   3.5000000e+00   3.0000000e+00   0.0000000e+00   2.0000000e+00   1.0000000e+00   0.0000000e+00   3.0000000e+00
   6.3000000e+01   4.0000000e+00   2.0000000e+00   8.0000000e+00   5.0000000e+00   2.5000000e+00   2.0000000e+00   0.0000000e+00   2.0000000e+00   2.0000000e+00   0.0000000e+00   2.0000000e+00
   6.3000000e+01   3.0000000e+00   2.0000000e+00   9.0000000e+00   7.0000000e+00   3.5000000e+00   3.0000000e+00   0.0000000e+00   2.0000000e+00   1.0000000e+00   0.0000000e+00   3.0000000e+00
   6.3000000e+01   3.0000000e+00   2.0000000e+00   6.0000000e+00   5.0000000e+00   2.5000000e+00   2.0000000e+00   0.0000000e+00   2.0000000e+00   1.0000000e+00   0.0000000e+00   2.0000000e+00
   6.3000000e+01   3.0000000e+00   2.0000000e+00   7.0000000e+00   6.0000000e+00   3.0000000e+00   2.0000000e+00   0.0000000e+00   2.0000000e+00   1.0000000e+00   0.0000000e+00   2.3333333e+00
   6.3000000e+01   3.0000000e+00   2.0000000e+00   7.0000000e+00   6.0000000e+00   3.0000000e+00   2.0000000e+00   0.0000000e+00   2.0000000e+00   1.0000000e+00   0.0000000e+00   2.3333333e+00
   6.3000000e+01   3.0000000e+00   2.0000000e+00   8.0000000e+00   6.0000000e+00   3.0000000e+00   3.0000000e+00   0.0000000e+00   2.0000000e+00   1.0000000e+00   0.0000000e+00   2.6666667e+00
   6.3000000e+01   3.0000000e+00   2.0000000e+00   8.0000000e+00   6.0000000e+00   3.0000000e+00   3.0000000e+00   0.0000000e+00   2.0000000e+00   1.0000000e+00   0.0000000e+00   2.6666667e+00
   6.3000000e+01   3.0000000e+00   2.0000000e+00   7.0000000e+00   6.0000000e+00   3.0000000e+00   2.0000000e+00   0.0000000e+00   2.0000000e+00   1.0000000e+00   0.0000000e+00   2.3333333e+00
   6.3000000e+01   3.0000000e+00   2.0000000e+00   9.0000000e+00   7.0000000e+00   3.5000000e+00   3.0000000e+00   0.0000000e+00   2.0000000e+00   1.0000000e+00   0.0000000e+00   3.0000000e+00
   6.3000000e+01   3.0000000e+00   2.0000000e+00   6.0000000e+00   5.0000000e+00   2.5000000e+00   2.0000000e+00   0.0000000e+00   2.0000000e+00   1.0000000e+00   0.0000000e+00   2.0000000e+00
   6.3000000e+01   3.0000000e+00   2.0000000e+00   6.0000000e+00   5.0000000e+00   2.5000000e+00   2.0000000e+00   0.0000000e+00   2.0000000e+00   1.0000000e+00   0.0000000e+00   2.0000000e+00
   6.3000000e+01   4.0000000e+00   2.0000000e+00   1.1000000e+01   6.0000000e+00   3.0000000e+00   3.0000000e+00   0.0000000e+00   2.0000000e+00   2.0000000e+00   0.0000000e+00   2.7500000e+00
   6.3000000e+01   3.0000000e+00   2.0000000e+00   9.0000000e+00   7.0000000e+00   3.5000000e+00   3.0000000e+00   0.0000000e+00   2.0000000e+00   1.0000000e+00   0.0000000e+00   3.0000000e+00
   6.3000000e+01   4.0000000e+00   2.0000000e+00   9.0000000e+00   6.0000000e+00   3.0000000e+00   2.0000000e+00   0.0000000e+00   2.0000000e+00   2.0000000e+00   0.0000000e+00   2.2500000e+00
   6.3000000e+01   3.0000000e+00   2.0000000e+00   8.0000000e+00   6.0000000e+00   3.0000000e+00   3.0000000e+00   0.0000000e+00   2.0000000e+00   1.0000000e+00   0.0000000e+00   2.6666667e+00
   6.3000000e+01   4.0000000e+00   2.0000000e+00   8.0000000e+00   5.0000000e+00   2.5000000e+00   2.0000000e+00   0.0000000e+00   2.0000000e+00   2.0000000e+00   0.0000000e+00   2.0000000e+00
   6.3000000e+01   3.0000000e+00   2.0000000e+00   9.0000000e+00   7.0000000e+00   3.5000000e+00   3.0000000e+00   0.0000000e+00   2.0000000e+00   1.0000000e+00   0.0000000e+00   3.0000000e+00
   6.3000000e+01   3.0000000e+00   2.0000000e+00   7.0000000e+00   6.0000000e+00   3.0000000e+00   2.0000000e+00   0.0000000e+00   2.0000000e+00   1.0000000e+00   0.0000000e+00   2.3333333e+00
   6.3000000e+01   3.0000000e+00   2.0000000e+00   9.0000000e+00   7.0000000e+00   3.5000000e+00   3.0000000e+00   0.0000000e+00   2.0000000e+00   1.0000000e+00   0.0000000e+00   3.0000000e+00
   6.3000000e+01   3.0000000e+00   2.0000000e+00   9.0000000e+00   7.0000000e+00   3.5000000e+00   3.0000000e+00   0.0000000e+00   2.0000000e+00   1.0000000e+00   0.0000000e+00   3.0000000e+00
   6.3000000e+01   3.0000000e+00   2.0000000e+00   8.0000000e+00   6.0000000e+00   3.0000000e+00   3.0000000e+00   0.0000000e+00   2.0000000e+00   1.0000000e+00   0.0000000e+00   2.6666667e+00
   6.3000000e+01   3.0000000e+00   2.0000000e+00   7.0000000e+00   6.0000000e+00   3.0000000e+00   2.0000000e+00   0.0000000e+00   2.0000000e+00   1.0000000e+00   0.0000000e+00   2.3333333e+00
   6.3000000e+01   3.0000000e+00   2.0000000e+00   9.0000000e+00   7.0000000e+00   3.5000000e+00   3.0000000e+00   0.0000000e+00   2.0000000e+00   1.0000000e+00   0.0000000e+00   3.0000000e+00
   6.3000000e+01   3.0000000e+00   2.0000000e+00   9.0000000e+00   7.0000000e+00   3.5000000e+00   3.0000000e+00   0.0000000e+00   2.0000000e+00   1.0000000e+00   0.0000000e+00   3.0000000e+00
   6.3000000e+01   3.0000000e+00   2.0000000e+00   6.0000000e+00   5.0000000e+00   2.5000000e+00   2.0000000e+00   0.0000000e+00   2.0000000e+00   1.0000000e+00   0.0000000e+00   2.0000000e+00
   6.3000000e+01   3.0000000e+00   2.0000000e+00   9.0000000e+00   7.0000000e+00   3.5000000e+00   3.0000000e+00   0.0000000e+00   2.0000000e+00   1.0000000e+00   0.0000000e+00   3.0000000e+00
   6.3000000e+01   3.0000000e+00   2.0000000e+00   9.0000000e+00   7.0000000e+00   3.5000000e+00   3.0000000e+00   0.0000000e+00   2.0000000e+00   1.0000000e+00   0.0000000e+00   3.0000000e+00
   6.3000000e+01   3.0000000e+00   2.0000000e+00   7.0000000e+00   6.0000000e+00   3.0000000e+00   2.0000000e+00   0.0000000e+00   2.0000000e+00   1.0000000e+00   0.0000000e+00   2.3333333e+00
   6.3000000e+01   3.0000000e+00   2.0000000e+00   9.0000000e+00   7.0000000e+00   3.5000000e+00   3.0000000e+00   0.0000000e+00   2.0000000e+00   1.0000000e+00   0.0000000e+00   3.0000000e+00
   6.3000000e+01   4.0000000e+00   2.0000000e+00   1.2000000e+01   7.0000000e+00   3.5000000e+00   3.0000000e+00   0.0000000e+00   2.0000000e+00   2.0000000e+00   0.0000000e+00   3.0000000e+00
   6.3000000e+01   3.0000000e+00   2.0000000e+00   7.0000000e+00   6.0000000e+00   3.0000000e+00   2.0000000e+00   0.0000000e+00   2.0000000e+00   1.0000000e+00   0.0000000e+00   2.3333333e+00
   6.3000000e+01   3.0000000e+00   2.0000000e+00   8.0000000e+00   6.0000000e+00   3.0000000e+00   3.0000000e+00   0.0000000e+00   2.0000000e+00   1.0000000e+00   0.0000000e+00   2.6666667e+00
   6.3000000e+01   3.0000000e+00   2.0000000e+00   8.0000000e+00   6.0000000e+00   3.0000000e+00   3.0000000e+00   0.0000000e+00   2.0000000e+00   1.0000000e+00   0.0000000e+00   2.6666667e+00
   6.3000000e+01   3.0000000e+00   2.0000000e+00   8.0000000e+00   6.0000000e+00   3.0000000e+00   3.0000000e+00   0.0000000e+00   2.0000000e+00   1.0000000e+00   0.0000000e+00   2.6666667e+00
   6.3000000e+01   3.0000000e+00   2.0000000e+00   6.0000000e+00   5.0000000e+00   2.5000000e+00   2.0000000e+00   0.0000000e+00   2.0000000e+00   1.0000000e+00   0.0000000e+00   2.0000000e+00
   6.3000000e+01   3.0000000e+00   2.0000000e+00   9.0000000e+00   7.0000000e+00   3.5000000e+00   3.0000000e+00   0.0000000e+00   2.0000000e+00   1.0000000e+00   0.0000000e+00   3.0000000e+00
   6.3000000e+01   3.0000000e+00   2.0000000e+00   7.0000000e+00   6.0000000e+00   3.0000000e+00   2.0000000e+00   0.0000000e+00   2.0000000e+00   1.0000000e+00   0.0000000e+00   2.3333333e+00
   6.3000000e+01   3.0000000e+00   2.0000000e+00   6.0000000e+00   5.0000000e+00   2.5000000e+00   2.0000000e+00   0.0000000e+00   2.0000000e+00   1.0000000e+00   0.0000000e+00   2.0000000e+00
   6.3000000e+01   3.0000000e+00   2.0000000e+00   8.0000000e+00   6.0000000e+00   3.0000000e+00   3.0000000e+00   0.0000000e+00   2.0000000e+00   1.0000000e+00   0.0000000e+00   2.6666667e+00
   6.3000000e+01   3.0000000e+00   2.0000000e+00   9.0000000e+00   7.0000000e+00   3.5000000e+00   3.0000000e+00   0.0000000e+00   2.0000000e+00   1.0000000e+00   0.0000000e+00   3.0000000e+00
   6.3000000e+01   3.0000000e+00   2.0000000e+00   8.0000000e+00   6.0000000e+00   3.0000000e+00   3.0000000e+00   0.0000000e+00   2.0000000e+00   1.0000000e+00   0.0000000e+00   2.6666667e+00
   6.3000000e+01   3.0000000e+00   2.0000000e+00   8.0000000e+00   6.0000000e+00   3.0000000e+00   3.0000000e+00   0.0000000e+00   2.0000000e+00   1.0000000e+00   0.0000000e+00   2.6666667e+00
   6.3000000e+01   3.0000000e+00   2.0000000e+00   8.0000000e+00   6.0000000e+00   3.0000000e+00   3.0000000e+00   0.0000000e+00   2.0000000e+00   1.0000000e+00   0.0000000e+00   2.6666667e+00
   6.3000000e+01   3.0000000e+00   2.0000000e+00   9.0000000e+00   7.0000000e+00   3.5000000e+00   3.0000000e+00   0.0000000e+00   2.0000000e+00   1.0000000e+00   0.0000000e+00   3.0000000e+00
   6.3000000e+01   3.0000000e+00   2.0000000e+00   6.0000000e+00   5.0000000e+00   2.5000000e+00   2.0000000e+00   0.0000000e+00   2.0000000e+00   1.0000000e+00   0.0000000e+00   2.0000000e+00
   6.3000000e+01   4.0000000e+00   2.0000000e+00   1.2000000e+01   7.0000000e+00   3.5000000e+00   3.0000000e+00   0.0000000e+00   2.0000000e+00   2.0000000e+00   0.0000000e+00   3.0000000e+00
   6.3000000e+01   3.0000000e+00   2.0000000e+00   7.0000000e+00   6.0000000e+00   3.0000000e+00   2.0000000e+00   0.0000000e+00   2.0000000e+00   1.0000000e+00   0.0000000e+00   2.3333333e+00
   6.3000000e+01   3.0000000e+00   2.0000000e+00   9.0000000e+00   7.0000000e+00   3.5000000e+00   3.0000000e+00   0.0000000e+00   2.0000000e+00   1.0000000e+00   0.0000000e+00   3.0000000e+00
   6.3000000e+01   3.0000000e+00   2.0000000e+00   7.0000000e+00   6.0000000e+00   3.0000000e+00   2.0000000e+00   0.0000000e+00   2.0000000e+00   1.0000000e+00   0.0000000e+00   2.3333333e+00
   6.3000000e+01   3.0000000e+00   2.0000000e+00   9.0000000e+00   7.0000000e+00   3.5000000e+00   3.0000000e+00   0.0000000e+00   2.0000000e+00   1.0000000e+00   0.0000000e+00   3.0000000e+00
   6.3000000e+01   3.0000000e+00   2.0000000e+00   7.0000000e+00   6.0000000e+00   3.0000000e+00   2.0000000e+00   0.0000000e+00   2.0000000e+00   1.0000000e+00   0.0000000e+00   2.3333333e+00
   6.3000000e+01   3.0000000e+00   2.0000000e+00   9.0000000e+00   7.0000000e+00   3.5000000e+00   3.0000000e+00   0.0000000e+00   2.0000000e+00   1.0000000e+00   0.0000000e+00   3.0000000e+00
   6.3000000e+01   3.0000000e+00   2.0000000e+00   9.0000000e+00   7.0000000e+00   3.5000000e+00   3.0000000e+00   0.0000000e+00   2.0000000e+00   1.0000000e+00   0.0000000e+00   3.0000000e+00
   6.3000000e+01   3.0000000e+00   2.0000000e+00   7.0000000e+00   6.0000000e+00   3.0000000e+00   2.0000000e+00   0.0000000e+00   2.0000000e+00   1.0000000e+00   0.0000000e+00   2.3333333e+00
   6.3000000e+01   3.0000000e+00   2.0000000e+00   6.0000000e+00   5.0000000e+00   2.5000000e+00   2.0000000e+00   0.0000000e+00   2.0000000e+00   1.0000000e+00   0.0000000e+00   2.0000000e+00
