   3.6000000e+01   2.0000000e+00   1.0000000e+00   9.0000000e+00   9.0000000e+00   4.5000000e+00   0.0000000e+00   0.0000000e+00   2.0000000e+00   0.0000000e+00   0.0000000e+00   9.0000000e+00
   3.6000000e+01   2.0000000e+00   1.0000000e+00   8.0000000e+00   8.0000000e+00   4.0000000e+00   0.0000000e+00   0.0000000e+00   2.0000000e+00   0.0000000e+00   0.0000000e+00   8.0000000e+00
   9.6674609e+02   2.6000000e+01   4.8000000e+01   4.8500000e+02   6.0000000e+01   3.0000000e+01   3.3000000e+01   1.5888889e+01   2.0000000e+00   6.0000000e+00   1.8000000e+01   8.1971831e+00
   3.6000000e+01   2.0000000e+00   1.0000000e+00   9.0000000e+00   9.0000000e+00   4.5000000e+00   0.0000000e+00   0.0000000e+00   2.0000000e+00   0.0000000e+00   0.0000000e+00   9.0000000e+00
   3.6000000e+01   2.0000000e+00   1.0000000e+00   1.0000000e+01   1.0000000e+01   5.0000000e+00   0.0000000e+00   0.0000000e+00   2.0000000e+00   0.0000000e+00   0.0000000e+00   1.0000000e+01
   7.6710752e+02   2.5000000e+01   4.0000000e+01   3.9600000e+02   5.4000000e+01   2.7000000e+01   2.7666667e+01   1.2882353e+01   2.0000000e+00   6.0000000e+00   1.7000000e+01   8.1186441e+00
   3.6000000e+01   2.0000000e+00   1.0000000e+00   9.0000000e+00   9.0000000e+00   4.5000000e+00   0.0000000e+00   0.0000000e+00   2.0000000e+00   0.0000000e+00   0.0000000e+00   9.0000000e+00
   1.0508607e+03   3.4000000e+01   5.0000000e+01   5.0700000e+02   5.8000000e+01   2.9000000e+01   3.3000000e+01   1.0920000e+01   2.0000000e+00   7.0000000e+00   2.5000000e+01   8.1038961e+00
   1.1936200e+03   2.9000000e+01   5.3000000e+01   5.0500000e+02   5.7000000e+01   2.8500000e+01   3.4333333e+01   1.4619048e+01   2.0000000e+00   6.0000000e+00   2.1000000e+01   7.7368421e+00
   3.6000000e+01   2.0000000e+00   1.0000000e+00   8.0000000e+00   8.0000000e+00   4.0000000e+00   0.0000000e+00   0.0000000e+00   2.0000000e+00   0.0000000e+00   0.0000000e+00   8.0000000e+00
   9.8521988e+02   2.9000000e+01   4.5000000e+01   4.3600000e+02   5.7000000e+01   2.8500000e+01   3.2833333e+01   1.1666667e+01   2.0000000e+00   6.0000000e+00   2.1000000e+01   7.7647059e+00
   1.0163351e+03   3.7000000e+01   5.1000000e+01   5.6500000e+02   5.6000000e+01   2.8000000e+01   3.5142857e+01   1.1607143e+01   2.0000000e+00   7.0000000e+00   2.8000000e+01   8.1647059e+00
   8.0447092e+02   3.4000000e+01   4.0000000e+01   5.0400000e+02   5.1000000e+01   2.5500000e+01   2.9750000e+01   1.0750000e+01   2.0000000e+00   8.0000000e+00   2.4000000e+01   8.5633803e+00
   3.6000000e+01   2.0000000e+00   1.0000000e+00   6.0000000e+00   6.0000000e+00   3.0000000e+00   0.0000000e+00   0.0000000e+00   2.0000000e+00   0.0000000e+00   0.0000000e+00   6.0000000e+00
   3.6000000e+01   2.0000000e+00   1.0000000e+00   1.0000000e+01   1.0000000e+01   5.0000000e+00   0.0000000e+00   0.0000000e+00   2.0000000e+00   0.0000000e+00   0.0000000e+00   1.0000000e+01
   3.6000000e+01   2.0000000e+00   1.0000000e+00   8.0000000e+00   8.0000000e+00   4.0000000e+00   0.0000000e+00   0.0000000e+00   2.0000000e+00   0.0000000e+00   0.0000000e+00   8.0000000e+00
   3.6000000e+01   2.0000000e+00   1.0000000e+00   9.0000000e+00   9.0000000e+00   4.5000000e+00   0.0000000e+00   0.0000000e+00   2.0000000e+00   0.0000000e+00   0.0000000e+00   9.0000000e+00
   1.0489016e+03   2.5000000e+01   4.3000000e+01   4.2000000e+02   5.6000000e+01   2.8000000e+01   2.4142857e+01   1.4812500e+01   2.0000000e+00   7.0000000e+00   1.6000000e+01   8.0461538e+00
   3.6000000e+01   2.0000000e+00   1.0000000e+00   9.0000000e+00   9.0000000e+00   4.5000000e+00   0.0000000e+00   0.0000000e+00   2.0000000e+00   0.0000000e+00   0.0000000e+00   9.0000000e+00
   3.6000000e+01   2.0000000e+00   1.0000000e+00   9.0000000e+00   9.0000000e+00   4.5000000e+00   0.0000000e+00   0.0000000e+00   2.0000000e+00   0.0000000e+00   0.0000000e+00   9.0000000e+00
   3.6000000e+01   2.0000000e+00   1.0000000e+00   9.0000000e+00   9.0000000e+00   4.5000000e+00   0.0000000e+00   0.0000000e+00   2.0000000e+00   0.0000000e+00   0.0000000e+00   9.0000000e+00
   9.0797362e+02   3.6000000e+01   4.4000000e+01   4.8000000e+02   5.2000000e+01   2.6000000e+01   2.5777778e+01   1.0080000e+01   2.0000000e+00   9.0000000e+00   2.5000000e+01   7.8289474e+00
   3.6000000e+01   2.0000000e+00   1.0000000e+00   6.0000000e+00   6.0000000e+00   3.0000000e+00   0.0000000e+00   0.0000000e+00   2.0000000e+00   0.0000000e+00   0.0000000e+00   6.0000000e+00
   3.6000000e+01   2.0000000e+00   1.0000000e+00   9.0000000e+00   9.0000000e+00   4.5000000e+00   0.0000000e+00   0.0000000e+00   2.0000000e+00   0.0000000e+00   0.0000000e+00   9.0000000e+00
   1.0973012e+03   3.4000000e+01   5.5000000e+01   5.5400000e+02   5.7000000e+01   2.8500000e+01   3.4714286e+01   1.2480000e+01   2.0000000e+00   7.0000000e+00   2.5000000e+01   8.1547619e+00
   3.6000000e+01   2.0000000e+00   1.0000000e+00   7.0000000e+00   7.0000000e+00   3.5000000e+00   0.0000000e+00   0.0000000e+00   2.0000000e+00   0.0000000e+00   0.0000000e+00   7.0000000e+00
   7.3999246e+02   2.6000000e+01   4.1000000e+01   3.9300000e+02   4.9000000e+01   2.4500000e+01   2.6428571e+01   1.2235294e+01   2.0000000e+00   7.0000000e+00   1.7000000e+01   7.6935484e+00
   9.8768845e+02   2.7000000e+01   4.5000000e+01   4.2300000e+02   6.0000000e+01   3.0000000e+01   2.4714286e+01   1.3222222e+01   2.0000000e+00   7.0000000e+00   1.8000000e+01   7.9365079e+00
   1.2632964e+03   3.4000000e+01   5.9000000e+01   5.4400000e+02   5.7000000e+01   2.8500000e+01   3.2142857e+01   1.3080000e+01   2.0000000e+00   7.0000000e+00   2.5000000e+01   7.7931034e+00
   9.3760757e+02   3.0000000e+01   5.0000000e+01   5.1600000e+02   5.3000000e+01   2.6500000e+01   3.4333333e+01   1.4227273e+01   2.0000000e+00   6.0000000e+00   2.2000000e+01   8.2133333e+00
   3.6000000e+01   2.0000000e+00   1.0000000e+00   1.0000000e+01   1.0000000e+01   5.0000000e+00   0.0000000e+00   0.0000000e+00   2.0000000e+00   0.0000000e+00   0.0000000e+00   1.0000000e+01
   3.6000000e+01   2.0000000e+00   1.0000000e+00   6.0000000e+00   6.0000000e+00   3.0000000e+00   0.0000000e+00   0.0000000e+00   2.0000000e+00   0.0000000e+00   0.0000000e+00   6.0000000e+00
   1.0978358e+03   3.5000000e+01   5.4000000e+01   5.7300000e+02   5.7000000e+01   2.8500000e+01   3.2500000e+01   1.2800000e+01   2.0000000e+00   8.0000000e+00   2.5000000e+01   8.2891566e+00
   9.1366704e+02   3.0000000e+01   4.3000000e+01   4.0600000e+02   5.4000000e+01   2.7000000e+01   2.4571429e+01   1.1000000e+01   2.0000000e+00   7.0000000e+00   2.1000000e+01   7.4782609e+00
   4.6616079e+02   2.2000000e+01   3.2000000e+01   3.3100000e+02   5.7000000e+01   2.8500000e+01   2.4500000e+01   1.1571429e+01   2.0000000e+00   6.0000000e+00   1.4000000e+01   8.0612245e+00
   3.6000000e+01   2.0000000e+00   1.0000000e+00   1.0000000e+01   1.0000000e+01   5.0000000e+00   0.0000000e+00   0.0000000e+00   2.0000000e+00   0.0000000e+00   0.0000000e+00   1.0000000e+01
   3.6000000e+01   2.0000000e+00   1.0000000e+00   9.0000000e+00   9.0000000e+00   4.5000000e+00   0.0000000e+00   0.0000000e+00   2.0000000e+00   0.0000000e+00   0.0000000e+00   9.0000000e+00
   3.6000000e+01   2.0000000e+00   1.0000000e+00   9.0000000e+00   9.0000000e+00   4.5000000e+00   0.0000000e+00   0.0000000e+00   2.0000000e+00   0.0000000e+00   0.0000000e+00   9.0000000e+00
   3.6000000e+01   2.0000000e+00   1.0000000e+00   8.0000000e+00   8.0000000e+00   4.0000000e+00   0.0000000e+00   0.0000000e+00   2.0000000e+00   0.0000000e+00   0.0000000e+00   8.0000000e+00
   9.3543452e+02   2.8000000e+01   4.8000000e+01   4.7900000e+02   5.9000000e+01   2.9500000e+01   3.2500000e+01   1.3950000e+01   2.0000000e+00   6.0000000e+00   2.0000000e+01   7.8550725e+00
   3.6000000e+01   2.0000000e+00   1.0000000e+00   1.0000000e+01   1.0000000e+01   5.0000000e+00   0.0000000e+00   0.0000000e+00   2.0000000e+00   0.0000000e+00   0.0000000e+00   1.0000000e+01
   3.6000000e+01   2.0000000e+00   1.0000000e+00   1.0000000e+01   1.0000000e+01   5.0000000e+00   0.0000000e+00   0.0000000e+00   2.0000000e+00   0.0000000e+00   0.0000000e+00   1.0000000e+01
   3.6000000e+01   2.0000000e+00   1.0000000e+00   1.0000000e+01   1.0000000e+01   5.0000000e+00   0.0000000e+00   0.0000000e+00   2.0000000e+00   0.0000000e+00   0.0000000e+00   1.0000000e+01
   9.9479578e+02   3.0000000e+01   5.0000000e+01   5.1000000e+02   5.5000000e+01   2.7500000e+01   3.1428571e+01   1.3904762e+01   2.0000000e+00   7.0000000e+00   2.1000000e+01   8.0666667e+00
   8.8638905e+02   3.3000000e+01   4.7000000e+01   5.1300000e+02   5.6000000e+01   2.8000000e+01   3.4000000e+01   1.1416667e+01   2.0000000e+00   7.0000000e+00   2.4000000e+01   8.0273973e+00
   3.6000000e+01   2.0000000e+00   1.0000000e+00   9.0000000e+00   9.0000000e+00   4.5000000e+00   0.0000000e+00   0.0000000e+00   2.0000000e+00   0.0000000e+00   0.0000000e+00   9.0000000e+00
   3.6000000e+01   2.0000000e+00   1.0000000e+00   1.0000000e+01   1.0000000e+01   5.0000000e+00   0.0000000e+00   0.0000000e+00   2.0000000e+00   0.0000000e+00   0.0000000e+00   1.0000000e+01
   7.8939700e+02   3.1000000e+01   4.4000000e+01   4.5800000e+02   5.4000000e+01   2.7000000e+01   2.2200000e+01   1.1947368e+01   2.0000000e+00   1.0000000e+01   1.9000000e+01   7.8840580e+00
   1.0394524e+03   3.0000000e+01   5.0000000e+01   5.0400000e+02   5.9000000e+01   2.9500000e+01   3.3166667e+01   1.3636364e+01   2.0000000e+00   6.0000000e+00   2.2000000e+01   8.2027027e+00
   8.9046817e+02   3.2000000e+01   5.0000000e+01   5.2100000e+02   5.5000000e+01   2.7500000e+01   3.5666667e+01   1.2916667e+01   2.0000000e+00   6.0000000e+00   2.4000000e+01   7.8815789e+00
   7.0072135e+02   2.5000000e+01   3.1000000e+01   3.5600000e+02   4.7000000e+01   2.3500000e+01   2.5857143e+01   1.0062500e+01   2.0000000e+00   7.0000000e+00   1.6000000e+01   8.4528302e+00
   8.2677801e+02   2.9000000e+01   4.1000000e+01   4.5200000e+02   5.7000000e+01   2.8500000e+01   2.9375000e+01   1.1105263e+01   2.0000000e+00   8.0000000e+00   1.9000000e+01   8.2500000e+00
   9.3768216e+02   3.3000000e+01   4.4000000e+01   4.6900000e+02   5.8000000e+01   2.9000000e+01   3.0571429e+01   1.0041667e+01   2.0000000e+00   7.0000000e+00   2.4000000e+01   7.9428571e+00
   1.0042488e+03   3.5000000e+01   5.3000000e+01   5.8300000e+02   5.3000000e+01   2.6500000e+01   3.5000000e+01   1.3153846e+01   2.0000000e+00   7.0000000e+00   2.6000000e+01   8.1585366e+00
   3.6000000e+01   2.0000000e+00   1.0000000e+00   6.0000000e+00   6.0000000e+00   3.0000000e+00   0.0000000e+00   0.0000000e+00   2.0000000e+00   0.0000000e+00   0.0000000e+00   6.0000000e+00
   9.7141873e+02   3.4000000e+01   5.0000000e+01   5.2500000e+02   5.7000000e+01   2.8500000e+01   3.2571429e+01   1.1960000e+01   2.0000000e+00   7.0000000e+00   2.5000000e+01   7.9230769e+00
   3.6000000e+01   2.0000000e+00   1.0000000e+00   8.0000000e+00   8.0000000e+00   4.0000000e+00   0.0000000e+00   0.0000000e+00   2.0000000e+00   0.0000000e+00   0.0000000e+00   8.0000000e+00
   5.9737154e+02   2.7000000e+01   3.4000000e+01   3.7500000e+02   5.6000000e+01   2.8000000e+01   2.5142857e+01   1.0000000e+01   2.0000000e+00   7.0000000e+00   1.8000000e+01   7.9122807e+00
   3.6000000e+01   2.0000000e+00   1.0000000e+00   9.0000000e+00   9.0000000e+00   4.5000000e+00   0.0000000e+00   0.0000000e+00   2.0000000e+00   0.0000000e+00   0.0000000e+00   9.0000000e+00
   6.6079811e+02   2.8000000e+01   3.4000000e+01   3.8700000e+02   5.4000000e+01   2.7000000e+01   2.2750000e+01   1.0722222e+01   2.0000000e+00   8.0000000e+00   1.8000000e+01   7.9824561e+00
   3.6000000e+01   2.0000000e+00   1.0000000e+00   1.0000000e+01   1.0000000e+01   5.0000000e+00   0.0000000e+00   0.0000000e+00   2.0000000e+00   0.0000000e+00   0.0000000e+00   1.0000000e+01
   7.6059110e+02   2.7000000e+01   3.7000000e+01   4.4300000e+02   5.4000000e+01   2.7000000e+01   3.2333333e+01   1.2526316e+01   2.0000000e+00   6.0000000e+00   1.9000000e+01   8.4000000e+00
   3.6000000e+01   2.0000000e+00   1.0000000e+00   1.0000000e+01   1.0000000e+01   5.0000000e+00   0.0000000e+00   0.0000000e+00   2.0000000e+00   0.0000000e+00   0.0000000e+00   1.0000000e+01
   3.6000000e+01   2.0000000e+00   1.0000000e+00   8.0000000e+00   8.0000000e+00   4.0000000e+00   0.0000000e+00   0.0000000e+00   2.0000000e+00   0.0000000e+00   0.0000000e+00   8.0000000e+00
   1.0051535e+03   3.2000000e+01   4.8000000e+01   5.0800000e+02   5.7000000e+01   2.8500000e+01   3.2428571e+01   1.2130435e+01   2.0000000e+00   7.0000000e+00   2.3000000e+01   7.9733333e+00
   3.6000000e+01   2.0000000e+00   1.0000000e+00   9.0000000e+00   9.0000000e+00   4.5000000e+00   0.0000000e+00   0.0000000e+00   2.0000000e+00   0.0000000e+00   0.0000000e+00   9.0000000e+00
   3.6000000e+01   2.0000000e+00   1.0000000e+00   1.0000000e+01   1.0000000e+01   5.0000000e+00   0.0000000e+00   0.0000000e+00   2.0000000e+00   0.0000000e+00   0.0000000e+00   1.0000000e+01
   8.5269251e+02   3.6000000e+01   4.2000000e+01   5.0100000e+02   5.4000000e+01   2.7000000e+01   2.8125000e+01   1.1000000e+01   2.0000000e+00   8.0000000e+00   2.6000000e+01   8.1486486e+00
   8.2769125e+02   3.2000000e+01   3.9000000e+01   4.2700000e+02   5.1000000e+01   2.5500000e+01   2.7428571e+01   1.0086957e+01   2.0000000e+00   7.0000000e+00   2.3000000e+01   7.6176471e+00
   3.6000000e+01   2.0000000e+00   1.0000000e+00   7.0000000e+00   7.0000000e+00   3.5000000e+00   0.0000000e+00   0.0000000e+00   2.0000000e+00   0.0000000e+00   0.0000000e+00   7.0000000e+00
   6.5266011e+02   1.3000000e+01   3.1000000e+01   2.8600000e+02   4.8000000e+01   1.2500000e+01   4.8000000e+01   2.1888889e+01   2.0000000e+00   2.0000000e+00   9.0000000e+00   7.7073171e+00
   3.6000000e+01   2.0000000e+00   1.0000000e+00   1.0000000e+01   1.0000000e+01   5.0000000e+00   0.0000000e+00   0.0000000e+00   2.0000000e+00   0.0000000e+00   0.0000000e+00   1.0000000e+01
   6.5237502e+02   2.3000000e+01   2.9000000e+01   3.0100000e+02   5.2000000e+01   2.6000000e+01   2.8200000e+01   8.7500000e+00   2.0000000e+00   5.0000000e+00   1.6000000e+01   7.5510204e+00
   1.0085131e+03   3.3000000e+01   4.4000000e+01   4.3700000e+02   5.2000000e+01   2.6000000e+01   2.5285714e+01   1.0708333e+01   2.0000000e+00   7.0000000e+00   2.4000000e+01   7.7361111e+00
   1.0674862e+03   3.2000000e+01   5.2000000e+01   4.8400000e+02   5.6000000e+01   2.8000000e+01   2.6125000e+01   1.2500000e+01   2.0000000e+00   8.0000000e+00   2.2000000e+01   7.4814815e+00
   3.6000000e+01   2.0000000e+00   1.0000000e+00   9.0000000e+00   9.0000000e+00   4.5000000e+00   0.0000000e+00   0.0000000e+00   2.0000000e+00   0.0000000e+00   0.0000000e+00   9.0000000e+00
   8.7511912e+02   3.5000000e+01   4.9000000e+01   4.8900000e+02   5.7000000e+01   2.8500000e+01   2.8750000e+01   1.0160000e+01   2.0000000e+00   8.0000000e+00   2.5000000e+01   7.8461538e+00
   6.7134920e+02   2.6000000e+01   3.7000000e+01   3.7300000e+02   5.4000000e+01   2.7000000e+01   2.8500000e+01   1.0833333e+01   2.0000000e+00   6.0000000e+00   1.8000000e+01   7.9107143e+00
   3.6000000e+01   2.0000000e+00   1.0000000e+00   8.0000000e+00   8.0000000e+00   4.0000000e+00   0.0000000e+00   0.0000000e+00   2.0000000e+00   0.0000000e+00   0.0000000e+00   8.0000000e+00
   3.6000000e+01   2.0000000e+00   1.0000000e+00   9.0000000e+00   9.0000000e+00   4.5000000e+00   0.0000000e+00   0.0000000e+00   2.0000000e+00   0.0000000e+00   0.0000000e+00   9.0000000e+00
   3.6000000e+01   2.0000000e+00   1.0000000e+00   6.0000000e+00   6.0000000e+00   3.0000000e+00   0.0000000e+00   0.0000000e+00   2.0000000e+00   0.0000000e+00   0.0000000e+00   6.0000000e+00
   3.6000000e+01   2.0000000e+00   1.0000000e+00   9.0000000e+00   9.0000000e+00   4.5000000e+00   0.0000000e+00   0.0000000e+00   2.0000000e+00   0.0000000e+00   0.0000000e+00   9.0000000e+00
   3.6000000e+01   2.0000000e+00   1.0000000e+00   7.0000000e+00   7.0000000e+00   3.5000000e+00   0.0000000e+00   0.0000000e+00   2.0000000e+00   0.0000000e+00   0.0000000e+00   7.0000000e+00
   3.6000000e+01   2.0000000e+00   1.0000000e+00   8.0000000e+00   8.0000000e+00   4.0000000e+00   0.0000000e+00   0.0000000e+00   2.0000000e+00   0.0000000e+00   0.0000000e+00   8.0000000e+00
   3.6000000e+01   2.0000000e+00   1.0000000e+00   9.0000000e+00   9.0000000e+00   4.5000000e+00   0.0000000e+00   0.0000000e+00   2.0000000e+00   0.0000000e+00   0.0000000e+00   9.0000000e+00
   3.6000000e+01   2.0000000e+00   1.0000000e+00   1.0000000e+01   1.0000000e+01   5.0000000e+00   0.0000000e+00   0.0000000e+00   2.0000000e+00   0.0000000e+00   0.0000000e+00   1.0000000e+01
   8.9816444e+02   2.8000000e+01   4.4000000e+01   4.2500000e+02   5.6000000e+01   2.8000000e+01   2.8333333e+01   1.2850000e+01   2.0000000e+00   6.0000000e+00   2.0000000e+01   7.7164179e+00
   9.2539829e+02   3.3000000e+01   4.8000000e+01   4.9500000e+02   5.5000000e+01   2.7500000e+01   2.7125000e+01   1.1956522e+01   2.0000000e+00   8.0000000e+00   2.3000000e+01   8.1733333e+00
   3.6000000e+01   2.0000000e+00   1.0000000e+00   9.0000000e+00   9.0000000e+00   4.5000000e+00   0.0000000e+00   0.0000000e+00   2.0000000e+00   0.0000000e+00   0.0000000e+00   9.0000000e+00
   9.1856091e+02   3.0000000e+01   4.6000000e+01   4.7000000e+02   5.3000000e+01   2.6500000e+01   3.1714286e+01   1.1666667e+01   2.0000000e+00   7.0000000e+00   2.1000000e+01   7.9054054e+00
   7.3852209e+02   2.8000000e+01   3.7000000e+01   3.9700000e+02   4.9000000e+01   2.4500000e+01   2.5375000e+01   1.0500000e+01   2.0000000e+00   8.0000000e+00   1.8000000e+01   8.0476190e+00
   3.6000000e+01   2.0000000e+00   1.0000000e+00   1.0000000e+01   1.0000000e+01   5.0000000e+00   0.0000000e+00   0.0000000e+00   2.0000000e+00   0.0000000e+00   0.0000000e+00   1.0000000e+01
   6.3726196e+02   2.8000000e+01   4.1000000e+01   4.0300000e+02   5.6000000e+01   2.8000000e+01   2.6142857e+01   1.0947368e+01   2.0000000e+00   7.0000000e+00   1.9000000e+01   8.1875000e+00
   6.6014815e+02   3.0000000e+01   4.1000000e+01   4.4600000e+02   5.8000000e+01   2.9000000e+01   3.3333333e+01   1.0954545e+01   2.0000000e+00   6.0000000e+00   2.2000000e+01   8.0000000e+00
   7.4612975e+02   2.6000000e+01   3.6000000e+01   4.1100000e+02   5.3000000e+01   2.6500000e+01   3.1166667e+01   1.1944444e+01   2.0000000e+00   6.0000000e+00   1.8000000e+01   8.4137931e+00
   3.6000000e+01   2.0000000e+00   1.0000000e+00   8.0000000e+00   8.0000000e+00   4.0000000e+00   0.0000000e+00   0.0000000e+00   2.0000000e+00   0.0000000e+00   0.0000000e+00   8.0000000e+00
   3.6000000e+01   2.0000000e+00   1.0000000e+00   1.0000000e+01   1.0000000e+01   5.0000000e+00   0.0000000e+00   0.0000000e+00   2.0000000e+00   0.0000000e+00   0.0000000e+00   1.0000000e+01
   9.8001532e+02   2.6000000e+01   4.3000000e+01   4.5300000e+02   5.8000000e+01   2.9000000e+01   3.0833333e+01   1.4388889e+01   2.0000000e+00   6.0000000e+00   1.8000000e+01   8.0606061e+00
   7.7266746e+02   1.0000000e+01   3.6000000e+01   3.2000000e+02   6.8000000e+01   7.0000000e+00   6.8000000e+01   3.9000000e+01   2.0000000e+00   1.0000000e+00   7.0000000e+00   8.0232558e+00
   3.6000000e+01   2.0000000e+00   1.0000000e+00   6.0000000e+00   6.0000000e+00   3.0000000e+00   0.0000000e+00   0.0000000e+00   2.0000000e+00   0.0000000e+00   0.0000000e+00   6.0000000e+00
