   1.0368166e+03   2.5000000e+01   3.4000000e+01   4.6100000e+02   5.6000000e+01   2.8000000e+01   3.2166667e+01   1.4588235e+01   2.0000000e+00   6.0000000e+00   1.7000000e+01   1.0444444e+01
   1.0974292e+03   2.7000000e+01   4.0000000e+01   5.2800000e+02   6.3000000e+01   3.1500000e+01   3.8666667e+01   1.4631579e+01   2.0000000e+00   6.0000000e+00   1.9000000e+01   1.0140625e+01
   1.2004806e+03   2.5000000e+01   3.7000000e+01   5.0100000e+02   6.2000000e+01   3.1000000e+01   3.2166667e+01   1.7000000e+01   2.0000000e+00   6.0000000e+00   1.7000000e+01   1.0789474e+01
   1.3625795e+03   2.8000000e+01   4.2000000e+01   5.6300000e+02   6.7000000e+01   3.3500000e+01   3.8000000e+01   1.5850000e+01   2.0000000e+00   6.0000000e+00   2.0000000e+01   1.0090909e+01
   1.3301554e+03   2.7000000e+01   4.6000000e+01   5.8300000e+02   6.2000000e+01   3.1000000e+01   3.7666667e+01   1.8631579e+01   2.0000000e+00   6.0000000e+00   1.9000000e+01   1.0514286e+01
   1.2179900e+03   2.9000000e+01   4.7000000e+01   6.0300000e+02   6.3000000e+01   3.1500000e+01   4.2000000e+01   1.6285714e+01   2.0000000e+00   6.0000000e+00   2.1000000e+01   1.0871429e+01
   1.2812380e+03   3.3000000e+01   4.3000000e+01   6.1600000e+02   5.7000000e+01   2.8500000e+01   3.5750000e+01   1.4086957e+01   2.0000000e+00   8.0000000e+00   2.3000000e+01   1.0729730e+01
   1.2707104e+03   2.9000000e+01   5.0000000e+01   6.0800000e+02   6.1000000e+01   3.0500000e+01   3.7428571e+01   1.7100000e+01   2.0000000e+00   7.0000000e+00   2.0000000e+01   1.0197368e+01
   1.2461220e+03   2.6000000e+01   4.1000000e+01   5.6900000e+02   6.7000000e+01   3.3500000e+01   4.2400000e+01   1.7578947e+01   2.0000000e+00   5.0000000e+00   1.9000000e+01   1.0854839e+01
   1.2595575e+03   2.7000000e+01   4.7000000e+01   5.8100000e+02   6.4000000e+01   3.2000000e+01   3.5166667e+01   1.9315789e+01   2.0000000e+00   6.0000000e+00   1.9000000e+01   1.0455882e+01
   1.2992241e+03   2.9000000e+01   3.9000000e+01   6.1000000e+02   6.0000000e+01   3.0000000e+01   3.9428571e+01   1.5900000e+01   2.0000000e+00   7.0000000e+00   2.0000000e+01   1.0369231e+01
   1.2822563e+03   2.7000000e+01   4.1000000e+01   5.8100000e+02   6.4000000e+01   3.2000000e+01   3.6428571e+01   1.7000000e+01   2.0000000e+00   7.0000000e+00   1.8000000e+01   1.0984848e+01
   1.2510548e+03   3.4000000e+01   4.6000000e+01   6.0800000e+02   6.0000000e+01   3.0000000e+01   3.2777778e+01   1.3478261e+01   2.0000000e+00   9.0000000e+00   2.3000000e+01   1.0368421e+01
   1.3199781e+03   2.4000000e+01   4.1000000e+01   5.3500000e+02   6.2000000e+01   3.1000000e+01   3.6400000e+01   1.9588235e+01   2.0000000e+00   5.0000000e+00   1.7000000e+01   9.9180328e+00
   1.2364475e+03   2.8000000e+01   4.7000000e+01   5.8600000e+02   6.4000000e+01   3.2000000e+01   4.0166667e+01   1.6550000e+01   2.0000000e+00   6.0000000e+00   2.0000000e+01   1.0188406e+01
   9.2387818e+02   3.0000000e+01   3.5000000e+01   5.0400000e+02   5.8000000e+01   2.9000000e+01   2.8857143e+01   1.3619048e+01   2.0000000e+00   7.0000000e+00   2.1000000e+01   1.0629032e+01
   1.2097597e+03   2.7000000e+01   4.7000000e+01   6.0300000e+02   6.3000000e+01   3.1500000e+01   3.5714286e+01   1.9277778e+01   2.0000000e+00   7.0000000e+00   1.8000000e+01   1.0608696e+01
   9.2172234e+02   2.3000000e+01   3.8000000e+01   5.6600000e+02   7.3000000e+01   3.6500000e+01   4.5000000e+01   1.9562500e+01   2.0000000e+00   5.0000000e+00   1.6000000e+01   1.1122807e+01
   1.2685631e+03   2.9000000e+01   5.0000000e+01   6.4100000e+02   6.3000000e+01   3.1500000e+01   3.5285714e+01   1.9700000e+01   2.0000000e+00   7.0000000e+00   2.0000000e+01   1.0853333e+01
   1.4108460e+03   3.1000000e+01   4.5000000e+01   6.0100000e+02   6.1000000e+01   3.0500000e+01   3.3142857e+01   1.6181818e+01   2.0000000e+00   7.0000000e+00   2.2000000e+01   1.0315068e+01
   1.2038107e+03   2.6000000e+01   4.0000000e+01   5.6100000e+02   6.2000000e+01   3.1000000e+01   3.9333333e+01   1.7055556e+01   2.0000000e+00   6.0000000e+00   1.8000000e+01   1.0887097e+01
   1.0823306e+03   2.6000000e+01   3.9000000e+01   5.6800000e+02   6.6000000e+01   3.3000000e+01   4.0000000e+01   1.7055556e+01   2.0000000e+00   6.0000000e+00   1.8000000e+01   1.1200000e+01
   1.4189354e+03   2.4000000e+01   4.4000000e+01   5.6600000e+02   6.0000000e+01   3.0000000e+01   3.8800000e+01   2.1235294e+01   2.0000000e+00   5.0000000e+00   1.7000000e+01   1.0781250e+01
   1.0971781e+03   2.9000000e+01   4.1000000e+01   5.6600000e+02   6.5000000e+01   3.2500000e+01   3.4714286e+01   1.5050000e+01   2.0000000e+00   7.0000000e+00   2.0000000e+01   1.0400000e+01
   1.3049083e+03   3.0000000e+01   4.8000000e+01   5.9000000e+02   5.9000000e+01   2.9500000e+01   3.9200000e+01   1.7130435e+01   2.0000000e+00   5.0000000e+00   2.3000000e+01   9.7260274e+00
   1.1752971e+03   2.3000000e+01   4.2000000e+01   5.2700000e+02   6.9000000e+01   3.4500000e+01   3.6000000e+01   1.9937500e+01   2.0000000e+00   5.0000000e+00   1.6000000e+01   1.0457627e+01
   1.2993953e+03   2.6000000e+01   4.4000000e+01   5.9300000e+02   6.9000000e+01   3.4500000e+01   3.8500000e+01   1.9111111e+01   2.0000000e+00   6.0000000e+00   1.8000000e+01   1.0462687e+01
   1.1990534e+03   2.5000000e+01   4.3000000e+01   5.0200000e+02   6.3000000e+01   3.1500000e+01   3.1833333e+01   1.7294118e+01   2.0000000e+00   6.0000000e+00   1.7000000e+01   9.6825397e+00
   1.6986100e+03   3.0000000e+01   5.2000000e+01   6.2500000e+02   6.4000000e+01   3.2000000e+01   4.0833333e+01   1.7363636e+01   2.0000000e+00   6.0000000e+00   2.2000000e+01   1.0065789e+01
   1.3784541e+03   2.9000000e+01   4.9000000e+01   6.4400000e+02   6.7000000e+01   3.3500000e+01   3.9166667e+01   1.8952381e+01   2.0000000e+00   6.0000000e+00   2.1000000e+01   1.0493333e+01
   1.0811068e+03   3.1000000e+01   4.0000000e+01   5.4500000e+02   5.6000000e+01   2.8000000e+01   3.1875000e+01   1.3380952e+01   2.0000000e+00   8.0000000e+00   2.1000000e+01   1.0606061e+01
   1.0998262e+03   2.7000000e+01   4.2000000e+01   5.6300000e+02   6.5000000e+01   3.2500000e+01   4.0800000e+01   1.7100000e+01   2.0000000e+00   5.0000000e+00   2.0000000e+01   1.0718750e+01
   1.2652089e+03   2.8000000e+01   4.7000000e+01   5.8400000e+02   6.5000000e+01   3.2500000e+01   3.9833333e+01   1.6700000e+01   2.0000000e+00   6.0000000e+00   2.0000000e+01   1.0281690e+01
   1.2240089e+03   2.8000000e+01   4.4000000e+01   5.9400000e+02   5.9000000e+01   2.9500000e+01   3.5500000e+01   1.8350000e+01   2.0000000e+00   6.0000000e+00   2.0000000e+01   1.0402985e+01
   1.2077987e+03   2.8000000e+01   4.1000000e+01   5.9800000e+02   6.1000000e+01   3.0500000e+01   3.8833333e+01   1.7550000e+01   2.0000000e+00   6.0000000e+00   2.0000000e+01   1.0500000e+01
   1.1102399e+03   2.6000000e+01   3.6000000e+01   5.5000000e+02   6.1000000e+01   3.0500000e+01   3.9000000e+01   1.6555556e+01   2.0000000e+00   6.0000000e+00   1.8000000e+01   1.0466667e+01
   9.8290378e+02   2.2000000e+01   3.8000000e+01   5.3200000e+02   6.6000000e+01   3.3000000e+01   4.3000000e+01   1.9533333e+01   2.0000000e+00   5.0000000e+00   1.5000000e+01   1.1056604e+01
   1.2294874e+03   2.2000000e+01   4.1000000e+01   5.6800000e+02   5.0000000e+01   2.5000000e+01   4.7250000e+01   2.3187500e+01   2.0000000e+00   4.0000000e+00   1.6000000e+01   1.0852459e+01
   9.7120265e+02   2.5000000e+01   4.1000000e+01   4.9600000e+02   6.1000000e+01   3.0500000e+01   3.7000000e+01   1.6944444e+01   2.0000000e+00   5.0000000e+00   1.8000000e+01   1.0118644e+01
   1.2852921e+03   3.0000000e+01   4.2000000e+01   5.1400000e+02   6.2000000e+01   3.1000000e+01   3.3142857e+01   1.2809524e+01   2.0000000e+00   7.0000000e+00   2.1000000e+01   1.0191176e+01
   1.2082015e+03   2.4000000e+01   4.5000000e+01   6.0000000e+02   7.3000000e+01   3.6500000e+01   4.3800000e+01   2.1705882e+01   2.0000000e+00   5.0000000e+00   1.7000000e+01   1.0651515e+01
   1.2649635e+03   3.2000000e+01   4.2000000e+01   5.9200000e+02   6.0000000e+01   3.0000000e+01   3.6000000e+01   1.5375000e+01   2.0000000e+00   6.0000000e+00   2.4000000e+01   1.0463768e+01
   1.1411418e+03   3.2000000e+01   4.3000000e+01   6.1900000e+02   5.8000000e+01   2.9000000e+01   3.7571429e+01   1.5304348e+01   2.0000000e+00   7.0000000e+00   2.3000000e+01   1.0777778e+01
   1.3277422e+03   2.8000000e+01   4.4000000e+01   5.7800000e+02   6.0000000e+01   3.0000000e+01   3.8666667e+01   1.6800000e+01   2.0000000e+00   6.0000000e+00   2.0000000e+01   1.0085714e+01
   1.2195672e+03   2.4000000e+01   4.8000000e+01   6.1200000e+02   6.6000000e+01   3.3000000e+01   3.9833333e+01   2.2437500e+01   2.0000000e+00   6.0000000e+00   1.6000000e+01   1.0724638e+01
   1.1168064e+03   3.0000000e+01   4.0000000e+01   5.5600000e+02   5.9000000e+01   2.9500000e+01   3.4428571e+01   1.4428571e+01   2.0000000e+00   7.0000000e+00   2.1000000e+01   1.0294118e+01
   9.1452862e+02   2.4000000e+01   3.4000000e+01   5.5600000e+02   6.8000000e+01   3.4000000e+01   4.1800000e+01   1.8705882e+01   2.0000000e+00   5.0000000e+00   1.7000000e+01   1.1636364e+01
   1.2978957e+03   2.7000000e+01   4.4000000e+01   5.7800000e+02   6.4000000e+01   3.2000000e+01   3.4666667e+01   1.8526316e+01   2.0000000e+00   6.0000000e+00   1.9000000e+01   1.0600000e+01
   1.1669372e+03   2.7000000e+01   4.6000000e+01   5.5900000e+02   6.3000000e+01   3.1500000e+01   3.7000000e+01   1.7368421e+01   2.0000000e+00   6.0000000e+00   1.9000000e+01   1.0373134e+01
   1.2460299e+03   3.1000000e+01   4.3000000e+01   5.8300000e+02   5.9000000e+01   2.9500000e+01   3.2125000e+01   1.5047619e+01   2.0000000e+00   8.0000000e+00   2.1000000e+01   1.0500000e+01
   1.0393606e+03   2.6000000e+01   4.2000000e+01   6.1400000e+02   6.7000000e+01   3.3500000e+01   4.0000000e+01   1.9777778e+01   2.0000000e+00   6.0000000e+00   1.8000000e+01   1.1446154e+01
   1.1783393e+03   2.9000000e+01   4.6000000e+01   6.1900000e+02   6.1000000e+01   3.0500000e+01   4.0500000e+01   1.7714286e+01   2.0000000e+00   6.0000000e+00   2.1000000e+01   1.0788732e+01
   1.1441370e+03   2.4000000e+01   4.4000000e+01   5.6900000e+02   6.4000000e+01   3.2000000e+01   4.3200000e+01   1.9764706e+01   2.0000000e+00   5.0000000e+00   1.7000000e+01   1.0634921e+01
   1.0302859e+03   2.5000000e+01   3.9000000e+01   4.9600000e+02   6.5000000e+01   3.2500000e+01   3.2166667e+01   1.6705882e+01   2.0000000e+00   6.0000000e+00   1.7000000e+01   1.0377049e+01
   9.6739133e+02   2.9000000e+01   4.7000000e+01   6.0800000e+02   5.6000000e+01   2.8000000e+01   3.9500000e+01   1.7476190e+01   2.0000000e+00   6.0000000e+00   2.1000000e+01   1.0652174e+01
   1.1977850e+03   2.5000000e+01   4.5000000e+01   5.5100000e+02   6.7000000e+01   3.3500000e+01   4.2400000e+01   1.8111111e+01   2.0000000e+00   5.0000000e+00   1.8000000e+01   1.0187500e+01
   1.2456733e+03   2.6000000e+01   4.2000000e+01   6.1800000e+02   6.7000000e+01   3.3500000e+01   3.7000000e+01   2.1111111e+01   2.0000000e+00   6.0000000e+00   1.8000000e+01   1.0772727e+01
   1.4613254e+03   2.4000000e+01   4.7000000e+01   6.0400000e+02   6.4000000e+01   3.2000000e+01   4.3800000e+01   2.1823529e+01   2.0000000e+00   5.0000000e+00   1.7000000e+01   1.0432836e+01
   1.0495174e+03   2.4000000e+01   3.5000000e+01   4.8300000e+02   6.0000000e+01   3.0000000e+01   3.6833333e+01   1.5375000e+01   2.0000000e+00   6.0000000e+00   1.6000000e+01   1.0303571e+01
   1.2409385e+03   2.3000000e+01   3.9000000e+01   4.8900000e+02   6.5000000e+01   3.2500000e+01   2.7285714e+01   1.9642857e+01   2.0000000e+00   7.0000000e+00   1.4000000e+01   1.0706897e+01
   1.3190617e+03   2.7000000e+01   4.5000000e+01   5.6400000e+02   6.0000000e+01   3.0000000e+01   4.0000000e+01   1.8000000e+01   2.0000000e+00   5.0000000e+00   2.0000000e+01   9.8656716e+00
   1.3078761e+03   3.0000000e+01   4.6000000e+01   6.2400000e+02   6.6000000e+01   3.3000000e+01   4.0333333e+01   1.6681818e+01   2.0000000e+00   6.0000000e+00   2.2000000e+01   1.0764706e+01
   1.3162112e+03   2.8000000e+01   4.6000000e+01   6.0800000e+02   6.4000000e+01   3.2000000e+01   4.2166667e+01   1.7250000e+01   2.0000000e+00   6.0000000e+00   2.0000000e+01   1.0700000e+01
   1.2027226e+03   2.5000000e+01   4.2000000e+01   5.4600000e+02   6.0000000e+01   3.0000000e+01   3.4333333e+01   1.9235294e+01   2.0000000e+00   6.0000000e+00   1.7000000e+01   1.0774194e+01
   1.1291746e+03   2.7000000e+01   3.6000000e+01   4.7700000e+02   6.0000000e+01   3.0000000e+01   3.4166667e+01   1.3578947e+01   2.0000000e+00   6.0000000e+00   1.9000000e+01   1.0245614e+01
   1.0642337e+03   2.6000000e+01   3.5000000e+01   4.8600000e+02   6.3000000e+01   3.1500000e+01   3.3333333e+01   1.4722222e+01   2.0000000e+00   6.0000000e+00   1.8000000e+01   1.0362069e+01
   1.5406702e+03   2.8000000e+01   5.3000000e+01   6.2400000e+02   6.5000000e+01   3.2500000e+01   3.4714286e+01   1.9789474e+01   2.0000000e+00   7.0000000e+00   1.9000000e+01   1.0560000e+01
   1.1337839e+03   3.0000000e+01   3.5000000e+01   5.3500000e+02   6.4000000e+01   3.2000000e+01   3.2666667e+01   1.4272727e+01   2.0000000e+00   6.0000000e+00   2.2000000e+01   1.0786885e+01
   1.1019321e+03   2.5000000e+01   4.6000000e+01   5.9100000e+02   6.8000000e+01   3.4000000e+01   4.4200000e+01   1.9944444e+01   2.0000000e+00   5.0000000e+00   1.8000000e+01   1.0895522e+01
   1.2317947e+03   3.2000000e+01   4.7000000e+01   6.2300000e+02   6.0000000e+01   3.0000000e+01   3.2125000e+01   1.6363636e+01   2.0000000e+00   8.0000000e+00   2.2000000e+01   1.0513514e+01
   1.3449944e+03   2.9000000e+01   4.7000000e+01   6.2500000e+02   6.1000000e+01   3.0500000e+01   4.0500000e+01   1.7952381e+01   2.0000000e+00   6.0000000e+00   2.1000000e+01   1.0597222e+01
   1.1254076e+03   2.8000000e+01   3.7000000e+01   5.6400000e+02   6.7000000e+01   3.3500000e+01   3.8000000e+01   1.5600000e+01   2.0000000e+00   6.0000000e+00   2.0000000e+01   1.1163934e+01
   1.2054534e+03   2.5000000e+01   4.8000000e+01   5.9100000e+02   7.0000000e+01   3.5000000e+01   4.2600000e+01   2.0111111e+01   2.0000000e+00   5.0000000e+00   1.8000000e+01   1.0808824e+01
   1.1113263e+03   3.1000000e+01   3.9000000e+01   5.8500000e+02   6.0000000e+01   3.0000000e+01   3.6428571e+01   1.4636364e+01   2.0000000e+00   7.0000000e+00   2.2000000e+01   1.0939394e+01
   1.3600647e+03   2.4000000e+01   4.3000000e+01   5.7800000e+02   6.6000000e+01   3.3000000e+01   4.2200000e+01   2.0647059e+01   2.0000000e+00   5.0000000e+00   1.7000000e+01   1.0843750e+01
   1.1399393e+03   2.8000000e+01   4.6000000e+01   6.1000000e+02   6.2000000e+01   3.1000000e+01   3.5571429e+01   1.8526316e+01   2.0000000e+00   7.0000000e+00   1.9000000e+01   1.0569444e+01
   1.2394077e+03   2.4000000e+01   4.4000000e+01   5.3800000e+02   6.6000000e+01   3.3000000e+01   4.0600000e+01   1.8941176e+01   2.0000000e+00   5.0000000e+00   1.7000000e+01   1.0246154e+01
   1.0082958e+03   2.5000000e+01   3.9000000e+01   5.5200000e+02   6.1000000e+01   3.0500000e+01   4.2800000e+01   1.7833333e+01   2.0000000e+00   5.0000000e+00   1.8000000e+01   1.1271186e+01
   1.3195382e+03   2.4000000e+01   4.3000000e+01   5.1100000e+02   6.4000000e+01   3.2000000e+01   3.4166667e+01   1.8375000e+01   2.0000000e+00   6.0000000e+00   1.6000000e+01   1.0032258e+01
   1.0365449e+03   2.9000000e+01   3.9000000e+01   5.0600000e+02   6.1000000e+01   3.0500000e+01   3.5666667e+01   1.3428571e+01   2.0000000e+00   6.0000000e+00   2.1000000e+01   1.0609375e+01
   1.2496931e+03   2.9000000e+01   4.5000000e+01   5.8200000e+02   6.7000000e+01   3.3500000e+01   3.4285714e+01   1.6400000e+01   2.0000000e+00   7.0000000e+00   2.0000000e+01   1.0463768e+01
   1.2144387e+03   2.8000000e+01   4.2000000e+01   5.7600000e+02   6.5000000e+01   3.2500000e+01   3.3666667e+01   1.7650000e+01   2.0000000e+00   6.0000000e+00   2.0000000e+01   1.0272727e+01
   1.1028561e+03   2.4000000e+01   4.0000000e+01   5.5500000e+02   6.1000000e+01   3.0500000e+01   4.2600000e+01   1.9235294e+01   2.0000000e+00   5.0000000e+00   1.7000000e+01   1.0819672e+01
   9.2665387e+02   2.7000000e+01   3.3000000e+01   5.3100000e+02   6.2000000e+01   3.1000000e+01   3.3833333e+01   1.5947368e+01   2.0000000e+00   6.0000000e+00   1.9000000e+01   1.1290909e+01
   1.0836583e+03   3.1000000e+01   4.1000000e+01   5.4400000e+02   5.6000000e+01   2.8000000e+01   2.7888889e+01   1.4600000e+01   2.0000000e+00   9.0000000e+00   2.0000000e+01   9.7826087e+00
   1.1998242e+03   3.2000000e+01   4.6000000e+01   6.3800000e+02   6.0000000e+01   3.0000000e+01   3.5375000e+01   1.5909091e+01   2.0000000e+00   8.0000000e+00   2.2000000e+01   1.0945205e+01
   1.1809628e+03   2.6000000e+01   3.6000000e+01   4.9400000e+02   5.9000000e+01   2.9500000e+01   3.3000000e+01   1.4352941e+01   2.0000000e+00   7.0000000e+00   1.7000000e+01   1.0155172e+01
   1.5804310e+03   3.1000000e+01   5.0000000e+01   6.1900000e+02   6.0000000e+01   3.0000000e+01   2.9666667e+01   1.7950000e+01   2.0000000e+00   9.0000000e+00   2.0000000e+01   9.9102564e+00
   1.0304405e+03   2.5000000e+01   4.1000000e+01   5.6800000e+02   6.8000000e+01   3.4000000e+01   3.9166667e+01   1.8176471e+01   2.0000000e+00   6.0000000e+00   1.7000000e+01   1.1133333e+01
   1.3430758e+03   2.7000000e+01   5.0000000e+01   5.9000000e+02   6.3000000e+01   3.1500000e+01   4.0200000e+01   2.0100000e+01   2.0000000e+00   5.0000000e+00   2.0000000e+01   1.0424658e+01
   1.1010001e+03   2.5000000e+01   3.9000000e+01   5.0300000e+02   6.1000000e+01   3.0500000e+01   3.0428571e+01   1.6875000e+01   2.0000000e+00   7.0000000e+00   1.6000000e+01   1.0147541e+01
   1.2768947e+03   3.3000000e+01   4.5000000e+01   5.8300000e+02   5.8000000e+01   2.9000000e+01   3.6000000e+01   1.4083333e+01   2.0000000e+00   7.0000000e+00   2.4000000e+01   1.0200000e+01
   1.1190417e+03   2.9000000e+01   3.9000000e+01   5.7400000e+02   6.3000000e+01   3.1500000e+01   3.6714286e+01   1.5200000e+01   2.0000000e+00   7.0000000e+00   2.0000000e+01   1.0750000e+01
   1.2750808e+03   2.5000000e+01   4.0000000e+01   5.2600000e+02   6.4000000e+01   3.2000000e+01   3.9200000e+01   1.7500000e+01   2.0000000e+00   5.0000000e+00   1.8000000e+01   1.0290323e+01
   1.0009579e+03   2.6000000e+01   3.8000000e+01   5.2200000e+02   6.2000000e+01   3.1000000e+01   3.1000000e+01   1.7500000e+01   2.0000000e+00   6.0000000e+00   1.8000000e+01   1.1000000e+01
   1.0421809e+03   2.5000000e+01   4.0000000e+01   5.8800000e+02   5.0000000e+01   2.5000000e+01   4.1600000e+01   2.0833333e+01   2.0000000e+00   5.0000000e+00   1.8000000e+01   1.1048387e+01
   1.1523088e+03   2.6000000e+01   4.5000000e+01   6.0700000e+02   6.8000000e+01   3.4000000e+01   3.9000000e+01   1.9888889e+01   2.0000000e+00   6.0000000e+00   1.8000000e+01   1.1060606e+01
   1.2457728e+03   2.6000000e+01   4.1000000e+01   5.7100000e+02   6.2000000e+01   3.1000000e+01   3.6833333e+01   1.8611111e+01   2.0000000e+00   6.0000000e+00   1.8000000e+01   1.0419355e+01
   1.1323889e+03   2.8000000e+01   4.7000000e+01   6.0500000e+02   6.5000000e+01   3.2500000e+01   4.3400000e+01   1.7714286e+01   2.0000000e+00   5.0000000e+00   2.1000000e+01   1.0514706e+01
   8.6789951e+02   2.7000000e+01   3.4000000e+01   5.0000000e+02   6.0000000e+01   3.0000000e+01   3.0142857e+01   1.4666667e+01   2.0000000e+00   7.0000000e+00   1.8000000e+01   1.1017857e+01
