   0.0000000e+00   0.0000000e+00   0.0000000e+00   0.0000000e+00   0.0000000e+00   0.0000000e+00   0.0000000e+00   0.0000000e+00   0.0000000e+00   0.0000000e+00   0.0000000e+00   0.0000000e+00
   0.0000000e+00   0.0000000e+00   0.0000000e+00   0.0000000e+00   0.0000000e+00   0.0000000e+00   0.0000000e+00   0.0000000e+00   0.0000000e+00   0.0000000e+00   0.0000000e+00   0.0000000e+00
   0.0000000e+00   0.0000000e+00   0.0000000e+00   0.0000000e+00   0.0000000e+00   0.0000000e+00   0.0000000e+00   0.0000000e+00   0.0000000e+00   0.0000000e+00   0.0000000e+00   0.0000000e+00
   0.0000000e+00   0.0000000e+00   0.0000000e+00   0.0000000e+00   0.0000000e+00   0.0000000e+00   0.0000000e+00   0.0000000e+00   0.0000000e+00   0.0000000e+00   0.0000000e+00   0.0000000e+00
   0.0000000e+00   0.0000000e+00   0.0000000e+00   0.0000000e+00   0.0000000e+00   0.0000000e+00   0.0000000e+00   0.0000000e+00   0.0000000e+00   0.0000000e+00   0.0000000e+00   0.0000000e+00
   0.0000000e+00   0.0000000e+00   0.0000000e+00   0.0000000e+00   0.0000000e+00   0.0000000e+00   0.0000000e+00   0.0000000e+00   0.0000000e+00   0.0000000e+00   0.0000000e+00   0.0000000e+00
   0.0000000e+00   0.0000000e+00   0.0000000e+00   0.0000000e+00   0.0000000e+00   0.0000000e+00   0.0000000e+00   0.0000000e+00   0.0000000e+00   0.0000000e+00   0.0000000e+00   0.0000000e+00
   0.0000000e+00   0.0000000e+00   0.0000000e+00   0.0000000e+00   0.0000000e+00   0.0000000e+00   0.0000000e+00   0.0000000e+00   0.0000000e+00   0.0000000e+00   0.0000000e+00   0.0000000e+00
   0.0000000e+00   0.0000000e+00   0.0000000e+00   0.0000000e+00   0.0000000e+00   0.0000000e+00   0.0000000e+00   0.0000000e+00   0.0000000e+00   0.0000000e+00   0.0000000e+00   0.0000000e+00
   0.0000000e+00   0.0000000e+00   0.0000000e+00   0.0000000e+00   0.0000000e+00   0.0000000e+00   0.0000000e+00   0.0000000e+00   0.0000000e+00   0.0000000e+00   0.0000000e+00   0.0000000e+00
   0.0000000e+00   0.0000000e+00   0.0000000e+00   0.0000000e+00   0.0000000e+00   0.0000000e+00   0.0000000e+00   0.0000000e+00   0.0000000e+00   0.0000000e+00   0.0000000e+00   0.0000000e+00
   0.0000000e+00   0.0000000e+00   0.0000000e+00   0.0000000e+00   0.0000000e+00   0.0000000e+00   0.0000000e+00   0.0000000e+00   0.0000000e+00   0.0000000e+00   0.0000000e+00   0.0000000e+00
   0.0000000e+00   0.0000000e+00   0.0000000e+00   0.0000000e+00   0.0000000e+00   0.0000000e+00   0.0000000e+00   0.0000000e+00   0.0000000e+00   0.0000000e+00   0.0000000e+00   0.0000000e+00
   0.0000000e+00   0.0000000e+00   0.0000000e+00   0.0000000e+00   0.0000000e+00   0.0000000e+00   0.0000000e+00   0.0000000e+00   0.0000000e+00   0.0000000e+00   0.0000000e+00   0.0000000e+00
   0.0000000e+00   0.0000000e+00   0.0000000e+00   0.0000000e+00   0.0000000e+00   0.0000000e+00   0.0000000e+00   0.0000000e+00   0.0000000e+00   0.0000000e+00   0.0000000e+00   0.0000000e+00
   0.0000000e+00   0.0000000e+00   0.0000000e+00   0.0000000e+00   0.0000000e+00   0.0000000e+00   0.0000000e+00   0.0000000e+00   0.0000000e+00   0.0000000e+00   0.0000000e+00   0.0000000e+00
   0.0000000e+00   0.0000000e+00   0.0000000e+00   0.0000000e+00   0.0000000e+00   0.0000000e+00   0.0000000e+00   0.0000000e+00   0.0000000e+00   0.0000000e+00   0.0000000e+00   0.0000000e+00
   0.0000000e+00   0.0000000e+00   0.0000000e+00   0.0000000e+00   0.0000000e+00   0.0000000e+00   0.0000000e+00   0.0000000e+00   0.0000000e+00   0.0000000e+00   0.0000000e+00   0.0000000e+00
   0.0000000e+00   0.0000000e+00   0.0000000e+00   0.0000000e+00   0.0000000e+00   0.0000000e+00   0.0000000e+00   0.0000000e+00   0.0000000e+00   0.0000000e+00   0.0000000e+00   0.0000000e+00
   0.0000000e+00   0.0000000e+00   0.0000000e+00   0.0000000e+00   0.0000000e+00   0.0000000e+00   0.0000000e+00   0.0000000e+00   0.0000000e+00   0.0000000e+00   0.0000000e+00   0.0000000e+00
   0.0000000e+00   0.0000000e+00   0.0000000e+00   0.0000000e+00   0.0000000e+00   0.0000000e+00   0.0000000e+00   0.0000000e+00   0.0000000e+00   0.0000000e+00   0.0000000e+00   0.0000000e+00
   0.0000000e+00   0.0000000e+00   0.0000000e+00   0.0000000e+00   0.0000000e+00   0.0000000e+00   0.0000000e+00   0.0000000e+00   0.0000000e+00   0.0000000e+00   0.0000000e+00   0.0000000e+00
   0.0000000e+00   0.0000000e+00   0.0000000e+00   0.0000000e+00   0.0000000e+00   0.0000000e+00   0.0000000e+00   0.0000000e+00   0.0000000e+00   0.0000000e+00   0.0000000e+00   0.0000000e+00
   0.0000000e+00   0.0000000e+00   0.0000000e+00   0.0000000e+00   0.0000000e+00   0.0000000e+00   0.0000000e+00   0.0000000e+00   0.0000000e+00   0.0000000e+00   0.0000000e+00   0.0000000e+00
   0.0000000e+00   0.0000000e+00   0.0000000e+00   0.0000000e+00   0.0000000e+00   0.0000000e+00   0.0000000e+00   0.0000000e+00   0.0000000e+00   0.0000000e+00   0.0000000e+00   0.0000000e+00
   0.0000000e+00   0.0000000e+00   0.0000000e+00   0.0000000e+00   0.0000000e+00   0.0000000e+00   0.0000000e+00   0.0000000e+00   0.0000000e+00   0.0000000e+00   0.0000000e+00   0.0000000e+00
   0.0000000e+00   0.0000000e+00   0.0000000e+00   0.0000000e+00   0.0000000e+00   0.0000000e+00   0.0000000e+00   0.0000000e+00   0.0000000e+00   0.0000000e+00   0.0000000e+00   0.0000000e+00
   0.0000000e+00   0.0000000e+00   0.0000000e+00   0.0000000e+00   0.0000000e+00   0.0000000e+00   0.0000000e+00   0.0000000e+00   0.0000000e+00   0.0000000e+00   0.0000000e+00   0.0000000e+00
   0.0000000e+00   0.0000000e+00   0.0000000e+00   0.0000000e+00   0.0000000e+00   0.0000000e+00   0.0000000e+00   0.0000000e+00   0.0000000e+00   0.0000000e+00   0.0000000e+00   0.0000000e+00
   0.0000000e+00   0.0000000e+00   0.0000000e+00   0.0000000e+00   0.0000000e+00   0.0000000e+00   0.0000000e+00   0.0000000e+00   0.0000000e+00   0.0000000e+00   0.0000000e+00   0.0000000e+00
   0.0000000e+00   0.0000000e+00   0.0000000e+00   0.0000000e+00   0.0000000e+00   0.0000000e+00   0.0000000e+00   0.0000000e+00   0.0000000e+00   0.0000000e+00   0.0000000e+00   0.0000000e+00
   0.0000000e+00   0.0000000e+00   0.0000000e+00   0.0000000e+00   0.0000000e+00   0.0000000e+00   0.0000000e+00   0.0000000e+00   0.0000000e+00   0.0000000e+00   0.0000000e+00   0.0000000e+00
   0.0000000e+00   0.0000000e+00   0.0000000e+00   0.0000000e+00   0.0000000e+00   0.0000000e+00   0.0000000e+00   0.0000000e+00   0.0000000e+00   0.0000000e+00   0.0000000e+00   0.0000000e+00
   0.0000000e+00   0.0000000e+00   0.0000000e+00   0.0000000e+00   0.0000000e+00   0.0000000e+00   0.0000000e+00   0.0000000e+00   0.0000000e+00   0.0000000e+00   0.0000000e+00   0.0000000e+00
   0.0000000e+00   0.0000000e+00   0.0000000e+00   0.0000000e+00   0.0000000e+00   0.0000000e+00   0.0000000e+00   0.0000000e+00   0.0000000e+00   0.0000000e+00   0.0000000e+00   0.0000000e+00
   0.0000000e+00   0.0000000e+00   0.0000000e+00   0.0000000e+00   0.0000000e+00   0.0000000e+00   0.0000000e+00   0.0000000e+00   0.0000000e+00   0.0000000e+00   0.0000000e+00   0.0000000e+00
   0.0000000e+00   0.0000000e+00   0.0000000e+00   0.0000000e+00   0.0000000e+00   0.0000000e+00   0.0000000e+00   0.0000000e+00   0.0000000e+00   0.0000000e+00   0.0000000e+00   0.0000000e+00
   0.0000000e+00   0.0000000e+00   0.0000000e+00   0.0000000e+00   0.0000000e+00   0.0000000e+00   0.0000000e+00   0.0000000e+00   0.0000000e+00   0.0000000e+00   0.0000000e+00   0.0000000e+00
   0.0000000e+00   0.0000000e+00   0.0000000e+00   0.0000000e+00   0.0000000e+00   0.0000000e+00   0.0000000e+00   0.0000000e+00   0.0000000e+00   0.0000000e+00   0.0000000e+00   0.0000000e+00
   0.0000000e+00   0.0000000e+00   0.0000000e+00   0.0000000e+00   0.0000000e+00   0.0000000e+00   0.0000000e+00   0.0000000e+00   0.0000000e+00   0.0000000e+00   0.0000000e+00   0.0000000e+00
   1.6603091e+03   2.8000000e+01   5.2000000e+01   5.5600000e+02   6.7000000e+01   3.3500000e+01   3.4666667e+01   1.6950000e+01   2.0000000e+00   6.0000000e+00   2.0000000e+01   9.5000000e+00
   1.1873542e+03   3.2000000e+01   3.7000000e+01   5.8900000e+02   5.8000000e+01   2.9000000e+01   3.0111111e+01   1.4523810e+01   2.0000000e+00   9.0000000e+00   2.1000000e+01   1.0687500e+01
   1.3844248e+03   3.1000000e+01   4.5000000e+01   5.8200000e+02   5.9000000e+01   2.9500000e+01   3.6142857e+01   1.4772727e+01   2.0000000e+00   7.0000000e+00   2.2000000e+01   9.7222222e+00
   1.3201850e+03   2.8000000e+01   4.7000000e+01   5.5300000e+02   6.4000000e+01   3.2000000e+01   3.8000000e+01   1.5900000e+01   2.0000000e+00   6.0000000e+00   2.0000000e+01   1.0197183e+01
   1.5022293e+03   3.3000000e+01   4.7000000e+01   5.9800000e+02   5.9000000e+01   2.9500000e+01   3.5625000e+01   1.3695652e+01   2.0000000e+00   8.0000000e+00   2.3000000e+01   1.0162162e+01
   1.1963379e+03   2.3000000e+01   4.2000000e+01   5.4000000e+02   6.5000000e+01   3.2500000e+01   4.2000000e+01   1.9500000e+01   2.0000000e+00   5.0000000e+00   1.6000000e+01   1.0516667e+01
   1.3950874e+03   3.3000000e+01   4.8000000e+01   6.1000000e+02   6.2000000e+01   3.1000000e+01   2.9333333e+01   1.5454545e+01   2.0000000e+00   9.0000000e+00   2.2000000e+01   1.0283784e+01
   1.6085866e+03   2.4000000e+01   4.9000000e+01   5.8900000e+02   6.8000000e+01   3.4000000e+01   4.2200000e+01   2.1176471e+01   2.0000000e+00   5.0000000e+00   1.7000000e+01   1.0471429e+01
   1.3644462e+03   2.5000000e+01   4.4000000e+01   5.2200000e+02   6.5000000e+01   3.2500000e+01   4.1000000e+01   1.6722222e+01   2.0000000e+00   5.0000000e+00   1.8000000e+01   9.7692308e+00
   1.1755181e+03   2.7000000e+01   4.1000000e+01   5.5200000e+02   6.6000000e+01   3.3000000e+01   3.3142857e+01   1.7277778e+01   2.0000000e+00   7.0000000e+00   1.8000000e+01   1.0390625e+01
   0.0000000e+00   0.0000000e+00   0.0000000e+00   0.0000000e+00   0.0000000e+00   0.0000000e+00   0.0000000e+00   0.0000000e+00   0.0000000e+00   0.0000000e+00   0.0000000e+00   0.0000000e+00
   0.0000000e+00   0.0000000e+00   0.0000000e+00   0.0000000e+00   0.0000000e+00   0.0000000e+00   0.0000000e+00   0.0000000e+00   0.0000000e+00   0.0000000e+00   0.0000000e+00   0.0000000e+00
   0.0000000e+00   0.0000000e+00   0.0000000e+00   0.0000000e+00   0.0000000e+00   0.0000000e+00   0.0000000e+00   0.0000000e+00   0.0000000e+00   0.0000000e+00   0.0000000e+00   0.0000000e+00
   0.0000000e+00   0.0000000e+00   0.0000000e+00   0.0000000e+00   0.0000000e+00   0.0000000e+00   0.0000000e+00   0.0000000e+00   0.0000000e+00   0.0000000e+00   0.0000000e+00   0.0000000e+00
   0.0000000e+00   0.0000000e+00   0.0000000e+00   0.0000000e+00   0.0000000e+00   0.0000000e+00   0.0000000e+00   0.0000000e+00   0.0000000e+00   0.0000000e+00   0.0000000e+00   0.0000000e+00
   0.0000000e+00   0.0000000e+00   0.0000000e+00   0.0000000e+00   0.0000000e+00   0.0000000e+00   0.0000000e+00   0.0000000e+00   0.0000000e+00   0.0000000e+00   0.0000000e+00   0.0000000e+00
   0.0000000e+00   0.0000000e+00   0.0000000e+00   0.0000000e+00   0.0000000e+00   0.0000000e+00   0.0000000e+00   0.0000000e+00   0.0000000e+00   0.0000000e+00   0.0000000e+00   0.0000000e+00
   0.0000000e+00   0.0000000e+00   0.0000000e+00   0.0000000e+00   0.0000000e+00   0.0000000e+00   0.0000000e+00   0.0000000e+00   0.0000000e+00   0.0000000e+00   0.0000000e+00   0.0000000e+00
   1.3563473e+03   2.5000000e+01   3.8000000e+01   5.0400000e+02   6.4000000e+01   3.2000000e+01   3.3666667e+01   1.6588235e+01   2.0000000e+00   6.0000000e+00   1.7000000e+01   9.8524590e+00
   1.0456957e+03   2.3000000e+01   3.6000000e+01   4.9600000e+02   6.2000000e+01   3.1000000e+01   3.5833333e+01   1.7733333e+01   2.0000000e+00   6.0000000e+00   1.5000000e+01   1.0925926e+01
   1.1560957e+03   2.4000000e+01   4.0000000e+01   5.0600000e+02   6.0000000e+01   3.0000000e+01   3.4600000e+01   1.8764706e+01   2.0000000e+00   5.0000000e+00   1.7000000e+01   9.9166667e+00
   1.4469118e+03   2.7000000e+01   5.0000000e+01   6.0600000e+02   6.2000000e+01   3.1000000e+01   3.6833333e+01   2.0052632e+01   2.0000000e+00   6.0000000e+00   1.9000000e+01   9.9452055e+00
   1.1253848e+03   2.5000000e+01   3.8000000e+01   5.2200000e+02   6.5000000e+01   3.2500000e+01   3.8600000e+01   1.7166667e+01   2.0000000e+00   5.0000000e+00   1.8000000e+01   1.0266667e+01
   1.3420070e+03   2.9000000e+01   4.8000000e+01   6.3300000e+02   6.1000000e+01   3.0500000e+01   4.0000000e+01   1.8333333e+01   2.0000000e+00   6.0000000e+00   2.1000000e+01   1.0320000e+01
   1.1713035e+03   2.6000000e+01   4.2000000e+01   5.4200000e+02   5.7000000e+01   2.8500000e+01   3.6833333e+01   1.7055556e+01   2.0000000e+00   6.0000000e+00   1.8000000e+01   1.0031746e+01
   1.2425085e+03   2.5000000e+01   4.3000000e+01   5.9300000e+02   6.6000000e+01   3.3000000e+01   4.2000000e+01   2.0444444e+01   2.0000000e+00   5.0000000e+00   1.8000000e+01   1.0861538e+01
   1.4303116e+03   2.6000000e+01   4.6000000e+01   5.6000000e+02   6.5000000e+01   3.2500000e+01   3.6333333e+01   1.8333333e+01   2.0000000e+00   6.0000000e+00   1.8000000e+01   1.0044118e+01
   1.3312525e+03   3.1000000e+01   4.3000000e+01   5.9300000e+02   6.1000000e+01   3.0500000e+01   3.6000000e+01   1.5136364e+01   2.0000000e+00   7.0000000e+00   2.2000000e+01   1.0463768e+01
   1.1914344e+03   2.9000000e+01   4.5000000e+01   5.8900000e+02   6.3000000e+01   3.1500000e+01   3.5571429e+01   1.6800000e+01   2.0000000e+00   7.0000000e+00   2.0000000e+01   1.0585714e+01
   1.1165791e+03   2.4000000e+01   3.4000000e+01   4.5900000e+02   6.1000000e+01   3.0500000e+01   3.2333333e+01   1.5250000e+01   2.0000000e+00   6.0000000e+00   1.6000000e+01   1.0314815e+01
   1.1098385e+03   2.7000000e+01   3.7000000e+01   5.2400000e+02   6.1000000e+01   3.0500000e+01   3.3000000e+01   1.5222222e+01   2.0000000e+00   7.0000000e+00   1.8000000e+01   1.0847458e+01
   1.2674659e+03   3.1000000e+01   4.4000000e+01   6.0100000e+02   5.9000000e+01   2.9500000e+01   3.8000000e+01   1.4863636e+01   2.0000000e+00   7.0000000e+00   2.2000000e+01   1.0169014e+01
   1.1143610e+03   2.1000000e+01   3.4000000e+01   4.8600000e+02   6.4000000e+01   3.2000000e+01   3.7200000e+01   1.9571429e+01   2.0000000e+00   5.0000000e+00   1.4000000e+01   1.0698113e+01
   1.2198992e+03   2.6000000e+01   3.6000000e+01   4.8600000e+02   6.2000000e+01   3.1000000e+01   3.2142857e+01   1.4529412e+01   2.0000000e+00   7.0000000e+00   1.7000000e+01   9.7796610e+00
   1.2466997e+03   2.6000000e+01   4.3000000e+01   5.5100000e+02   6.4000000e+01   3.2000000e+01   3.5666667e+01   1.8111111e+01   2.0000000e+00   6.0000000e+00   1.8000000e+01   1.0348485e+01
   1.0982013e+03   2.7000000e+01   3.6000000e+01   4.8000000e+02   6.3000000e+01   3.1500000e+01   3.4166667e+01   1.3894737e+01   2.0000000e+00   6.0000000e+00   1.9000000e+01   1.0147541e+01
   1.5942994e+03   3.4000000e+01   5.3000000e+01   6.1700000e+02   5.4000000e+01   2.7000000e+01   3.5142857e+01   1.5360000e+01   2.0000000e+00   7.0000000e+00   2.5000000e+01   9.5609756e+00
   1.1821244e+03   2.9000000e+01   4.1000000e+01   5.3200000e+02   6.1000000e+01   3.0500000e+01   3.6428571e+01   1.3300000e+01   2.0000000e+00   7.0000000e+00   2.0000000e+01   9.9843750e+00
   9.8170112e+02   2.9000000e+01   3.4000000e+01   4.8300000e+02   5.9000000e+01   2.9500000e+01   3.0714286e+01   1.3000000e+01   2.0000000e+00   7.0000000e+00   2.0000000e+01   1.0508475e+01
   1.1980549e+03   2.6000000e+01   4.1000000e+01   5.4100000e+02   6.2000000e+01   3.1000000e+01   3.3500000e+01   1.8111111e+01   2.0000000e+00   6.0000000e+00   1.8000000e+01   1.0475410e+01
   1.3627482e+03   3.2000000e+01   4.3000000e+01   6.3200000e+02   6.4000000e+01   3.2000000e+01   3.3888889e+01   1.5047619e+01   2.0000000e+00   9.0000000e+00   2.1000000e+01   1.0652174e+01
   1.5312595e+03   3.2000000e+01   4.5000000e+01   6.0100000e+02   6.1000000e+01   3.0500000e+01   3.4571429e+01   1.5173913e+01   2.0000000e+00   7.0000000e+00   2.3000000e+01   9.8513514e+00
   1.2426457e+03   2.5000000e+01   3.9000000e+01   4.9700000e+02   6.2000000e+01   3.1000000e+01   3.4600000e+01   1.7333333e+01   2.0000000e+00   5.0000000e+00   1.8000000e+01   1.0271186e+01
   1.2446067e+03   2.4000000e+01   3.8000000e+01   4.9000000e+02   5.7000000e+01   2.8500000e+01   3.2833333e+01   1.7437500e+01   2.0000000e+00   6.0000000e+00   1.6000000e+01   9.8275862e+00
   1.2224054e+03   3.1000000e+01   4.1000000e+01   5.5100000e+02   5.9000000e+01   2.9500000e+01   3.8666667e+01   1.3652174e+01   2.0000000e+00   6.0000000e+00   2.3000000e+01   9.9285714e+00
   1.1254934e+03   2.1000000e+01   3.7000000e+01   4.6400000e+02   6.5000000e+01   3.2500000e+01   3.5800000e+01   1.8285714e+01   2.0000000e+00   5.0000000e+00   1.4000000e+01   9.9636364e+00
   0.0000000e+00   0.0000000e+00   0.0000000e+00   0.0000000e+00   0.0000000e+00   0.0000000e+00   0.0000000e+00   0.0000000e+00   0.0000000e+00   0.0000000e+00   0.0000000e+00   0.0000000e+00
   0.0000000e+00   0.0000000e+00   0.0000000e+00   0.0000000e+00   0.0000000e+00   0.0000000e+00   0.0000000e+00   0.0000000e+00   0.0000000e+00   0.0000000e+00   0.0000000e+00   0.0000000e+00
   0.0000000e+00   0.0000000e+00   0.0000000e+00   0.0000000e+00   0.0000000e+00   0.0000000e+00   0.0000000e+00   0.0000000e+00   0.0000000e+00   0.0000000e+00   0.0000000e+00   0.0000000e+00
   0.0000000e+00   0.0000000e+00   0.0000000e+00   0.0000000e+00   0.0000000e+00   0.0000000e+00   0.0000000e+00   0.0000000e+00   0.0000000e+00   0.0000000e+00   0.0000000e+00   0.0000000e+00
   0.0000000e+00   0.0000000e+00   0.0000000e+00   0.0000000e+00   0.0000000e+00   0.0000000e+00   0.0000000e+00   0.0000000e+00   0.0000000e+00   0.0000000e+00   0.0000000e+00   0.0000000e+00
   0.0000000e+00   0.0000000e+00   0.0000000e+00   0.0000000e+00   0.0000000e+00   0.0000000e+00   0.0000000e+00   0.0000000e+00   0.0000000e+00   0.0000000e+00   0.0000000e+00   0.0000000e+00
   1.1484309e+03   3.1000000e+01   4.3000000e+01   5.8900000e+02   6.6000000e+01   3.3000000e+01   3.7857143e+01   1.4227273e+01   2.0000000e+00   7.0000000e+00   2.2000000e+01   1.0521739e+01
   1.1527916e+03   2.6000000e+01   3.6000000e+01   4.9800000e+02   5.9000000e+01   2.9500000e+01   3.2000000e+01   1.6222222e+01   2.0000000e+00   6.0000000e+00   1.8000000e+01   1.0491525e+01
   1.2077102e+03   2.7000000e+01   4.6000000e+01   5.9600000e+02   6.6000000e+01   3.3000000e+01   4.4800000e+01   1.7950000e+01   2.0000000e+00   5.0000000e+00   2.0000000e+01   1.0565217e+01
   1.2143061e+03   2.4000000e+01   4.3000000e+01   5.5900000e+02   6.3000000e+01   3.1500000e+01   3.4000000e+01   2.2000000e+01   2.0000000e+00   5.0000000e+00   1.7000000e+01   1.0442623e+01
   1.4115800e+03   2.7000000e+01   4.7000000e+01   5.7600000e+02   6.5000000e+01   3.2500000e+01   4.0666667e+01   1.7421053e+01   2.0000000e+00   6.0000000e+00   1.9000000e+01   1.0014085e+01
   1.4147532e+03   2.3000000e+01   4.6000000e+01   5.9800000e+02   7.1000000e+01   3.5500000e+01   4.4000000e+01   2.2250000e+01   2.0000000e+00   5.0000000e+00   1.6000000e+01   1.0738462e+01
   1.2804914e+03   3.1000000e+01   4.4000000e+01   5.6600000e+02   6.1000000e+01   3.0500000e+01   3.4571429e+01   1.4045455e+01   2.0000000e+00   7.0000000e+00   2.2000000e+01   9.9264706e+00
   1.2935568e+03   2.5000000e+01   4.4000000e+01   5.5500000e+02   6.8000000e+01   3.4000000e+01   4.2200000e+01   1.8055556e+01   2.0000000e+00   5.0000000e+00   1.8000000e+01   1.0301587e+01
