   1.4300000e+02
   1.6600000e+02
   1.6300000e+02
   1.5700000e+02
   1.2600000e+02
   1.4300000e+02
   1.9500000e+02
   1.6700000e+02
   0.0000000e+00
   0.0000000e+00
   0.0000000e+00
   0.0000000e+00
   0.0000000e+00
   0.0000000e+00
   0.0000000e+00
   0.0000000e+00
   0.0000000e+00
   0.0000000e+00
   0.0000000e+00
   0.0000000e+00
   0.0000000e+00
   0.0000000e+00
   0.0000000e+00
   1.3500000e+02
   1.4500000e+02
   1.5700000e+02
   1.4100000e+02
   1.7200000e+02
   1.7000000e+02
   1.5100000e+02
