   1.1200000e+02
   9.3000000e+01
   1.2100000e+02
   1.2100000e+02
   1.2100000e+02
   1.0900000e+02
   1.3300000e+02
   1.3500000e+02
   1.4800000e+02
   1.5600000e+02
   1.0700000e+02
   1.4000000e+02
   1.4900000e+02
   1.1100000e+02
   1.3300000e+02
   1.2200000e+02
   8.0000000e+01
   1.0200000e+02
   1.2100000e+02
   1.2500000e+02
   1.5000000e+02
   1.2600000e+02
   1.4500000e+02
   1.3600000e+02
   1.1800000e+02
   1.0800000e+02
   1.4500000e+02
   1.2200000e+02
   1.0600000e+02
   1.2700000e+02
