   1.1565341e+03   3.4000000e+01   5.2000000e+01   6.0400000e+02   6.1000000e+01   3.0500000e+01   3.5571429e+01   1.4600000e+01   2.0000000e+00   7.0000000e+00   2.5000000e+01   9.5061728e+00
   1.0336045e+03   3.2000000e+01   4.9000000e+01   5.4600000e+02   5.9000000e+01   2.9500000e+01   3.1428571e+01   1.3826087e+01   2.0000000e+00   7.0000000e+00   2.3000000e+01   8.7662338e+00
   3.6000000e+01   2.0000000e+00   1.0000000e+00   9.0000000e+00   9.0000000e+00   4.5000000e+00   0.0000000e+00   0.0000000e+00   2.0000000e+00   0.0000000e+00   0.0000000e+00   9.0000000e+00
   3.6000000e+01   2.0000000e+00   1.0000000e+00   8.0000000e+00   8.0000000e+00   4.0000000e+00   0.0000000e+00   0.0000000e+00   2.0000000e+00   0.0000000e+00   0.0000000e+00   8.0000000e+00
   1.0009629e+03   3.2000000e+01   5.2000000e+01   5.3200000e+02   5.6000000e+01   2.8000000e+01   3.2000000e+01   1.3478261e+01   2.0000000e+00   7.0000000e+00   2.3000000e+01   8.4000000e+00
   3.6000000e+01   2.0000000e+00   1.0000000e+00   7.0000000e+00   7.0000000e+00   3.5000000e+00   0.0000000e+00   0.0000000e+00   2.0000000e+00   0.0000000e+00   0.0000000e+00   7.0000000e+00
   8.7821123e+02   3.2000000e+01   4.7000000e+01   5.1700000e+02   5.7000000e+01   2.8500000e+01   3.3285714e+01   1.2173913e+01   2.0000000e+00   7.0000000e+00   2.3000000e+01   8.2837838e+00
   3.6000000e+01   2.0000000e+00   1.0000000e+00   1.0000000e+01   1.0000000e+01   5.0000000e+00   0.0000000e+00   0.0000000e+00   2.0000000e+00   0.0000000e+00   0.0000000e+00   1.0000000e+01
   9.7699786e+02   3.1000000e+01   4.4000000e+01   4.8700000e+02   5.5000000e+01   2.7500000e+01   3.0857143e+01   1.2681818e+01   2.0000000e+00   7.0000000e+00   2.2000000e+01   8.5000000e+00
   8.1489846e+02   3.4000000e+01   4.7000000e+01   5.1400000e+02   5.8000000e+01   2.9000000e+01   2.9500000e+01   1.1458333e+01   2.0000000e+00   8.0000000e+00   2.4000000e+01   8.5694444e+00
   3.6000000e+01   2.0000000e+00   1.0000000e+00   7.0000000e+00   7.0000000e+00   3.5000000e+00   0.0000000e+00   0.0000000e+00   2.0000000e+00   0.0000000e+00   0.0000000e+00   7.0000000e+00
   3.6000000e+01   2.0000000e+00   1.0000000e+00   6.0000000e+00   6.0000000e+00   3.0000000e+00   0.0000000e+00   0.0000000e+00   2.0000000e+00   0.0000000e+00   0.0000000e+00   6.0000000e+00
   9.6251078e+02   2.7000000e+01   4.6000000e+01   4.9600000e+02   5.6000000e+01   2.8000000e+01   3.2333333e+01   1.5684211e+01   2.0000000e+00   6.0000000e+00   1.9000000e+01   8.7971014e+00
   3.6000000e+01   2.0000000e+00   1.0000000e+00   9.0000000e+00   9.0000000e+00   4.5000000e+00   0.0000000e+00   0.0000000e+00   2.0000000e+00   0.0000000e+00   0.0000000e+00   9.0000000e+00
   7.4084122e+02   2.5000000e+01   4.0000000e+01   4.4600000e+02   6.0000000e+01   3.0000000e+01   2.9333333e+01   1.5176471e+01   2.0000000e+00   6.0000000e+00   1.7000000e+01   8.7741935e+00
   9.3643185e+02   2.7000000e+01   4.5000000e+01   4.7500000e+02   5.9000000e+01   2.9500000e+01   3.2500000e+01   1.4947368e+01   2.0000000e+00   6.0000000e+00   1.9000000e+01   8.4637681e+00
   8.8471132e+02   3.6000000e+01   4.7000000e+01   4.9200000e+02   5.7000000e+01   2.8500000e+01   2.7250000e+01   1.0115385e+01   2.0000000e+00   8.0000000e+00   2.6000000e+01   8.1506849e+00
   3.6000000e+01   2.0000000e+00   1.0000000e+00   8.0000000e+00   8.0000000e+00   4.0000000e+00   0.0000000e+00   0.0000000e+00   2.0000000e+00   0.0000000e+00   0.0000000e+00   8.0000000e+00
   1.0451989e+03   2.8000000e+01   5.4000000e+01   5.4400000e+02   6.2000000e+01   3.1000000e+01   3.4333333e+01   1.6950000e+01   2.0000000e+00   6.0000000e+00   2.0000000e+01   8.6753247e+00
   3.6000000e+01   2.0000000e+00   1.0000000e+00   1.0000000e+01   1.0000000e+01   5.0000000e+00   0.0000000e+00   0.0000000e+00   2.0000000e+00   0.0000000e+00   0.0000000e+00   1.0000000e+01
   3.6000000e+01   2.0000000e+00   1.0000000e+00   1.0000000e+01   1.0000000e+01   5.0000000e+00   0.0000000e+00   0.0000000e+00   2.0000000e+00   0.0000000e+00   0.0000000e+00   1.0000000e+01
   1.1726641e+03   3.5000000e+01   5.7000000e+01   5.8700000e+02   5.6000000e+01   2.8000000e+01   3.5333333e+01   1.4259259e+01   2.0000000e+00   6.0000000e+00   2.7000000e+01   8.4534884e+00
   3.6000000e+01   2.0000000e+00   1.0000000e+00   8.0000000e+00   8.0000000e+00   4.0000000e+00   0.0000000e+00   0.0000000e+00   2.0000000e+00   0.0000000e+00   0.0000000e+00   8.0000000e+00
   8.3774095e+02   3.1000000e+01   4.4000000e+01   4.6400000e+02   5.1000000e+01   2.5500000e+01   3.3500000e+01   1.1347826e+01   2.0000000e+00   6.0000000e+00   2.3000000e+01   8.3239437e+00
   3.6000000e+01   2.0000000e+00   1.0000000e+00   1.0000000e+01   1.0000000e+01   5.0000000e+00   0.0000000e+00   0.0000000e+00   2.0000000e+00   0.0000000e+00   0.0000000e+00   1.0000000e+01
   3.6000000e+01   2.0000000e+00   1.0000000e+00   6.0000000e+00   6.0000000e+00   3.0000000e+00   0.0000000e+00   0.0000000e+00   2.0000000e+00   0.0000000e+00   0.0000000e+00   6.0000000e+00
   3.6000000e+01   2.0000000e+00   1.0000000e+00   8.0000000e+00   8.0000000e+00   4.0000000e+00   0.0000000e+00   0.0000000e+00   2.0000000e+00   0.0000000e+00   0.0000000e+00   8.0000000e+00
   3.6000000e+01   2.0000000e+00   1.0000000e+00   6.0000000e+00   6.0000000e+00   3.0000000e+00   0.0000000e+00   0.0000000e+00   2.0000000e+00   0.0000000e+00   0.0000000e+00   6.0000000e+00
   8.4670175e+02   2.8000000e+01   4.7000000e+01   4.7100000e+02   5.8000000e+01   2.9000000e+01   3.2000000e+01   1.3800000e+01   2.0000000e+00   6.0000000e+00   2.0000000e+01   8.0294118e+00
   8.2079455e+02   2.5000000e+01   4.3000000e+01   4.6200000e+02   4.8000000e+01   2.4000000e+01   3.4000000e+01   1.6000000e+01   2.0000000e+00   5.0000000e+00   1.8000000e+01   8.3906250e+00
   8.1906691e+02   2.7000000e+01   3.6000000e+01   4.2700000e+02   5.5000000e+01   2.7500000e+01   3.2833333e+01   1.1578947e+01   2.0000000e+00   6.0000000e+00   1.9000000e+01   8.8500000e+00
   7.9787556e+02   2.3000000e+01   4.1000000e+01   4.7700000e+02   6.0000000e+01   3.0000000e+01   3.8800000e+01   1.6750000e+01   2.0000000e+00   5.0000000e+00   1.6000000e+01   8.9032258e+00
   1.0670309e+03   3.2000000e+01   5.1000000e+01   5.6900000e+02   5.4000000e+01   2.7000000e+01   3.6333333e+01   1.4958333e+01   2.0000000e+00   6.0000000e+00   2.4000000e+01   8.5949367e+00
   3.6000000e+01   2.0000000e+00   1.0000000e+00   9.0000000e+00   9.0000000e+00   4.5000000e+00   0.0000000e+00   0.0000000e+00   2.0000000e+00   0.0000000e+00   0.0000000e+00   9.0000000e+00
   9.8244742e+02   2.7000000e+01   4.9000000e+01   5.0100000e+02   5.8000000e+01   2.9000000e+01   3.2833333e+01   1.5789474e+01   2.0000000e+00   6.0000000e+00   1.9000000e+01   8.2567568e+00
   7.1141683e+02   2.2000000e+01   4.0000000e+01   4.1400000e+02   6.0000000e+01   3.0000000e+01   3.5600000e+01   1.4800000e+01   2.0000000e+00   5.0000000e+00   1.5000000e+01   8.8392857e+00
   3.6000000e+01   2.0000000e+00   1.0000000e+00   9.0000000e+00   9.0000000e+00   4.5000000e+00   0.0000000e+00   0.0000000e+00   2.0000000e+00   0.0000000e+00   0.0000000e+00   9.0000000e+00
   3.6000000e+01   2.0000000e+00   1.0000000e+00   8.0000000e+00   8.0000000e+00   4.0000000e+00   0.0000000e+00   0.0000000e+00   2.0000000e+00   0.0000000e+00   0.0000000e+00   8.0000000e+00
   3.6000000e+01   2.0000000e+00   1.0000000e+00   9.0000000e+00   9.0000000e+00   4.5000000e+00   0.0000000e+00   0.0000000e+00   2.0000000e+00   0.0000000e+00   0.0000000e+00   9.0000000e+00
   3.6000000e+01   2.0000000e+00   1.0000000e+00   8.0000000e+00   8.0000000e+00   4.0000000e+00   0.0000000e+00   0.0000000e+00   2.0000000e+00   0.0000000e+00   0.0000000e+00   8.0000000e+00
   3.6000000e+01   2.0000000e+00   1.0000000e+00   1.0000000e+01   1.0000000e+01   5.0000000e+00   0.0000000e+00   0.0000000e+00   2.0000000e+00   0.0000000e+00   0.0000000e+00   1.0000000e+01
   3.6000000e+01   2.0000000e+00   1.0000000e+00   8.0000000e+00   8.0000000e+00   4.0000000e+00   0.0000000e+00   0.0000000e+00   2.0000000e+00   0.0000000e+00   0.0000000e+00   8.0000000e+00
   3.6000000e+01   2.0000000e+00   1.0000000e+00   1.0000000e+01   1.0000000e+01   5.0000000e+00   0.0000000e+00   0.0000000e+00   2.0000000e+00   0.0000000e+00   0.0000000e+00   1.0000000e+01
   3.6000000e+01   2.0000000e+00   1.0000000e+00   6.0000000e+00   6.0000000e+00   3.0000000e+00   0.0000000e+00   0.0000000e+00   2.0000000e+00   0.0000000e+00   0.0000000e+00   6.0000000e+00
   3.6000000e+01   2.0000000e+00   1.0000000e+00   6.0000000e+00   6.0000000e+00   3.0000000e+00   0.0000000e+00   0.0000000e+00   2.0000000e+00   0.0000000e+00   0.0000000e+00   6.0000000e+00
   1.0228143e+03   2.8000000e+01   5.0000000e+01   5.2800000e+02   6.1000000e+01   3.0500000e+01   3.8600000e+01   1.5571429e+01   2.0000000e+00   5.0000000e+00   2.1000000e+01   8.3466667e+00
   3.6000000e+01   2.0000000e+00   1.0000000e+00   1.0000000e+01   1.0000000e+01   5.0000000e+00   0.0000000e+00   0.0000000e+00   2.0000000e+00   0.0000000e+00   0.0000000e+00   1.0000000e+01
   3.6000000e+01   2.0000000e+00   1.0000000e+00   9.0000000e+00   9.0000000e+00   4.5000000e+00   0.0000000e+00   0.0000000e+00   2.0000000e+00   0.0000000e+00   0.0000000e+00   9.0000000e+00
   1.0815778e+03   3.9000000e+01   5.5000000e+01   5.7400000e+02   5.4000000e+01   2.7000000e+01   3.4285714e+01   1.1733333e+01   2.0000000e+00   7.0000000e+00   3.0000000e+01   8.4000000e+00
   3.6000000e+01   2.0000000e+00   1.0000000e+00   8.0000000e+00   8.0000000e+00   4.0000000e+00   0.0000000e+00   0.0000000e+00   2.0000000e+00   0.0000000e+00   0.0000000e+00   8.0000000e+00
   3.6000000e+01   2.0000000e+00   1.0000000e+00   9.0000000e+00   9.0000000e+00   4.5000000e+00   0.0000000e+00   0.0000000e+00   2.0000000e+00   0.0000000e+00   0.0000000e+00   9.0000000e+00
   6.9598664e+02   2.6000000e+01   3.9000000e+01   4.5100000e+02   6.1000000e+01   3.0500000e+01   2.7000000e+01   1.4647059e+01   2.0000000e+00   7.0000000e+00   1.7000000e+01   8.7903226e+00
   3.6000000e+01   2.0000000e+00   1.0000000e+00   7.0000000e+00   7.0000000e+00   3.5000000e+00   0.0000000e+00   0.0000000e+00   2.0000000e+00   0.0000000e+00   0.0000000e+00   7.0000000e+00
   3.6000000e+01   2.0000000e+00   1.0000000e+00   1.0000000e+01   1.0000000e+01   5.0000000e+00   0.0000000e+00   0.0000000e+00   2.0000000e+00   0.0000000e+00   0.0000000e+00   1.0000000e+01
   3.6000000e+01   2.0000000e+00   1.0000000e+00   7.0000000e+00   7.0000000e+00   3.5000000e+00   0.0000000e+00   0.0000000e+00   2.0000000e+00   0.0000000e+00   0.0000000e+00   7.0000000e+00
   3.6000000e+01   2.0000000e+00   1.0000000e+00   1.0000000e+01   1.0000000e+01   5.0000000e+00   0.0000000e+00   0.0000000e+00   2.0000000e+00   0.0000000e+00   0.0000000e+00   1.0000000e+01
   9.5721753e+02   2.9000000e+01   4.9000000e+01   5.3100000e+02   6.0000000e+01   3.0000000e+01   3.6166667e+01   1.4904762e+01   2.0000000e+00   6.0000000e+00   2.1000000e+01   8.3866667e+00
   5.5890111e+02   2.8000000e+01   3.0000000e+01   3.6500000e+02   5.2000000e+01   2.6000000e+01   2.6000000e+01   8.6315789e+00   2.0000000e+00   7.0000000e+00   1.9000000e+01   8.5192308e+00
   7.1626593e+02   2.7000000e+01   3.8000000e+01   4.3700000e+02   5.5000000e+01   2.7500000e+01   2.5125000e+01   1.3000000e+01   2.0000000e+00   8.0000000e+00   1.7000000e+01   8.4262295e+00
   3.6000000e+01   2.0000000e+00   1.0000000e+00   6.0000000e+00   6.0000000e+00   3.0000000e+00   0.0000000e+00   0.0000000e+00   2.0000000e+00   0.0000000e+00   0.0000000e+00   6.0000000e+00
   3.6000000e+01   2.0000000e+00   1.0000000e+00   1.0000000e+01   1.0000000e+01   5.0000000e+00   0.0000000e+00   0.0000000e+00   2.0000000e+00   0.0000000e+00   0.0000000e+00   1.0000000e+01
   3.6000000e+01   2.0000000e+00   1.0000000e+00   8.0000000e+00   8.0000000e+00   4.0000000e+00   0.0000000e+00   0.0000000e+00   2.0000000e+00   0.0000000e+00   0.0000000e+00   8.0000000e+00
   3.6000000e+01   2.0000000e+00   1.0000000e+00   1.0000000e+01   1.0000000e+01   5.0000000e+00   0.0000000e+00   0.0000000e+00   2.0000000e+00   0.0000000e+00   0.0000000e+00   1.0000000e+01
   3.6000000e+01   2.0000000e+00   1.0000000e+00   9.0000000e+00   9.0000000e+00   4.5000000e+00   0.0000000e+00   0.0000000e+00   2.0000000e+00   0.0000000e+00   0.0000000e+00   9.0000000e+00
   3.6000000e+01   2.0000000e+00   1.0000000e+00   8.0000000e+00   8.0000000e+00   4.0000000e+00   0.0000000e+00   0.0000000e+00   2.0000000e+00   0.0000000e+00   0.0000000e+00   8.0000000e+00
   9.2292154e+02   3.8000000e+01   5.3000000e+01   5.2800000e+02   5.5000000e+01   2.7500000e+01   2.6888889e+01   1.1111111e+01   2.0000000e+00   9.0000000e+00   2.7000000e+01   8.2048193e+00
   3.6000000e+01   2.0000000e+00   1.0000000e+00   7.0000000e+00   7.0000000e+00   3.5000000e+00   0.0000000e+00   0.0000000e+00   2.0000000e+00   0.0000000e+00   0.0000000e+00   7.0000000e+00
   1.1096384e+03   3.7000000e+01   5.0000000e+01   5.6100000e+02   5.3000000e+01   2.6500000e+01   3.2571429e+01   1.2214286e+01   2.0000000e+00   7.0000000e+00   2.8000000e+01   8.3975904e+00
   3.6000000e+01   2.0000000e+00   1.0000000e+00   1.0000000e+01   1.0000000e+01   5.0000000e+00   0.0000000e+00   0.0000000e+00   2.0000000e+00   0.0000000e+00   0.0000000e+00   1.0000000e+01
   9.8244843e+02   3.3000000e+01   5.2000000e+01   5.8200000e+02   5.8000000e+01   2.9000000e+01   3.2714286e+01   1.4666667e+01   2.0000000e+00   7.0000000e+00   2.4000000e+01   8.7142857e+00
   3.6000000e+01   2.0000000e+00   1.0000000e+00   8.0000000e+00   8.0000000e+00   4.0000000e+00   0.0000000e+00   0.0000000e+00   2.0000000e+00   0.0000000e+00   0.0000000e+00   8.0000000e+00
   3.6000000e+01   2.0000000e+00   1.0000000e+00   7.0000000e+00   7.0000000e+00   3.5000000e+00   0.0000000e+00   0.0000000e+00   2.0000000e+00   0.0000000e+00   0.0000000e+00   7.0000000e+00
   7.4905557e+02   2.2000000e+01   3.4000000e+01   3.9700000e+02   5.6000000e+01   2.8000000e+01   2.7500000e+01   1.5071429e+01   2.0000000e+00   6.0000000e+00   1.4000000e+01   8.6037736e+00
   1.1241039e+03   3.6000000e+01   5.3000000e+01   5.9000000e+02   5.6000000e+01   2.8000000e+01   3.1500000e+01   1.3461538e+01   2.0000000e+00   8.0000000e+00   2.6000000e+01   8.5176471e+00
   6.1596609e+02   2.6000000e+01   3.6000000e+01   3.8800000e+02   5.2000000e+01   2.6000000e+01   3.0000000e+01   1.0944444e+01   2.0000000e+00   6.0000000e+00   1.8000000e+01   8.7192982e+00
   3.6000000e+01   2.0000000e+00   1.0000000e+00   8.0000000e+00   8.0000000e+00   4.0000000e+00   0.0000000e+00   0.0000000e+00   2.0000000e+00   0.0000000e+00   0.0000000e+00   8.0000000e+00
   1.0019005e+03   3.4000000e+01   4.5000000e+01   5.1500000e+02   5.8000000e+01   2.9000000e+01   3.2166667e+01   1.2269231e+01   2.0000000e+00   6.0000000e+00   2.6000000e+01   7.9729730e+00
   3.6000000e+01   2.0000000e+00   1.0000000e+00   9.0000000e+00   9.0000000e+00   4.5000000e+00   0.0000000e+00   0.0000000e+00   2.0000000e+00   0.0000000e+00   0.0000000e+00   9.0000000e+00
   3.6000000e+01   2.0000000e+00   1.0000000e+00   9.0000000e+00   9.0000000e+00   4.5000000e+00   0.0000000e+00   0.0000000e+00   2.0000000e+00   0.0000000e+00   0.0000000e+00   9.0000000e+00
   1.1265829e+03   3.6000000e+01   5.2000000e+01   5.5900000e+02   5.8000000e+01   2.9000000e+01   2.9111111e+01   1.1880000e+01   2.0000000e+00   9.0000000e+00   2.5000000e+01   8.3488372e+00
   3.6000000e+01   2.0000000e+00   1.0000000e+00   9.0000000e+00   9.0000000e+00   4.5000000e+00   0.0000000e+00   0.0000000e+00   2.0000000e+00   0.0000000e+00   0.0000000e+00   9.0000000e+00
   3.6000000e+01   2.0000000e+00   1.0000000e+00   7.0000000e+00   7.0000000e+00   3.5000000e+00   0.0000000e+00   0.0000000e+00   2.0000000e+00   0.0000000e+00   0.0000000e+00   7.0000000e+00
   3.6000000e+01   2.0000000e+00   1.0000000e+00   1.0000000e+01   1.0000000e+01   5.0000000e+00   0.0000000e+00   0.0000000e+00   2.0000000e+00   0.0000000e+00   0.0000000e+00   1.0000000e+01
   3.6000000e+01   2.0000000e+00   1.0000000e+00   8.0000000e+00   8.0000000e+00   4.0000000e+00   0.0000000e+00   0.0000000e+00   2.0000000e+00   0.0000000e+00   0.0000000e+00   8.0000000e+00
   3.6000000e+01   2.0000000e+00   1.0000000e+00   8.0000000e+00   8.0000000e+00   4.0000000e+00   0.0000000e+00   0.0000000e+00   2.0000000e+00   0.0000000e+00   0.0000000e+00   8.0000000e+00
   1.1272124e+03   3.1000000e+01   5.2000000e+01   5.3600000e+02   6.3000000e+01   3.1500000e+01   3.4333333e+01   1.4173913e+01   2.0000000e+00   6.0000000e+00   2.3000000e+01   8.4615385e+00
   3.6000000e+01   2.0000000e+00   1.0000000e+00   1.0000000e+01   1.0000000e+01   5.0000000e+00   0.0000000e+00   0.0000000e+00   2.0000000e+00   0.0000000e+00   0.0000000e+00   1.0000000e+01
   3.6000000e+01   2.0000000e+00   1.0000000e+00   1.0000000e+01   1.0000000e+01   5.0000000e+00   0.0000000e+00   0.0000000e+00   2.0000000e+00   0.0000000e+00   0.0000000e+00   1.0000000e+01
   3.6000000e+01   2.0000000e+00   1.0000000e+00   9.0000000e+00   9.0000000e+00   4.5000000e+00   0.0000000e+00   0.0000000e+00   2.0000000e+00   0.0000000e+00   0.0000000e+00   9.0000000e+00
   3.6000000e+01   2.0000000e+00   1.0000000e+00   8.0000000e+00   8.0000000e+00   4.0000000e+00   0.0000000e+00   0.0000000e+00   2.0000000e+00   0.0000000e+00   0.0000000e+00   8.0000000e+00
   3.6000000e+01   2.0000000e+00   1.0000000e+00   1.0000000e+01   1.0000000e+01   5.0000000e+00   0.0000000e+00   0.0000000e+00   2.0000000e+00   0.0000000e+00   0.0000000e+00   1.0000000e+01
   9.2650910e+02   3.0000000e+01   4.6000000e+01   4.9100000e+02   6.3000000e+01   3.1500000e+01   3.0285714e+01   1.3000000e+01   2.0000000e+00   7.0000000e+00   2.1000000e+01   8.5797101e+00
   8.2422993e+02   3.3000000e+01   4.3000000e+01   4.9200000e+02   5.4000000e+01   2.7000000e+01   2.8625000e+01   1.1304348e+01   2.0000000e+00   8.0000000e+00   2.3000000e+01   8.4383562e+00
   3.6000000e+01   2.0000000e+00   1.0000000e+00   1.0000000e+01   1.0000000e+01   5.0000000e+00   0.0000000e+00   0.0000000e+00   2.0000000e+00   0.0000000e+00   0.0000000e+00   1.0000000e+01
   3.6000000e+01   2.0000000e+00   1.0000000e+00   9.0000000e+00   9.0000000e+00   4.5000000e+00   0.0000000e+00   0.0000000e+00   2.0000000e+00   0.0000000e+00   0.0000000e+00   9.0000000e+00
   3.6000000e+01   2.0000000e+00   1.0000000e+00   9.0000000e+00   9.0000000e+00   4.5000000e+00   0.0000000e+00   0.0000000e+00   2.0000000e+00   0.0000000e+00   0.0000000e+00   9.0000000e+00
   3.6000000e+01   2.0000000e+00   1.0000000e+00   9.0000000e+00   9.0000000e+00   4.5000000e+00   0.0000000e+00   0.0000000e+00   2.0000000e+00   0.0000000e+00   0.0000000e+00   9.0000000e+00
   1.0584613e+03   3.5000000e+01   5.1000000e+01   5.5400000e+02   5.8000000e+01   2.9000000e+01   3.0000000e+01   1.2600000e+01   2.0000000e+00   8.0000000e+00   2.5000000e+01   8.4875000e+00
   6.6458703e+02   3.1000000e+01   3.8000000e+01   4.3200000e+02   4.9000000e+01   2.4500000e+01   2.7285714e+01   1.0727273e+01   2.0000000e+00   7.0000000e+00   2.2000000e+01   8.1718750e+00
   3.6000000e+01   2.0000000e+00   1.0000000e+00   8.0000000e+00   8.0000000e+00   4.0000000e+00   0.0000000e+00   0.0000000e+00   2.0000000e+00   0.0000000e+00   0.0000000e+00   8.0000000e+00
