   9.8520264e+02   2.2000000e+01   3.9000000e+01   6.1600000e+02   7.1000000e+01   3.5500000e+01   4.3200000e+01   2.5133333e+01   2.0000000e+00   5.0000000e+00   1.5000000e+01   1.3333333e+01
   8.7707676e+02   1.7000000e+01   3.2000000e+01   5.0600000e+02   7.3000000e+01   3.6500000e+01   4.8500000e+01   2.5272727e+01   2.0000000e+00   4.0000000e+00   1.1000000e+01   1.3217391e+01
   1.1377303e+03   2.2000000e+01   3.7000000e+01   6.3400000e+02   6.9000000e+01   3.4500000e+01   4.8600000e+01   2.4400000e+01   2.0000000e+00   5.0000000e+00   1.5000000e+01   1.3745455e+01
   1.0440346e+03   2.9000000e+01   3.6000000e+01   6.3200000e+02   6.0000000e+01   3.0000000e+01   4.0142857e+01   1.6950000e+01   2.0000000e+00   7.0000000e+00   2.0000000e+01   1.3500000e+01
   9.4411345e+02   1.9000000e+01   3.3000000e+01   5.4000000e+02   7.2000000e+01   3.6000000e+01   4.1400000e+01   2.4916667e+01   2.0000000e+00   5.0000000e+00   1.2000000e+01   1.3285714e+01
   8.5426305e+02   2.2000000e+01   3.1000000e+01   5.2300000e+02   6.9000000e+01   3.4500000e+01   3.5166667e+01   1.9571429e+01   2.0000000e+00   6.0000000e+00   1.4000000e+01   1.3040816e+01
   6.4672998e+02   2.5000000e+01   2.6000000e+01   4.9100000e+02   6.4000000e+01   3.2000000e+01   3.2428571e+01   1.4687500e+01   2.0000000e+00   7.0000000e+00   1.6000000e+01   1.2957447e+01
   6.9288893e+02   2.3000000e+01   2.9000000e+01   5.5900000e+02   6.5000000e+01   3.2500000e+01   4.6200000e+01   1.8250000e+01   2.0000000e+00   5.0000000e+00   1.6000000e+01   1.3977273e+01
   1.0705133e+03   2.5000000e+01   3.5000000e+01   6.1100000e+02   6.8000000e+01   3.4000000e+01   3.6833333e+01   2.1117647e+01   2.0000000e+00   6.0000000e+00   1.7000000e+01   1.2894737e+01
   1.0025418e+03   1.8000000e+01   2.8000000e+01   5.1600000e+02   6.6000000e+01   3.3000000e+01   4.6500000e+01   2.4666667e+01   2.0000000e+00   4.0000000e+00   1.2000000e+01   1.3181818e+01
   1.1020929e+03   2.7000000e+01   3.3000000e+01   5.8600000e+02   6.1000000e+01   3.0500000e+01   3.8000000e+01   1.6388889e+01   2.0000000e+00   7.0000000e+00   1.8000000e+01   1.2785714e+01
   1.0893851e+03   1.9000000e+01   3.3000000e+01   5.7900000e+02   7.2000000e+01   3.6000000e+01   4.6500000e+01   2.7461538e+01   2.0000000e+00   4.0000000e+00   1.3000000e+01   1.3160000e+01
   1.0439928e+03   2.4000000e+01   3.4000000e+01   5.7500000e+02   6.9000000e+01   3.4500000e+01   4.2800000e+01   1.9588235e+01   2.0000000e+00   5.0000000e+00   1.7000000e+01   1.2660714e+01
   1.0286638e+03   1.6000000e+01   2.6000000e+01   4.7000000e+02   7.2000000e+01   3.6000000e+01   3.8250000e+01   2.7000000e+01   2.0000000e+00   4.0000000e+00   1.0000000e+01   1.3350000e+01
   8.6941294e+02   2.2000000e+01   2.7000000e+01   4.9300000e+02   5.3000000e+01   2.6500000e+01   4.3750000e+01   1.8562500e+01   2.0000000e+00   4.0000000e+00   1.6000000e+01   1.2956522e+01
   1.0782241e+03   2.2000000e+01   3.5000000e+01   6.0000000e+02   7.1000000e+01   3.5500000e+01   4.4000000e+01   2.3333333e+01   2.0000000e+00   5.0000000e+00   1.5000000e+01   1.3666667e+01
   1.1538496e+03   2.5000000e+01   3.3000000e+01   5.2600000e+02   6.8000000e+01   3.4000000e+01   3.3571429e+01   1.5937500e+01   2.0000000e+00   7.0000000e+00   1.6000000e+01   1.2272727e+01
   9.3981580e+02   1.8000000e+01   2.6000000e+01   4.3600000e+02   7.1000000e+01   3.5500000e+01   3.6500000e+01   2.0333333e+01   2.0000000e+00   4.0000000e+00   1.2000000e+01   1.2512195e+01
   9.2919955e+02   1.9000000e+01   2.8000000e+01   5.0300000e+02   7.4000000e+01   3.7000000e+01   3.2333333e+01   2.4545455e+01   2.0000000e+00   6.0000000e+00   1.1000000e+01   1.3232558e+01
   1.1957968e+03   2.8000000e+01   3.7000000e+01   6.4000000e+02   6.2000000e+01   3.1000000e+01   4.1000000e+01   1.9000000e+01   2.0000000e+00   6.0000000e+00   2.0000000e+01   1.2967742e+01
   9.2878487e+02   2.1000000e+01   3.4000000e+01   5.7500000e+02   7.1000000e+01   3.5500000e+01   4.3800000e+01   2.3500000e+01   2.0000000e+00   5.0000000e+00   1.4000000e+01   1.3423077e+01
   8.8023510e+02   2.3000000e+01   2.8000000e+01   4.7500000e+02   6.1000000e+01   3.0500000e+01   3.3666667e+01   1.6266667e+01   2.0000000e+00   6.0000000e+00   1.5000000e+01   1.2520833e+01
   9.1734358e+02   2.6000000e+01   3.2000000e+01   5.8400000e+02   6.6000000e+01   3.3000000e+01   3.8833333e+01   1.7944444e+01   2.0000000e+00   6.0000000e+00   1.8000000e+01   1.3563636e+01
   1.1205388e+03   2.4000000e+01   3.4000000e+01   5.3700000e+02   6.4000000e+01   3.2000000e+01   3.9800000e+01   1.8294118e+01   2.0000000e+00   5.0000000e+00   1.7000000e+01   1.2654545e+01
   1.1254860e+03   2.3000000e+01   3.4000000e+01   5.6700000e+02   6.7000000e+01   3.3500000e+01   4.5400000e+01   2.0125000e+01   2.0000000e+00   5.0000000e+00   1.6000000e+01   1.2727273e+01
   9.0959494e+02   2.1000000e+01   3.4000000e+01   5.9100000e+02   7.2000000e+01   3.6000000e+01   4.1400000e+01   2.5142857e+01   2.0000000e+00   5.0000000e+00   1.4000000e+01   1.4117647e+01
   1.0230903e+03   2.7000000e+01   3.3000000e+01   5.8200000e+02   6.5000000e+01   3.2500000e+01   3.7285714e+01   1.6500000e+01   2.0000000e+00   7.0000000e+00   1.8000000e+01   1.3296296e+01
   9.6784482e+02   2.2000000e+01   3.2000000e+01   5.3000000e+02   6.5000000e+01   3.2500000e+01   3.7166667e+01   1.9714286e+01   2.0000000e+00   6.0000000e+00   1.4000000e+01   1.2803922e+01
   1.0309857e+03   2.4000000e+01   3.3000000e+01   5.6600000e+02   6.7000000e+01   3.3500000e+01   4.2000000e+01   1.7750000e+01   2.0000000e+00   6.0000000e+00   1.6000000e+01   1.3603774e+01
   8.6946724e+02   1.9000000e+01   2.9000000e+01   4.7300000e+02   6.8000000e+01   3.4000000e+01   4.0500000e+01   2.1076923e+01   2.0000000e+00   4.0000000e+00   1.3000000e+01   1.3159091e+01
   7.6096681e+02   1.7000000e+01   2.8000000e+01   4.5400000e+02   7.0000000e+01   3.5000000e+01   4.8250000e+01   2.1090909e+01   2.0000000e+00   4.0000000e+00   1.1000000e+01   1.3575000e+01
   9.8897993e+02   2.0000000e+01   3.4000000e+01   5.2700000e+02   7.2000000e+01   3.6000000e+01   3.7600000e+01   2.3384615e+01   2.0000000e+00   5.0000000e+00   1.3000000e+01   1.2826923e+01
   1.0971361e+03   2.3000000e+01   3.6000000e+01   5.7900000e+02   6.8000000e+01   3.4000000e+01   3.9833333e+01   2.0866667e+01   2.0000000e+00   6.0000000e+00   1.5000000e+01   1.2018182e+01
   1.0053451e+03   2.2000000e+01   3.1000000e+01   5.5000000e+02   7.3000000e+01   3.6500000e+01   3.8600000e+01   2.1333333e+01   2.0000000e+00   5.0000000e+00   1.5000000e+01   1.3039216e+01
   1.2904201e+03   2.5000000e+01   3.7000000e+01   6.0700000e+02   6.5000000e+01   3.2500000e+01   4.3666667e+01   1.9352941e+01   2.0000000e+00   6.0000000e+00   1.7000000e+01   1.3327273e+01
   1.1341757e+03   2.6000000e+01   3.4000000e+01   5.9300000e+02   6.8000000e+01   3.4000000e+01   3.6857143e+01   1.7941176e+01   2.0000000e+00   7.0000000e+00   1.7000000e+01   1.2543860e+01
   7.3276882e+02   2.0000000e+01   2.6000000e+01   4.8400000e+02   7.0000000e+01   3.5000000e+01   3.7200000e+01   1.9615385e+01   2.0000000e+00   5.0000000e+00   1.3000000e+01   1.3674419e+01
   1.2427110e+03   2.4000000e+01   3.3000000e+01   5.9100000e+02   6.8000000e+01   3.4000000e+01   4.3666667e+01   1.9125000e+01   2.0000000e+00   6.0000000e+00   1.6000000e+01   1.3407407e+01
   1.0416663e+03   2.5000000e+01   3.5000000e+01   6.0500000e+02   6.4000000e+01   3.2000000e+01   4.0166667e+01   1.9941176e+01   2.0000000e+00   6.0000000e+00   1.7000000e+01   1.3421053e+01
   9.1510585e+02   2.5000000e+01   3.0000000e+01   5.5600000e+02   6.3000000e+01   3.1500000e+01   3.3571429e+01   1.8375000e+01   2.0000000e+00   7.0000000e+00   1.6000000e+01   1.3000000e+01
   1.2320541e+03   2.4000000e+01   3.8000000e+01   6.4400000e+02   6.9000000e+01   3.4500000e+01   4.6400000e+01   2.2529412e+01   2.0000000e+00   5.0000000e+00   1.7000000e+01   1.3350000e+01
   1.0519890e+03   2.4000000e+01   3.4000000e+01   5.9800000e+02   6.1000000e+01   3.0500000e+01   4.0666667e+01   2.1000000e+01   2.0000000e+00   6.0000000e+00   1.6000000e+01   1.3592593e+01
   1.2499398e+03   2.3000000e+01   3.5000000e+01   6.2100000e+02   7.5000000e+01   3.7500000e+01   3.9000000e+01   2.4187500e+01   2.0000000e+00   5.0000000e+00   1.6000000e+01   1.3615385e+01
   9.7930943e+02   2.7000000e+01   3.2000000e+01   6.0100000e+02   6.5000000e+01   3.2500000e+01   3.7166667e+01   1.8368421e+01   2.0000000e+00   6.0000000e+00   1.9000000e+01   1.3254545e+01
   7.9983081e+02   2.5000000e+01   3.0000000e+01   5.6800000e+02   6.7000000e+01   3.3500000e+01   3.8666667e+01   1.7823529e+01   2.0000000e+00   6.0000000e+00   1.7000000e+01   1.3807692e+01
   1.0622285e+03   2.5000000e+01   3.4000000e+01   6.0600000e+02   6.8000000e+01   3.4000000e+01   4.3200000e+01   2.0277778e+01   2.0000000e+00   5.0000000e+00   1.8000000e+01   1.2785714e+01
   1.0681179e+03   2.5000000e+01   3.9000000e+01   6.2800000e+02   6.7000000e+01   3.3500000e+01   4.2666667e+01   2.0470588e+01   2.0000000e+00   6.0000000e+00   1.7000000e+01   1.3295082e+01
   6.6247139e+02   1.9000000e+01   2.3000000e+01   4.4100000e+02   6.6000000e+01   3.3000000e+01   3.5200000e+01   1.8500000e+01   2.0000000e+00   5.0000000e+00   1.2000000e+01   1.4162162e+01
   7.5187799e+02   2.0000000e+01   3.0000000e+01   5.1500000e+02   7.1000000e+01   3.5500000e+01   4.7500000e+01   2.0928571e+01   2.0000000e+00   4.0000000e+00   1.4000000e+01   1.3533333e+01
   1.1043828e+03   2.1000000e+01   3.9000000e+01   6.1700000e+02   7.4000000e+01   3.7000000e+01   5.1500000e+01   2.5066667e+01   2.0000000e+00   4.0000000e+00   1.5000000e+01   1.3000000e+01
   9.7144153e+02   2.2000000e+01   3.0000000e+01   6.0500000e+02   7.0000000e+01   3.5000000e+01   4.2200000e+01   2.3800000e+01   2.0000000e+00   5.0000000e+00   1.5000000e+01   1.4080000e+01
   8.7551998e+02   2.0000000e+01   2.9000000e+01   5.0700000e+02   6.6000000e+01   3.3000000e+01   3.4333333e+01   2.2583333e+01   2.0000000e+00   6.0000000e+00   1.2000000e+01   1.3333333e+01
   1.0975663e+03   2.1000000e+01   3.6000000e+01   6.0200000e+02   6.7000000e+01   3.3500000e+01   4.2600000e+01   2.5857143e+01   2.0000000e+00   5.0000000e+00   1.4000000e+01   1.3111111e+01
   1.0847010e+03   2.2000000e+01   3.5000000e+01   5.5000000e+02   6.7000000e+01   3.3500000e+01   3.4500000e+01   2.2285714e+01   2.0000000e+00   6.0000000e+00   1.4000000e+01   1.2320755e+01
   1.1550429e+03   2.4000000e+01   3.3000000e+01   5.9000000e+02   6.4000000e+01   3.2000000e+01   3.8333333e+01   2.1000000e+01   2.0000000e+00   6.0000000e+00   1.6000000e+01   1.3592593e+01
   1.0052039e+03   2.4000000e+01   3.3000000e+01   5.7700000e+02   6.9000000e+01   3.4500000e+01   3.7142857e+01   1.9466667e+01   2.0000000e+00   7.0000000e+00   1.5000000e+01   1.3870370e+01
   8.7530363e+02   2.1000000e+01   3.0000000e+01   5.2000000e+02   7.2000000e+01   3.6000000e+01   4.2200000e+01   1.9357143e+01   2.0000000e+00   5.0000000e+00   1.4000000e+01   1.3625000e+01
   1.0167134e+03   2.8000000e+01   3.5000000e+01   6.0500000e+02   6.5000000e+01   3.2500000e+01   3.9333333e+01   1.7500000e+01   2.0000000e+00   6.0000000e+00   2.0000000e+01   1.3034483e+01
   9.7834293e+02   2.2000000e+01   3.2000000e+01   5.1600000e+02   6.9000000e+01   3.4500000e+01   3.1666667e+01   2.0714286e+01   2.0000000e+00   6.0000000e+00   1.4000000e+01   1.3333333e+01
   1.0488099e+03   1.9000000e+01   3.3000000e+01   5.3500000e+02   6.5000000e+01   3.2500000e+01   4.1000000e+01   2.5000000e+01   2.0000000e+00   5.0000000e+00   1.2000000e+01   1.3200000e+01
   9.0355529e+02   2.3000000e+01   3.7000000e+01   5.7800000e+02   6.7000000e+01   3.3500000e+01   4.6800000e+01   1.9812500e+01   2.0000000e+00   5.0000000e+00   1.6000000e+01   1.3125000e+01
   1.0174679e+03   2.5000000e+01   3.4000000e+01   6.1500000e+02   6.6000000e+01   3.3000000e+01   4.4166667e+01   1.9176471e+01   2.0000000e+00   6.0000000e+00   1.7000000e+01   1.4148148e+01
   1.1500585e+03   2.3000000e+01   3.5000000e+01   5.9500000e+02   7.2000000e+01   3.6000000e+01   4.0666667e+01   2.1133333e+01   2.0000000e+00   6.0000000e+00   1.5000000e+01   1.3000000e+01
   9.9820018e+02   2.1000000e+01   3.0000000e+01   5.4800000e+02   7.0000000e+01   3.5000000e+01   4.7000000e+01   2.1533333e+01   2.0000000e+00   4.0000000e+00   1.5000000e+01   1.3500000e+01
   1.1264663e+03   2.4000000e+01   4.0000000e+01   6.1400000e+02   7.3000000e+01   3.6500000e+01   4.6400000e+01   2.0941176e+01   2.0000000e+00   5.0000000e+00   1.7000000e+01   1.2593220e+01
   1.3136219e+03   2.7000000e+01   4.0000000e+01   6.4200000e+02   6.7000000e+01   3.3500000e+01   3.9571429e+01   1.9166667e+01   2.0000000e+00   7.0000000e+00   1.8000000e+01   1.3109375e+01
   9.2111931e+02   2.1000000e+01   3.4000000e+01   5.6500000e+02   7.3000000e+01   3.6500000e+01   4.8000000e+01   2.2666667e+01   2.0000000e+00   4.0000000e+00   1.5000000e+01   1.3269231e+01
   9.5338774e+02   1.7000000e+01   2.8000000e+01   4.8700000e+02   7.0000000e+01   3.5000000e+01   4.2500000e+01   2.5545455e+01   2.0000000e+00   4.0000000e+00   1.1000000e+01   1.3279070e+01
   7.7429826e+02   1.8000000e+01   3.0000000e+01   4.5800000e+02   6.9000000e+01   3.4500000e+01   3.6200000e+01   2.1909091e+01   2.0000000e+00   5.0000000e+00   1.1000000e+01   1.2466667e+01
   1.1430128e+03   2.9000000e+01   3.3000000e+01   5.8800000e+02   5.9000000e+01   2.9500000e+01   3.7714286e+01   1.6050000e+01   2.0000000e+00   7.0000000e+00   2.0000000e+01   1.3220339e+01
   1.1244062e+03   2.1000000e+01   3.2000000e+01   5.8300000e+02   7.1000000e+01   3.5500000e+01   4.6000000e+01   2.2857143e+01   2.0000000e+00   5.0000000e+00   1.4000000e+01   1.3340000e+01
   9.3372912e+02   2.4000000e+01   3.2000000e+01   5.5600000e+02   6.6000000e+01   3.3000000e+01   4.4200000e+01   1.8235294e+01   2.0000000e+00   5.0000000e+00   1.7000000e+01   1.3865385e+01
   1.0030613e+03   2.3000000e+01   3.3000000e+01   5.8200000e+02   6.6000000e+01   3.3000000e+01   4.6200000e+01   2.0187500e+01   2.0000000e+00   5.0000000e+00   1.6000000e+01   1.3188679e+01
   8.8520723e+02   2.9000000e+01   3.4000000e+01   6.1400000e+02   6.3000000e+01   3.1500000e+01   3.6375000e+01   1.5789474e+01   2.0000000e+00   8.0000000e+00   1.9000000e+01   1.3017544e+01
   1.0787062e+03   2.5000000e+01   3.2000000e+01   5.5700000e+02   6.8000000e+01   3.4000000e+01   4.0333333e+01   1.6764706e+01   2.0000000e+00   6.0000000e+00   1.7000000e+01   1.2962264e+01
   1.0043692e+03   2.6000000e+01   3.5000000e+01   6.1800000e+02   6.8000000e+01   3.4000000e+01   4.3666667e+01   1.7944444e+01   2.0000000e+00   6.0000000e+00   1.8000000e+01   1.4196429e+01
   9.9139898e+02   2.3000000e+01   3.1000000e+01   5.4100000e+02   6.4000000e+01   3.2000000e+01   3.7500000e+01   1.9266667e+01   2.0000000e+00   6.0000000e+00   1.5000000e+01   1.4042553e+01
   1.0566187e+03   2.3000000e+01   3.5000000e+01   6.3800000e+02   6.8000000e+01   3.4000000e+01   4.7200000e+01   2.3437500e+01   2.0000000e+00   5.0000000e+00   1.6000000e+01   1.3750000e+01
   1.0682389e+03   2.3000000e+01   3.2000000e+01   6.0300000e+02   7.2000000e+01   3.6000000e+01   3.8666667e+01   2.2466667e+01   2.0000000e+00   6.0000000e+00   1.5000000e+01   1.3519231e+01
   1.0805362e+03   2.0000000e+01   3.4000000e+01   5.9200000e+02   7.5000000e+01   3.7500000e+01   5.0750000e+01   2.5000000e+01   2.0000000e+00   4.0000000e+00   1.4000000e+01   1.4000000e+01
   8.6549918e+02   1.9000000e+01   2.6000000e+01   4.8800000e+02   7.0000000e+01   3.5000000e+01   4.0600000e+01   2.0166667e+01   2.0000000e+00   5.0000000e+00   1.2000000e+01   1.4095238e+01
   9.7410746e+02   2.2000000e+01   3.3000000e+01   5.6000000e+02   6.5000000e+01   3.2500000e+01   3.8166667e+01   2.1642857e+01   2.0000000e+00   6.0000000e+00   1.4000000e+01   1.3431373e+01
   1.1158504e+03   2.2000000e+01   4.1000000e+01   6.2900000e+02   7.0000000e+01   3.5000000e+01   4.5800000e+01   2.5400000e+01   2.0000000e+00   5.0000000e+00   1.5000000e+01   1.2933333e+01
   1.1159115e+03   2.1000000e+01   3.6000000e+01   5.7600000e+02   7.3000000e+01   3.6500000e+01   4.5600000e+01   2.2642857e+01   2.0000000e+00   5.0000000e+00   1.4000000e+01   1.2849057e+01
   8.9048130e+02   2.2000000e+01   3.0000000e+01   4.9100000e+02   6.9000000e+01   3.4500000e+01   3.8400000e+01   1.7533333e+01   2.0000000e+00   5.0000000e+00   1.5000000e+01   1.3148936e+01
   1.1075009e+03   2.0000000e+01   3.3000000e+01   5.6600000e+02   7.3000000e+01   3.6500000e+01   4.2000000e+01   2.3250000e+01   2.0000000e+00   6.0000000e+00   1.2000000e+01   1.3380000e+01
   9.0060354e+02   2.2000000e+01   3.8000000e+01   6.1400000e+02   6.6000000e+01   3.3000000e+01   4.5400000e+01   2.4000000e+01   2.0000000e+00   5.0000000e+00   1.5000000e+01   1.3206897e+01
   1.0705037e+03   2.6000000e+01   3.2000000e+01   6.2900000e+02   6.3000000e+01   3.1500000e+01   4.2833333e+01   1.9222222e+01   2.0000000e+00   6.0000000e+00   1.8000000e+01   1.3750000e+01
   9.8539041e+02   2.4000000e+01   3.7000000e+01   5.8000000e+02   6.5000000e+01   3.2500000e+01   4.1666667e+01   1.9250000e+01   2.0000000e+00   6.0000000e+00   1.6000000e+01   1.3181818e+01
   1.1338293e+03   2.3000000e+01   3.7000000e+01   6.1200000e+02   7.2000000e+01   3.6000000e+01   4.2500000e+01   2.1866667e+01   2.0000000e+00   6.0000000e+00   1.5000000e+01   1.3127273e+01
   1.1857994e+03   2.5000000e+01   3.4000000e+01   5.9600000e+02   6.6000000e+01   3.3000000e+01   3.7500000e+01   2.0117647e+01   2.0000000e+00   6.0000000e+00   1.7000000e+01   1.2907407e+01
   9.7894866e+02   1.9000000e+01   3.0000000e+01   5.2000000e+02   7.0000000e+01   3.5000000e+01   4.6750000e+01   2.2769231e+01   2.0000000e+00   4.0000000e+00   1.3000000e+01   1.3173913e+01
   1.1037776e+03   2.6000000e+01   3.2000000e+01   6.0400000e+02   6.4000000e+01   3.2000000e+01   3.9500000e+01   1.8944444e+01   2.0000000e+00   6.0000000e+00   1.8000000e+01   1.3283019e+01
   9.1427515e+02   2.3000000e+01   2.9000000e+01   5.4300000e+02   7.1000000e+01   3.5500000e+01   4.0000000e+01   1.9187500e+01   2.0000000e+00   5.0000000e+00   1.6000000e+01   1.3395833e+01
   9.3891374e+02   2.5000000e+01   3.1000000e+01   5.2800000e+02   6.7000000e+01   3.3500000e+01   3.8500000e+01   1.5647059e+01   2.0000000e+00   6.0000000e+00   1.7000000e+01   1.3307692e+01
   1.2590334e+03   1.9000000e+01   3.9000000e+01   5.9900000e+02   7.3000000e+01   3.6500000e+01   4.6750000e+01   2.9153846e+01   2.0000000e+00   4.0000000e+00   1.3000000e+01   1.2777778e+01
   9.3556074e+02   2.1000000e+01   3.0000000e+01   5.6500000e+02   6.9000000e+01   3.4500000e+01   4.7200000e+01   2.1000000e+01   2.0000000e+00   5.0000000e+00   1.4000000e+01   1.4333333e+01
   1.0006619e+03   2.3000000e+01   3.0000000e+01   5.4700000e+02   6.5000000e+01   3.2500000e+01   3.7666667e+01   1.9733333e+01   2.0000000e+00   6.0000000e+00   1.5000000e+01   1.3520000e+01
   9.9320182e+02   2.1000000e+01   3.4000000e+01   5.6200000e+02   7.0000000e+01   3.5000000e+01   4.3200000e+01   2.2142857e+01   2.0000000e+00   5.0000000e+00   1.4000000e+01   1.3519231e+01
   1.0752923e+03   2.3000000e+01   3.7000000e+01   6.0200000e+02   6.7000000e+01   3.3500000e+01   4.4500000e+01   2.3705882e+01   2.0000000e+00   4.0000000e+00   1.7000000e+01   1.3245614e+01
