   7.4808218e+01   5.0000000e+00   4.0000000e+00   7.5000000e+01   3.5000000e+01   8.5000000e+00   3.5000000e+01   1.3000000e+01   2.0000000e+00   1.0000000e+00   2.0000000e+00   1.0714286e+01
   9.4662638e+02   3.1000000e+01   4.3000000e+01   5.1500000e+02   5.8000000e+01   2.9000000e+01   2.9428571e+01   1.3772727e+01   2.0000000e+00   7.0000000e+00   2.2000000e+01   8.6376812e+00
   2.2778731e+02   1.8000000e+01   1.5000000e+01   2.3100000e+02   3.8000000e+01   1.9000000e+01   2.1666667e+01   7.8000000e+00   2.0000000e+00   6.0000000e+00   1.0000000e+01   1.0225806e+01
   1.3941088e+02   9.0000000e+00   1.0000000e+01   8.3000000e+01   2.6000000e+01   1.1500000e+01   1.1000000e+01   9.0000000e+00   2.0000000e+00   3.0000000e+00   4.0000000e+00   8.2352941e+00
   9.3218794e+02   3.3000000e+01   4.8000000e+01   5.5500000e+02   5.7000000e+01   2.8500000e+01   3.0500000e+01   1.3260870e+01   2.0000000e+00   8.0000000e+00   2.3000000e+01   9.2467532e+00
   7.4047917e+02   2.5000000e+01   4.9000000e+01   5.3300000e+02   5.9000000e+01   2.9500000e+01   3.9000000e+01   1.8333333e+01   2.0000000e+00   5.0000000e+00   1.8000000e+01   9.3970588e+00
   1.2178805e+02   9.0000000e+00   8.0000000e+00   7.7000000e+01   3.0000000e+01   1.5000000e+01   1.1000000e+01   3.3333333e+00   2.0000000e+00   4.0000000e+00   3.0000000e+00   8.0666667e+00
   7.0898062e+02   2.7000000e+01   4.0000000e+01   5.0500000e+02   6.2000000e+01   3.1000000e+01   3.2833333e+01   1.5210526e+01   2.0000000e+00   6.0000000e+00   1.9000000e+01   1.0129032e+01
   8.5173119e+02   2.8000000e+01   4.5000000e+01   5.3700000e+02   5.5000000e+01   2.7500000e+01   4.0800000e+01   1.5857143e+01   2.0000000e+00   5.0000000e+00   2.1000000e+01   9.4558824e+00
   8.0092420e+02   2.8000000e+01   4.0000000e+01   4.7000000e+02   5.8000000e+01   2.9000000e+01   2.7375000e+01   1.3388889e+01   2.0000000e+00   8.0000000e+00   1.8000000e+01   9.1692308e+00
   1.2176106e+02   6.0000000e+00   4.0000000e+00   5.4000000e+01   2.5000000e+01   1.2500000e+01   9.0000000e+00   5.0000000e+00   2.0000000e+00   3.0000000e+00   1.0000000e+00   6.7500000e+00
   8.0008129e+02   2.9000000e+01   4.5000000e+01   5.2300000e+02   5.6000000e+01   2.8000000e+01   3.2714286e+01   1.4400000e+01   2.0000000e+00   7.0000000e+00   2.0000000e+01   9.4714286e+00
   6.3414175e+02   2.8000000e+01   3.9000000e+01   4.8100000e+02   5.7000000e+01   2.8500000e+01   3.9000000e+01   1.3380952e+01   2.0000000e+00   5.0000000e+00   2.1000000e+01   9.7777778e+00
   6.6946622e+02   2.5000000e+01   3.4000000e+01   4.2800000e+02   6.3000000e+01   3.1500000e+01   3.0000000e+01   1.2882353e+01   2.0000000e+00   6.0000000e+00   1.7000000e+01   9.3333333e+00
   8.7169472e+02   3.2000000e+01   4.4000000e+01   5.5400000e+02   5.9000000e+01   2.9500000e+01   3.4142857e+01   1.3391304e+01   2.0000000e+00   7.0000000e+00   2.3000000e+01   9.6056338e+00
   7.9772475e+02   2.6000000e+01   4.5000000e+01   4.8600000e+02   6.0000000e+01   3.0000000e+01   3.6400000e+01   1.5578947e+01   2.0000000e+00   5.0000000e+00   1.9000000e+01   9.8461538e+00
   9.7567164e+01   5.0000000e+00   4.0000000e+00   5.7000000e+01   2.2000000e+01   1.0500000e+01   1.3500000e+01   1.2000000e+01   2.0000000e+00   2.0000000e+00   1.0000000e+00   8.1428571e+00
   8.8607435e+01   5.0000000e+00   4.0000000e+00   4.0000000e+01   1.7000000e+01   8.5000000e+00   1.7000000e+01   4.5000000e+00   2.0000000e+00   1.0000000e+00   2.0000000e+00   6.7142857e+00
   2.1108767e+02   1.1000000e+01   1.1000000e+01   1.4400000e+02   4.8000000e+01   2.4000000e+01   1.9000000e+01   6.2000000e+00   2.0000000e+00   4.0000000e+00   5.0000000e+00   1.0000000e+01
   9.6916641e+01   4.0000000e+00   3.0000000e+00   3.1000000e+01   2.1000000e+01   1.0500000e+01   6.0000000e+00   0.0000000e+00   2.0000000e+00   2.0000000e+00   0.0000000e+00   6.2000000e+00
   9.1387527e+02   3.2000000e+01   4.6000000e+01   5.5100000e+02   5.9000000e+01   2.9500000e+01   3.0875000e+01   1.3318182e+01   2.0000000e+00   8.0000000e+00   2.2000000e+01   9.7042254e+00
   8.4123120e+02   2.9000000e+01   4.3000000e+01   5.0900000e+02   5.8000000e+01   2.9000000e+01   3.2571429e+01   1.3750000e+01   2.0000000e+00   7.0000000e+00   2.0000000e+01   9.3043478e+00
   7.3172021e+02   2.5000000e+01   4.1000000e+01   4.8700000e+02   6.0000000e+01   3.0000000e+01   3.3666667e+01   1.5941176e+01   2.0000000e+00   6.0000000e+00   1.7000000e+01   9.3809524e+00
   1.2646461e+02   5.0000000e+00   4.0000000e+00   5.5000000e+01   2.5000000e+01   1.2500000e+01   1.2000000e+01   9.0000000e+00   2.0000000e+00   2.0000000e+00   1.0000000e+00   7.8571429e+00
   1.3139532e+02   8.0000000e+00   9.0000000e+00   1.0800000e+02   4.1000000e+01   1.4500000e+01   1.7666667e+01   1.1666667e+01   2.0000000e+00   3.0000000e+00   3.0000000e+00   9.3333333e+00
   7.8350931e+02   3.2000000e+01   4.6000000e+01   5.4700000e+02   6.0000000e+01   3.0000000e+01   3.4571429e+01   1.3304348e+01   2.0000000e+00   7.0000000e+00   2.3000000e+01   9.5416667e+00
   6.6010066e+02   3.2000000e+01   4.2000000e+01   5.8000000e+02   5.7000000e+01   2.8500000e+01   3.4285714e+01   1.4695652e+01   2.0000000e+00   7.0000000e+00   2.3000000e+01   1.0228571e+01
   9.7488294e+02   3.0000000e+01   4.9000000e+01   5.1200000e+02   5.9000000e+01   2.9500000e+01   3.3166667e+01   1.4000000e+01   2.0000000e+00   6.0000000e+00   2.2000000e+01   9.1739130e+00
   8.9514513e+02   3.1000000e+01   4.7000000e+01   5.8900000e+02   6.2000000e+01   3.1000000e+01   3.0571429e+01   1.6545455e+01   2.0000000e+00   7.0000000e+00   2.2000000e+01   9.8028169e+00
   1.0696059e+03   3.2000000e+01   5.8000000e+01   5.8800000e+02   6.3000000e+01   3.1500000e+01   3.3285714e+01   1.5652174e+01   2.0000000e+00   7.0000000e+00   2.3000000e+01   9.0833333e+00
   7.9498447e+02   2.6000000e+01   4.4000000e+01   5.2300000e+02   6.0000000e+01   3.0000000e+01   3.7833333e+01   1.6388889e+01   2.0000000e+00   6.0000000e+00   1.8000000e+01   9.8507463e+00
   8.8952204e+02   2.8000000e+01   5.2000000e+01   6.0600000e+02   5.9000000e+01   2.9500000e+01   3.5000000e+01   1.9800000e+01   2.0000000e+00   6.0000000e+00   2.0000000e+01   1.0135135e+01
   7.7004144e+02   3.2000000e+01   4.2000000e+01   5.8000000e+02   6.1000000e+01   3.0500000e+01   3.0222222e+01   1.3904762e+01   2.0000000e+00   9.0000000e+00   2.1000000e+01   9.9718310e+00
   1.0128686e+03   3.2000000e+01   5.4000000e+01   6.0700000e+02   5.9000000e+01   2.9500000e+01   3.5285714e+01   1.5739130e+01   2.0000000e+00   7.0000000e+00   2.3000000e+01   9.3580247e+00
   7.2210234e+01   6.0000000e+00   4.0000000e+00   7.7000000e+01   3.3000000e+01   8.0000000e+00   1.9500000e+01   1.2500000e+01   2.0000000e+00   2.0000000e+00   2.0000000e+00   9.6250000e+00
   9.6898268e+01   7.0000000e+00   4.0000000e+00   7.4000000e+01   2.4000000e+01   1.2000000e+01   1.0000000e+01   1.3000000e+01   2.0000000e+00   4.0000000e+00   1.0000000e+00   8.2222222e+00
   8.4197875e+02   3.1000000e+01   4.4000000e+01   5.4000000e+02   5.5000000e+01   2.7500000e+01   3.4166667e+01   1.4260870e+01   2.0000000e+00   6.0000000e+00   2.3000000e+01   9.4366197e+00
   2.3524373e+02   1.3000000e+01   1.6000000e+01   1.9400000e+02   4.5000000e+01   2.2500000e+01   2.0000000e+01   1.0666667e+01   2.0000000e+00   5.0000000e+00   6.0000000e+00   9.3600000e+00
   8.9482994e+02   2.9000000e+01   5.1000000e+01   5.6100000e+02   5.9000000e+01   2.9500000e+01   3.3571429e+01   1.6250000e+01   2.0000000e+00   7.0000000e+00   2.0000000e+01   9.2054795e+00
   1.0479051e+03   3.3000000e+01   5.1000000e+01   5.1800000e+02   5.6000000e+01   2.8000000e+01   2.7857143e+01   1.3541667e+01   2.0000000e+00   7.0000000e+00   2.4000000e+01   8.9473684e+00
   6.7534721e+02   2.6000000e+01   4.0000000e+01   4.8900000e+02   6.1000000e+01   3.0500000e+01   3.2500000e+01   1.5333333e+01   2.0000000e+00   6.0000000e+00   1.8000000e+01   1.0000000e+01
   9.7337610e+02   3.0000000e+01   5.0000000e+01   5.2400000e+02   5.9000000e+01   2.9500000e+01   3.9000000e+01   1.4565217e+01   2.0000000e+00   5.0000000e+00   2.3000000e+01   8.8533333e+00
   8.4287551e+02   2.8000000e+01   4.3000000e+01   4.8500000e+02   5.0000000e+01   2.5000000e+01   3.8200000e+01   1.4285714e+01   2.0000000e+00   5.0000000e+00   2.1000000e+01   8.8529412e+00
   8.1990363e+02   3.3000000e+01   5.0000000e+01   5.7700000e+02   5.8000000e+01   2.9000000e+01   3.3000000e+01   1.4500000e+01   2.0000000e+00   7.0000000e+00   2.4000000e+01   9.3600000e+00
   8.8226306e+02   3.0000000e+01   4.8000000e+01   6.2800000e+02   6.0000000e+01   3.0000000e+01   4.0000000e+01   1.7454545e+01   2.0000000e+00   6.0000000e+00   2.2000000e+01   9.8918919e+00
   1.0307532e+02   6.0000000e+00   5.0000000e+00   8.3000000e+01   3.7000000e+01   1.8500000e+01   1.3333333e+01   1.0000000e+01   2.0000000e+00   3.0000000e+00   1.0000000e+00   9.4444444e+00
   7.8712559e+02   3.2000000e+01   4.6000000e+01   6.0900000e+02   5.9000000e+01   2.9500000e+01   3.6428571e+01   1.5043478e+01   2.0000000e+00   7.0000000e+00   2.3000000e+01   1.0162162e+01
   9.9370819e+01   5.0000000e+00   4.0000000e+00   6.5000000e+01   3.9000000e+01   1.9500000e+01   9.6666667e+00   0.0000000e+00   2.0000000e+00   3.0000000e+00   0.0000000e+00   9.2857143e+00
   8.7573377e+02   3.1000000e+01   4.9000000e+01   6.0800000e+02   5.7000000e+01   2.8500000e+01   3.7000000e+01   1.5772727e+01   2.0000000e+00   7.0000000e+00   2.2000000e+01   9.8421053e+00
   7.6221472e+02   2.5000000e+01   4.3000000e+01   5.4200000e+02   6.4000000e+01   3.2000000e+01   4.1500000e+01   1.6529412e+01   2.0000000e+00   6.0000000e+00   1.7000000e+01   1.0030303e+01
   1.0537895e+03   3.2000000e+01   4.9000000e+01   5.6300000e+02   6.0000000e+01   3.0000000e+01   3.4714286e+01   1.4000000e+01   2.0000000e+00   7.0000000e+00   2.3000000e+01   9.0897436e+00
   1.2609652e+02   6.0000000e+00   5.0000000e+00   8.1000000e+01   3.3000000e+01   1.1500000e+01   2.0000000e+01   1.1000000e+01   2.0000000e+00   2.0000000e+00   2.0000000e+00   9.0000000e+00
   1.2229455e+02   5.0000000e+00   4.0000000e+00   4.7000000e+01   2.3000000e+01   1.1500000e+01   1.0500000e+01   6.0000000e+00   2.0000000e+00   2.0000000e+00   1.0000000e+00   6.7142857e+00
   8.8037352e+02   3.2000000e+01   4.9000000e+01   5.8800000e+02   6.3000000e+01   3.1500000e+01   3.3714286e+01   1.4869565e+01   2.0000000e+00   7.0000000e+00   2.3000000e+01   9.4415584e+00
   7.2265469e+01   6.0000000e+00   4.0000000e+00   7.7000000e+01   3.1000000e+01   8.0000000e+00   1.8500000e+01   1.3500000e+01   2.0000000e+00   2.0000000e+00   2.0000000e+00   1.0125000e+01
   3.6157782e+02   1.9000000e+01   2.3000000e+01   2.9500000e+02   5.5000000e+01   2.7500000e+01   2.4400000e+01   1.2500000e+01   2.0000000e+00   5.0000000e+00   1.2000000e+01   9.6410256e+00
   1.0051341e+02   6.0000000e+00   4.0000000e+00   6.5000000e+01   2.1000000e+01   6.0000000e+00   1.7500000e+01   1.0500000e+01   2.0000000e+00   2.0000000e+00   2.0000000e+00   8.1250000e+00
   7.5454268e+02   2.9000000e+01   4.5000000e+01   5.4500000e+02   6.2000000e+01   3.1000000e+01   3.9800000e+01   1.5045455e+01   2.0000000e+00   5.0000000e+00   2.2000000e+01   1.0028986e+01
   6.9873481e+02   2.4000000e+01   4.0000000e+01   5.1100000e+02   6.2000000e+01   3.1000000e+01   3.6166667e+01   1.7312500e+01   2.0000000e+00   6.0000000e+00   1.6000000e+01   1.0080645e+01
   7.3568790e+02   2.7000000e+01   4.0000000e+01   5.3200000e+02   6.1000000e+01   3.0500000e+01   3.9000000e+01   1.4789474e+01   2.0000000e+00   6.0000000e+00   1.9000000e+01   1.0406250e+01
   8.8195213e+02   2.8000000e+01   4.6000000e+01   5.0100000e+02   6.2000000e+01   3.1000000e+01   3.0857143e+01   1.4842105e+01   2.0000000e+00   7.0000000e+00   1.9000000e+01   9.2028986e+00
   1.2155540e+02   5.0000000e+00   4.0000000e+00   4.9000000e+01   2.1000000e+01   1.0500000e+01   1.1500000e+01   8.0000000e+00   2.0000000e+00   2.0000000e+00   1.0000000e+00   7.0000000e+00
   9.6219718e+01   5.0000000e+00   4.0000000e+00   6.7000000e+01   2.3000000e+01   1.1500000e+01   1.6000000e+01   1.5000000e+01   2.0000000e+00   2.0000000e+00   1.0000000e+00   9.5714286e+00
   7.4180445e+01   5.0000000e+00   4.0000000e+00   6.3000000e+01   2.9000000e+01   7.5000000e+00   2.9000000e+01   1.1000000e+01   2.0000000e+00   1.0000000e+00   2.0000000e+00   9.0000000e+00
   6.1894409e+01   6.0000000e+00   5.0000000e+00   6.2000000e+01   3.0000000e+01   6.0000000e+00   1.5500000e+01   1.1500000e+01   2.0000000e+00   2.0000000e+00   2.0000000e+00   8.3750000e+00
   9.3060383e+02   2.6000000e+01   5.0000000e+01   5.7800000e+02   6.3000000e+01   3.1500000e+01   3.5833333e+01   1.9555556e+01   2.0000000e+00   6.0000000e+00   1.8000000e+01   9.4444444e+00
   9.3782058e+02   3.1000000e+01   4.8000000e+01   5.4300000e+02   5.9000000e+01   2.9500000e+01   3.7666667e+01   1.3478261e+01   2.0000000e+00   6.0000000e+00   2.3000000e+01   8.8552632e+00
   2.5783788e+02   1.5000000e+01   1.5000000e+01   2.3700000e+02   5.3000000e+01   2.6500000e+01   2.5600000e+01   9.1250000e+00   2.0000000e+00   5.0000000e+00   8.0000000e+00   1.0535714e+01
   9.6508480e+02   2.7000000e+01   4.7000000e+01   5.5100000e+02   6.1000000e+01   3.0500000e+01   3.2333333e+01   1.8210526e+01   2.0000000e+00   6.0000000e+00   1.9000000e+01   9.2571429e+00
   8.7621576e+02   3.3000000e+01   5.2000000e+01   5.9100000e+02   6.0000000e+01   3.0000000e+01   3.3375000e+01   1.4086957e+01   2.0000000e+00   8.0000000e+00   2.3000000e+01   9.4810127e+00
   9.6309425e+01   5.0000000e+00   4.0000000e+00   6.3000000e+01   3.8000000e+01   1.9000000e+01   9.3333333e+00   0.0000000e+00   2.0000000e+00   3.0000000e+00   0.0000000e+00   9.0000000e+00
   7.1924289e+02   2.9000000e+01   4.2000000e+01   5.0300000e+02   5.9000000e+01   2.9500000e+01   2.8714286e+01   1.5000000e+01   2.0000000e+00   7.0000000e+00   2.0000000e+01   9.5076923e+00
   9.8412780e+02   2.9000000e+01   5.1000000e+01   6.1100000e+02   5.8000000e+01   2.9000000e+01   3.6833333e+01   1.8476190e+01   2.0000000e+00   6.0000000e+00   2.1000000e+01   9.4210526e+00
   7.7958897e+02   2.5000000e+01   4.4000000e+01   5.3900000e+02   6.3000000e+01   3.1500000e+01   3.5500000e+01   1.8235294e+01   2.0000000e+00   6.0000000e+00   1.7000000e+01   9.8769231e+00
   7.9829063e+02   3.3000000e+01   4.8000000e+01   6.0100000e+02   5.8000000e+01   2.9000000e+01   3.5428571e+01   1.4583333e+01   2.0000000e+00   7.0000000e+00   2.4000000e+01   9.3766234e+00
   8.0352999e+02   3.4000000e+01   4.4000000e+01   6.1600000e+02   5.7000000e+01   2.8500000e+01   3.4571429e+01   1.4760000e+01   2.0000000e+00   7.0000000e+00   2.5000000e+01   1.0054795e+01
   7.4071537e+01   5.0000000e+00   4.0000000e+00   6.3000000e+01   3.0000000e+01   8.0000000e+00   3.0000000e+01   1.0000000e+01   2.0000000e+00   1.0000000e+00   2.0000000e+00   9.0000000e+00
   9.6481240e+01   5.0000000e+00   4.0000000e+00   5.4000000e+01   2.3000000e+01   1.1500000e+01   1.2500000e+01   1.0000000e+01   2.0000000e+00   2.0000000e+00   1.0000000e+00   7.8571429e+00
   9.6800491e+02   3.3000000e+01   4.9000000e+01   5.2800000e+02   5.8000000e+01   2.9000000e+01   3.4142857e+01   1.2375000e+01   2.0000000e+00   7.0000000e+00   2.4000000e+01   8.8441558e+00
   9.8134262e+01   5.0000000e+00   4.0000000e+00   6.7000000e+01   2.6000000e+01   1.3000000e+01   1.5500000e+01   1.3000000e+01   2.0000000e+00   2.0000000e+00   1.0000000e+00   9.5714286e+00
   8.3168060e+02   3.0000000e+01   4.5000000e+01   5.4000000e+02   6.4000000e+01   3.2000000e+01   3.2857143e+01   1.4476190e+01   2.0000000e+00   7.0000000e+00   2.1000000e+01   9.8115942e+00
   7.8140782e+01   6.0000000e+00   5.0000000e+00   9.2000000e+01   3.1000000e+01   1.5500000e+01   2.2000000e+01   1.0500000e+01   2.0000000e+00   2.0000000e+00   2.0000000e+00   1.0333333e+01
   6.9892744e+02   3.0000000e+01   3.8000000e+01   4.7400000e+02   5.3000000e+01   2.6500000e+01   2.6750000e+01   1.2400000e+01   2.0000000e+00   8.0000000e+00   2.0000000e+01   9.4062500e+00
   1.2024542e+02   6.0000000e+00   4.0000000e+00   6.0000000e+01   2.5000000e+01   6.0000000e+00   2.5000000e+01   8.6666667e+00   2.0000000e+00   1.0000000e+00   3.0000000e+00   7.5000000e+00
   1.0213817e+02   6.0000000e+00   5.0000000e+00   8.3000000e+01   3.3000000e+01   1.6500000e+01   1.3000000e+01   1.5000000e+01   2.0000000e+00   3.0000000e+00   1.0000000e+00   9.2222222e+00
   8.5258474e+02   3.0000000e+01   4.9000000e+01   6.0200000e+02   6.8000000e+01   3.4000000e+01   3.6857143e+01   1.5857143e+01   2.0000000e+00   7.0000000e+00   2.1000000e+01   1.0266667e+01
   7.1592848e+02   2.3000000e+01   3.8000000e+01   4.4000000e+02   6.0000000e+01   3.0000000e+01   3.3600000e+01   1.6062500e+01   2.0000000e+00   5.0000000e+00   1.6000000e+01   9.6315789e+00
   8.1573651e+02   2.7000000e+01   4.2000000e+01   5.1900000e+02   6.1000000e+01   3.0500000e+01   3.5666667e+01   1.6105263e+01   2.0000000e+00   6.0000000e+00   1.9000000e+01   9.7076923e+00
   8.1805148e+02   2.9000000e+01   4.5000000e+01   5.5900000e+02   6.1000000e+01   3.0500000e+01   3.7500000e+01   1.5523810e+01   2.0000000e+00   6.0000000e+00   2.1000000e+01   9.8309859e+00
   8.6922486e+02   2.9000000e+01   4.8000000e+01   5.6600000e+02   6.3000000e+01   3.1500000e+01   3.4333333e+01   1.6571429e+01   2.0000000e+00   6.0000000e+00   2.1000000e+01   9.7534247e+00
   9.6260482e+01   5.0000000e+00   4.0000000e+00   6.9000000e+01   4.1000000e+01   2.0500000e+01   1.0333333e+01   0.0000000e+00   2.0000000e+00   3.0000000e+00   0.0000000e+00   9.8571429e+00
   1.0230083e+03   3.3000000e+01   5.1000000e+01   6.2100000e+02   6.0000000e+01   3.0000000e+01   3.8833333e+01   1.5480000e+01   2.0000000e+00   6.0000000e+00   2.5000000e+01   9.5500000e+00
   9.2048563e+01   6.0000000e+00   4.0000000e+00   5.2000000e+01   2.3000000e+01   6.5000000e+00   1.5000000e+01   6.0000000e+00   2.0000000e+00   2.0000000e+00   2.0000000e+00   7.2500000e+00
   9.9210316e+01   5.0000000e+00   4.0000000e+00   6.0000000e+01   1.9000000e+01   7.5000000e+00   1.9000000e+01   1.4500000e+01   2.0000000e+00   1.0000000e+00   2.0000000e+00   8.5714286e+00
   4.7220710e+02   1.9000000e+01   2.7000000e+01   3.3900000e+02   5.0000000e+01   2.5000000e+01   3.1400000e+01   1.3333333e+01   2.0000000e+00   5.0000000e+00   1.2000000e+01   9.5348837e+00
   7.5713401e+02   2.6000000e+01   4.2000000e+01   5.2400000e+02   6.0000000e+01   3.0000000e+01   3.7833333e+01   1.5833333e+01   2.0000000e+00   6.0000000e+00   1.8000000e+01   9.9218750e+00
   3.3267932e+02   1.5000000e+01   2.2000000e+01   2.7800000e+02   5.1000000e+01   2.5500000e+01   3.2000000e+01   1.3444444e+01   2.0000000e+00   4.0000000e+00   9.0000000e+00   1.0562500e+01
   9.5401856e+02   2.9000000e+01   4.7000000e+01   5.4700000e+02   5.9000000e+01   2.9500000e+01   3.3428571e+01   1.5300000e+01   2.0000000e+00   7.0000000e+00   2.0000000e+01   9.5138889e+00
   9.6008918e+01   5.0000000e+00   4.0000000e+00   6.0000000e+01   3.5000000e+01   1.7500000e+01   9.3333333e+00   0.0000000e+00   2.0000000e+00   3.0000000e+00   0.0000000e+00   9.2857143e+00
   7.8692684e+02   2.9000000e+01   4.9000000e+01   6.3400000e+02   5.9000000e+01   2.9500000e+01   4.0666667e+01   1.8380952e+01   2.0000000e+00   6.0000000e+00   2.1000000e+01   1.0944444e+01
