   8.6044487e+02   2.5000000e+01   3.7000000e+01   4.4900000e+02   5.9000000e+01   2.9500000e+01   2.9285714e+01   1.4375000e+01   2.0000000e+00   7.0000000e+00   1.6000000e+01   9.4482759e+00
   1.1451907e+03   2.3000000e+01   4.5000000e+01   5.1200000e+02   6.1000000e+01   3.0500000e+01   3.6400000e+01   1.9750000e+01   2.0000000e+00   5.0000000e+00   1.6000000e+01   9.2968750e+00
   9.9854355e+02   3.0000000e+01   4.5000000e+01   5.0600000e+02   5.7000000e+01   2.8500000e+01   2.7125000e+01   1.4100000e+01   2.0000000e+00   8.0000000e+00   2.0000000e+01   9.0714286e+00
   1.0428198e+03   2.9000000e+01   4.5000000e+01   4.9600000e+02   5.8000000e+01   2.9000000e+01   3.1571429e+01   1.3350000e+01   2.0000000e+00   7.0000000e+00   2.0000000e+01   8.9852941e+00
   1.3429253e+03   3.4000000e+01   5.0000000e+01   5.7600000e+02   5.7000000e+01   2.8500000e+01   3.7000000e+01   1.3360000e+01   2.0000000e+00   7.0000000e+00   2.5000000e+01   8.8481013e+00
   1.0245796e+03   2.4000000e+01   4.5000000e+01   5.2400000e+02   6.6000000e+01   3.3000000e+01   2.7714286e+01   2.0800000e+01   2.0000000e+00   7.0000000e+00   1.5000000e+01   9.1818182e+00
   1.2359854e+03   2.8000000e+01   4.9000000e+01   5.6800000e+02   6.3000000e+01   3.1500000e+01   3.8200000e+01   1.7714286e+01   2.0000000e+00   5.0000000e+00   2.1000000e+01   9.1891892e+00
   1.0628723e+03   2.4000000e+01   4.2000000e+01   5.1500000e+02   6.3000000e+01   3.1500000e+01   4.0200000e+01   1.7411765e+01   2.0000000e+00   5.0000000e+00   1.7000000e+01   9.8064516e+00
   9.6892004e+02   2.5000000e+01   4.0000000e+01   4.4900000e+02   5.8000000e+01   2.9000000e+01   3.3800000e+01   1.5277778e+01   2.0000000e+00   5.0000000e+00   1.8000000e+01   8.9833333e+00
   1.1805987e+03   2.5000000e+01   4.9000000e+01   5.6000000e+02   6.2000000e+01   3.1000000e+01   4.0600000e+01   1.9222222e+01   2.0000000e+00   5.0000000e+00   1.8000000e+01   9.3823529e+00
   9.5636344e+02   3.1000000e+01   4.1000000e+01   4.6600000e+02   5.6000000e+01   2.8000000e+01   2.6857143e+01   1.2318182e+01   2.0000000e+00   7.0000000e+00   2.2000000e+01   9.1538462e+00
   1.1504026e+03   2.6000000e+01   4.8000000e+01   5.8100000e+02   6.5000000e+01   3.2500000e+01   4.3000000e+01   1.8736842e+01   2.0000000e+00   5.0000000e+00   1.9000000e+01   9.9027778e+00
   1.0215826e+03   2.9000000e+01   4.0000000e+01   5.1300000e+02   6.2000000e+01   3.1000000e+01   3.0571429e+01   1.4200000e+01   2.0000000e+00   7.0000000e+00   2.0000000e+01   9.7230769e+00
   9.0436884e+02   2.9000000e+01   3.4000000e+01   4.4400000e+02   5.7000000e+01   2.8500000e+01   2.7285714e+01   1.2300000e+01   2.0000000e+00   7.0000000e+00   2.0000000e+01   9.2000000e+00
   1.2473194e+03   3.2000000e+01   5.0000000e+01   5.9600000e+02   6.1000000e+01   3.0500000e+01   3.7500000e+01   1.5625000e+01   2.0000000e+00   6.0000000e+00   2.4000000e+01   9.6153846e+00
   1.3990247e+03   2.6000000e+01   4.7000000e+01   5.4200000e+02   6.3000000e+01   3.1500000e+01   4.1600000e+01   1.7000000e+01   2.0000000e+00   5.0000000e+00   1.9000000e+01   9.0571429e+00
   9.8301442e+02   2.7000000e+01   4.1000000e+01   5.6500000e+02   6.3000000e+01   3.1500000e+01   3.3428571e+01   1.7444444e+01   2.0000000e+00   7.0000000e+00   1.8000000e+01   1.0328125e+01
   1.1350461e+03   2.8000000e+01   4.7000000e+01   5.3000000e+02   5.7000000e+01   2.8500000e+01   3.4666667e+01   1.5950000e+01   2.0000000e+00   6.0000000e+00   2.0000000e+01   9.6376812e+00
   1.4731594e+03   3.4000000e+01   4.8000000e+01   5.5900000e+02   5.8000000e+01   2.9000000e+01   3.2285714e+01   1.3280000e+01   2.0000000e+00   7.0000000e+00   2.5000000e+01   8.9743590e+00
   1.1607127e+03   2.9000000e+01   4.8000000e+01   5.6100000e+02   5.9000000e+01   2.9500000e+01   3.4166667e+01   1.6809524e+01   2.0000000e+00   6.0000000e+00   2.1000000e+01   9.5616438e+00
   1.2382907e+03   3.7000000e+01   4.8000000e+01   6.1300000e+02   5.8000000e+01   2.9000000e+01   3.2000000e+01   1.2925926e+01   2.0000000e+00   8.0000000e+00   2.7000000e+01   9.6962025e+00
   1.2328950e+03   2.4000000e+01   4.4000000e+01   4.9300000e+02   6.1000000e+01   3.0500000e+01   2.7166667e+01   2.0125000e+01   2.0000000e+00   6.0000000e+00   1.6000000e+01   9.4531250e+00
   9.8854257e+02   3.0000000e+01   4.4000000e+01   6.0700000e+02   6.1000000e+01   3.0500000e+01   3.9500000e+01   1.6318182e+01   2.0000000e+00   6.0000000e+00   2.2000000e+01   1.0042857e+01
   1.1874622e+03   3.2000000e+01   4.6000000e+01   6.2800000e+02   6.1000000e+01   3.0500000e+01   3.7428571e+01   1.5739130e+01   2.0000000e+00   7.0000000e+00   2.3000000e+01   9.5600000e+00
   9.2368303e+02   2.7000000e+01   4.6000000e+01   5.3700000e+02   6.4000000e+01   3.2000000e+01   3.4571429e+01   1.5555556e+01   2.0000000e+00   7.0000000e+00   1.8000000e+01   9.5846154e+00
   9.1455061e+02   2.7000000e+01   3.8000000e+01   4.9600000e+02   5.7000000e+01   2.8500000e+01   3.3000000e+01   1.4611111e+01   2.0000000e+00   7.0000000e+00   1.8000000e+01   9.7377049e+00
   1.2602556e+03   3.0000000e+01   5.0000000e+01   5.7700000e+02   6.4000000e+01   3.2000000e+01   3.7166667e+01   1.5681818e+01   2.0000000e+00   6.0000000e+00   2.2000000e+01   9.1486486e+00
   1.2417670e+03   2.7000000e+01   5.0000000e+01   5.8800000e+02   6.3000000e+01   3.1500000e+01   3.6166667e+01   1.9315789e+01   2.0000000e+00   6.0000000e+00   1.9000000e+01   9.6081081e+00
   1.0709004e+03   2.6000000e+01   4.3000000e+01   5.4100000e+02   6.5000000e+01   3.2500000e+01   3.7333333e+01   1.6666667e+01   2.0000000e+00   6.0000000e+00   1.8000000e+01   9.8461538e+00
   9.9627879e+02   2.6000000e+01   4.6000000e+01   5.3800000e+02   6.3000000e+01   3.1500000e+01   3.3833333e+01   1.8166667e+01   2.0000000e+00   6.0000000e+00   1.8000000e+01   9.8153846e+00
   1.0481146e+03   2.9000000e+01   3.7000000e+01   4.9700000e+02   6.0000000e+01   3.0000000e+01   3.1166667e+01   1.3904762e+01   2.0000000e+00   6.0000000e+00   2.1000000e+01   9.4761905e+00
   1.1197519e+03   2.6000000e+01   3.5000000e+01   4.5700000e+02   5.8000000e+01   2.9000000e+01   3.2166667e+01   1.4055556e+01   2.0000000e+00   6.0000000e+00   1.8000000e+01   9.5357143e+00
   1.0994830e+03   3.4000000e+01   4.7000000e+01   6.0400000e+02   5.8000000e+01   2.9000000e+01   3.7000000e+01   1.3720000e+01   2.0000000e+00   7.0000000e+00   2.5000000e+01   9.6883117e+00
   9.3893425e+02   2.3000000e+01   3.9000000e+01   4.8400000e+02   6.3000000e+01   3.1500000e+01   3.3500000e+01   1.7466667e+01   2.0000000e+00   6.0000000e+00   1.5000000e+01   9.8421053e+00
   1.1064079e+03   2.8000000e+01   4.4000000e+01   5.0900000e+02   5.9000000e+01   2.9500000e+01   3.4000000e+01   1.4950000e+01   2.0000000e+00   6.0000000e+00   2.0000000e+01   9.1029412e+00
   9.4161648e+02   3.1000000e+01   4.1000000e+01   5.8600000e+02   5.7000000e+01   2.8500000e+01   3.5714286e+01   1.4772727e+01   2.0000000e+00   7.0000000e+00   2.2000000e+01   1.0114286e+01
   1.0469795e+03   2.7000000e+01   4.4000000e+01   5.2400000e+02   6.1000000e+01   3.0500000e+01   3.0000000e+01   1.6777778e+01   2.0000000e+00   7.0000000e+00   1.8000000e+01   9.4242424e+00
   9.3264808e+02   2.3000000e+01   4.2000000e+01   4.6300000e+02   6.1000000e+01   3.0500000e+01   3.2600000e+01   1.8187500e+01   2.0000000e+00   5.0000000e+00   1.6000000e+01   9.5000000e+00
   1.1342524e+03   3.1000000e+01   4.0000000e+01   5.2700000e+02   5.9000000e+01   2.9500000e+01   3.2428571e+01   1.3000000e+01   2.0000000e+00   7.0000000e+00   2.2000000e+01   9.5671642e+00
   1.0149419e+03   3.1000000e+01   4.2000000e+01   5.3300000e+02   6.1000000e+01   3.0500000e+01   3.1285714e+01   1.3590909e+01   2.0000000e+00   7.0000000e+00   2.2000000e+01   9.6176471e+00
   1.2926078e+03   2.5000000e+01   5.1000000e+01   5.7100000e+02   6.0000000e+01   3.0000000e+01   4.1200000e+01   2.0444444e+01   2.0000000e+00   5.0000000e+00   1.8000000e+01   9.5890411e+00
   1.1225091e+03   2.8000000e+01   4.8000000e+01   5.5700000e+02   6.4000000e+01   3.2000000e+01   3.7666667e+01   1.6400000e+01   2.0000000e+00   6.0000000e+00   2.0000000e+01   9.3802817e+00
   1.3745390e+03   3.7000000e+01   4.9000000e+01   5.9800000e+02   5.2000000e+01   2.6000000e+01   3.4250000e+01   1.2518519e+01   2.0000000e+00   8.0000000e+00   2.7000000e+01   9.3456790e+00
   1.3519834e+03   3.3000000e+01   4.6000000e+01   5.7000000e+02   5.4000000e+01   2.7000000e+01   3.5714286e+01   1.3500000e+01   2.0000000e+00   7.0000000e+00   2.4000000e+01   9.0657895e+00
   1.0545200e+03   2.8000000e+01   4.0000000e+01   5.2200000e+02   5.9000000e+01   2.9500000e+01   3.1571429e+01   1.5210526e+01   2.0000000e+00   7.0000000e+00   1.9000000e+01   9.8923077e+00
   1.2197005e+03   2.7000000e+01   4.9000000e+01   5.1900000e+02   6.1000000e+01   3.0500000e+01   3.4833333e+01   1.5894737e+01   2.0000000e+00   6.0000000e+00   1.9000000e+01   9.1428571e+00
   1.0699223e+03   3.2000000e+01   5.1000000e+01   5.9300000e+02   6.0000000e+01   3.0000000e+01   3.8833333e+01   1.5208333e+01   2.0000000e+00   6.0000000e+00   2.4000000e+01   1.0051282e+01
   1.0660793e+03   2.6000000e+01   4.2000000e+01   5.4600000e+02   6.3000000e+01   3.1500000e+01   3.4333333e+01   1.8444444e+01   2.0000000e+00   6.0000000e+00   1.8000000e+01   1.0046875e+01
   1.1672249e+03   2.7000000e+01   4.8000000e+01   6.0700000e+02   6.2000000e+01   3.1000000e+01   3.9833333e+01   1.9052632e+01   2.0000000e+00   6.0000000e+00   1.9000000e+01   1.0140845e+01
   1.1516344e+03   2.4000000e+01   4.1000000e+01   4.8100000e+02   6.6000000e+01   3.3000000e+01   3.3500000e+01   1.6500000e+01   2.0000000e+00   6.0000000e+00   1.6000000e+01   9.4590164e+00
   1.1566804e+03   2.7000000e+01   4.7000000e+01   5.0500000e+02   6.1000000e+01   3.0500000e+01   3.7000000e+01   1.5000000e+01   2.0000000e+00   6.0000000e+00   1.9000000e+01   8.7536232e+00
   1.1163352e+03   2.9000000e+01   3.9000000e+01   4.7900000e+02   5.9000000e+01   2.9500000e+01   3.3833333e+01   1.2714286e+01   2.0000000e+00   6.0000000e+00   2.1000000e+01   9.3636364e+00
   1.1922069e+03   2.9000000e+01   4.3000000e+01   5.1200000e+02   6.1000000e+01   3.0500000e+01   3.5333333e+01   1.3619048e+01   2.0000000e+00   6.0000000e+00   2.1000000e+01   9.1911765e+00
   1.1562410e+03   3.1000000e+01   5.0000000e+01   5.6800000e+02   6.2000000e+01   3.1000000e+01   3.4857143e+01   1.4500000e+01   2.0000000e+00   7.0000000e+00   2.2000000e+01   9.1538462e+00
   1.0272060e+03   2.4000000e+01   4.0000000e+01   4.8100000e+02   5.4000000e+01   2.7000000e+01   3.3800000e+01   1.7647059e+01   2.0000000e+00   5.0000000e+00   1.7000000e+01   9.2372881e+00
   1.1252656e+03   3.1000000e+01   4.9000000e+01   5.7400000e+02   6.0000000e+01   3.0000000e+01   3.5285714e+01   1.4954545e+01   2.0000000e+00   7.0000000e+00   2.2000000e+01   9.5466667e+00
   1.0164177e+03   2.7000000e+01   4.3000000e+01   5.3400000e+02   6.1000000e+01   3.0500000e+01   3.3000000e+01   1.6000000e+01   2.0000000e+00   7.0000000e+00   1.8000000e+01   9.9365079e+00
   1.2768634e+03   3.2000000e+01   4.7000000e+01   5.7600000e+02   6.1000000e+01   3.0500000e+01   3.7000000e+01   1.4250000e+01   2.0000000e+00   6.0000000e+00   2.4000000e+01   9.2631579e+00
   9.7642608e+02   2.9000000e+01   4.0000000e+01   5.1500000e+02   5.3000000e+01   2.6500000e+01   3.2166667e+01   1.4809524e+01   2.0000000e+00   6.0000000e+00   2.1000000e+01   9.8769231e+00
   1.1453125e+03   3.0000000e+01   4.5000000e+01   5.5400000e+02   5.9000000e+01   2.9500000e+01   3.8333333e+01   1.4727273e+01   2.0000000e+00   6.0000000e+00   2.2000000e+01   9.4927536e+00
   1.1045566e+03   2.4000000e+01   4.6000000e+01   5.2500000e+02   6.6000000e+01   3.3000000e+01   3.2500000e+01   1.9562500e+01   2.0000000e+00   6.0000000e+00   1.6000000e+01   9.4545455e+00
   1.1579697e+03   3.0000000e+01   4.7000000e+01   5.3600000e+02   5.9000000e+01   2.9500000e+01   3.4000000e+01   1.4863636e+01   2.0000000e+00   6.0000000e+00   2.2000000e+01   9.0000000e+00
   1.2096861e+03   2.9000000e+01   4.5000000e+01   5.7900000e+02   6.3000000e+01   3.1500000e+01   3.6666667e+01   1.6666667e+01   2.0000000e+00   6.0000000e+00   2.1000000e+01   9.9428571e+00
   1.2746307e+03   2.9000000e+01   4.5000000e+01   5.3300000e+02   5.8000000e+01   2.9000000e+01   3.6666667e+01   1.4428571e+01   2.0000000e+00   6.0000000e+00   2.1000000e+01   8.8750000e+00
   1.0737482e+03   3.2000000e+01   4.4000000e+01   5.3000000e+02   5.7000000e+01   2.8500000e+01   3.0250000e+01   1.2818182e+01   2.0000000e+00   8.0000000e+00   2.2000000e+01   9.3571429e+00
   1.4536700e+03   3.2000000e+01   5.9000000e+01   6.1700000e+02   6.0000000e+01   3.0000000e+01   3.4833333e+01   1.7458333e+01   2.0000000e+00   6.0000000e+00   2.4000000e+01   8.8735632e+00
   1.1536135e+03   2.4000000e+01   4.2000000e+01   5.4300000e+02   6.5000000e+01   3.2500000e+01   4.2400000e+01   1.8705882e+01   2.0000000e+00   5.0000000e+00   1.7000000e+01   9.8888889e+00
   1.1897019e+03   3.1000000e+01   4.3000000e+01   5.7200000e+02   5.6000000e+01   2.8000000e+01   3.7500000e+01   1.4739130e+01   2.0000000e+00   6.0000000e+00   2.3000000e+01   9.0845070e+00
   9.8700318e+02   2.8000000e+01   4.0000000e+01   5.1000000e+02   6.3000000e+01   3.1500000e+01   3.4500000e+01   1.4700000e+01   2.0000000e+00   6.0000000e+00   2.0000000e+01   9.7460317e+00
   9.7002623e+02   2.8000000e+01   3.6000000e+01   4.9000000e+02   5.9000000e+01   2.9500000e+01   3.1142857e+01   1.3473684e+01   2.0000000e+00   7.0000000e+00   1.9000000e+01   9.8196721e+00
   1.4039696e+03   3.3000000e+01   4.8000000e+01   5.9500000e+02   6.1000000e+01   3.0500000e+01   3.2500000e+01   1.4434783e+01   2.0000000e+00   8.0000000e+00   2.3000000e+01   9.5774648e+00
   9.8795239e+02   2.5000000e+01   4.2000000e+01   4.6700000e+02   6.2000000e+01   3.1000000e+01   3.2800000e+01   1.6166667e+01   2.0000000e+00   5.0000000e+00   1.8000000e+01   9.3387097e+00
   1.1726466e+03   2.6000000e+01   5.0000000e+01   5.8900000e+02   6.7000000e+01   3.3500000e+01   4.4000000e+01   1.8842105e+01   2.0000000e+00   5.0000000e+00   1.9000000e+01   9.8356164e+00
   1.0183705e+03   3.7000000e+01   3.9000000e+01   5.5800000e+02   5.6000000e+01   2.8000000e+01   3.1000000e+01   1.0653846e+01   2.0000000e+00   9.0000000e+00   2.6000000e+01   9.8750000e+00
   1.0018061e+03   2.8000000e+01   3.8000000e+01   5.0100000e+02   5.7000000e+01   2.8500000e+01   2.9250000e+01   1.4111111e+01   2.0000000e+00   8.0000000e+00   1.8000000e+01   9.7377049e+00
   1.0840980e+03   2.9000000e+01   4.3000000e+01   5.3000000e+02   6.0000000e+01   3.0000000e+01   3.3666667e+01   1.5190476e+01   2.0000000e+00   6.0000000e+00   2.1000000e+01   9.5781250e+00
   1.2511796e+03   2.7000000e+01   5.0000000e+01   6.1200000e+02   6.2000000e+01   3.1000000e+01   3.6285714e+01   1.9777778e+01   2.0000000e+00   7.0000000e+00   1.8000000e+01   9.9459459e+00
   9.3631109e+02   2.3000000e+01   3.4000000e+01   4.3900000e+02   6.3000000e+01   3.1500000e+01   2.5000000e+01   1.6928571e+01   2.0000000e+00   7.0000000e+00   1.4000000e+01   9.5185185e+00
   1.0496915e+03   2.9000000e+01   4.5000000e+01   4.8900000e+02   6.2000000e+01   3.1000000e+01   2.7571429e+01   1.4300000e+01   2.0000000e+00   7.0000000e+00   2.0000000e+01   9.3692308e+00
   1.3584560e+03   2.7000000e+01   5.1000000e+01   5.7400000e+02   6.0000000e+01   3.0000000e+01   4.2000000e+01   1.8400000e+01   2.0000000e+00   5.0000000e+00   2.0000000e+01   9.6250000e+00
   1.2396170e+03   2.9000000e+01   4.6000000e+01   5.9600000e+02   6.6000000e+01   3.3000000e+01   3.9500000e+01   1.6761905e+01   2.0000000e+00   6.0000000e+00   2.1000000e+01   1.0056338e+01
   1.2442303e+03   3.1000000e+01   5.2000000e+01   6.3400000e+02   5.9000000e+01   2.9500000e+01   3.8333333e+01   1.7739130e+01   2.0000000e+00   6.0000000e+00   2.3000000e+01   9.5875000e+00
   1.3238526e+03   2.5000000e+01   4.8000000e+01   4.9300000e+02   6.4000000e+01   3.2000000e+01   3.4200000e+01   1.7666667e+01   2.0000000e+00   5.0000000e+00   1.8000000e+01   8.6231884e+00
   1.1108293e+03   3.0000000e+01   4.2000000e+01   5.4700000e+02   5.8000000e+01   2.9000000e+01   3.2428571e+01   1.5000000e+01   2.0000000e+00   7.0000000e+00   2.1000000e+01   9.6716418e+00
   1.1033905e+03   3.5000000e+01   4.6000000e+01   5.4200000e+02   5.8000000e+01   2.9000000e+01   3.1000000e+01   1.1680000e+01   2.0000000e+00   8.0000000e+00   2.5000000e+01   9.3648649e+00
   1.2962245e+03   2.7000000e+01   4.9000000e+01   5.7300000e+02   6.3000000e+01   3.1500000e+01   4.1400000e+01   1.7850000e+01   2.0000000e+00   5.0000000e+00   2.0000000e+01   9.7638889e+00
   9.5860051e+02   2.9000000e+01   4.3000000e+01   5.1300000e+02   6.0000000e+01   3.0000000e+01   3.3833333e+01   1.4047619e+01   2.0000000e+00   6.0000000e+00   2.1000000e+01   9.2238806e+00
   1.1459221e+03   3.2000000e+01   4.4000000e+01   5.1100000e+02   5.5000000e+01   2.7500000e+01   3.2571429e+01   1.2347826e+01   2.0000000e+00   7.0000000e+00   2.3000000e+01   8.6805556e+00
   1.1400604e+03   3.3000000e+01   4.8000000e+01   6.2400000e+02   5.8000000e+01   2.9000000e+01   3.5142857e+01   1.5708333e+01   2.0000000e+00   7.0000000e+00   2.4000000e+01   9.6493506e+00
   1.3926255e+03   3.3000000e+01   4.8000000e+01   5.7900000e+02   6.0000000e+01   3.0000000e+01   3.4857143e+01   1.3750000e+01   2.0000000e+00   7.0000000e+00   2.4000000e+01   9.1923077e+00
   1.0707468e+03   3.4000000e+01   4.4000000e+01   5.4900000e+02   5.4000000e+01   2.7000000e+01   3.0500000e+01   1.2625000e+01   2.0000000e+00   8.0000000e+00   2.4000000e+01   9.3150685e+00
   1.2234877e+03   2.7000000e+01   4.6000000e+01   4.8800000e+02   6.1000000e+01   3.0500000e+01   2.8285714e+01   1.5500000e+01   2.0000000e+00   7.0000000e+00   1.8000000e+01   8.6666667e+00
   9.8029228e+02   2.5000000e+01   3.6000000e+01   4.6600000e+02   6.1000000e+01   3.0500000e+01   2.5571429e+01   1.6812500e+01   2.0000000e+00   7.0000000e+00   1.6000000e+01   9.8596491e+00
   1.4681057e+03   2.6000000e+01   5.2000000e+01   5.9400000e+02   6.8000000e+01   3.4000000e+01   3.5833333e+01   2.0277778e+01   2.0000000e+00   6.0000000e+00   1.8000000e+01   9.3466667e+00
   1.2110351e+03   2.9000000e+01   4.9000000e+01   5.5600000e+02   6.3000000e+01   3.1500000e+01   4.0500000e+01   1.4952381e+01   2.0000000e+00   6.0000000e+00   2.1000000e+01   9.2083333e+00
   1.2073563e+03   3.0000000e+01   4.7000000e+01   5.6200000e+02   6.2000000e+01   3.1000000e+01   3.7333333e+01   1.4863636e+01   2.0000000e+00   6.0000000e+00   2.2000000e+01   9.4657534e+00
   1.0907784e+03   3.0000000e+01   4.3000000e+01   5.4900000e+02   6.1000000e+01   3.0500000e+01   3.3142857e+01   1.4571429e+01   2.0000000e+00   7.0000000e+00   2.1000000e+01   9.4202899e+00
   8.1385600e+02   1.9000000e+01   3.4000000e+01   4.0500000e+02   6.0000000e+01   3.0000000e+01   2.7833333e+01   1.9909091e+01   2.0000000e+00   6.0000000e+00   1.1000000e+01   9.4489796e+00
   1.0882347e+03   2.5000000e+01   4.4000000e+01   5.0400000e+02   6.3000000e+01   3.1500000e+01   3.2000000e+01   1.6500000e+01   2.0000000e+00   7.0000000e+00   1.6000000e+01   9.2343750e+00
   1.2271239e+03   3.2000000e+01   4.7000000e+01   5.9500000e+02   6.0000000e+01   3.0000000e+01   3.3285714e+01   1.5391304e+01   2.0000000e+00   7.0000000e+00   2.3000000e+01   9.6666667e+00
