   1.6577783e+03   4.0000000e+01   6.1000000e+01   5.3600000e+02   5.6000000e+01   2.8000000e+01   3.2285714e+01   1.0225806e+01   2.0000000e+00   7.0000000e+00   3.1000000e+01   7.3541667e+00
   1.0897348e+03   3.4000000e+01   5.1000000e+01   5.2400000e+02   5.5000000e+01   2.7500000e+01   3.5142857e+01   1.1480000e+01   2.0000000e+00   7.0000000e+00   2.5000000e+01   7.7594937e+00
   1.6454368e+03   3.9000000e+01   6.2000000e+01   5.1200000e+02   5.4000000e+01   2.7000000e+01   2.5625000e+01   1.1000000e+01   2.0000000e+00   8.0000000e+00   2.9000000e+01   6.7391304e+00
   1.4711694e+03   2.9000000e+01   5.1000000e+01   4.7700000e+02   6.2000000e+01   3.1000000e+01   3.2000000e+01   1.3095238e+01   2.0000000e+00   6.0000000e+00   2.1000000e+01   7.4210526e+00
   8.7638549e+02   3.0000000e+01   3.9000000e+01   3.9400000e+02   5.7000000e+01   2.8500000e+01   2.8833333e+01   9.3636364e+00   2.0000000e+00   6.0000000e+00   2.2000000e+01   7.9696970e+00
   1.1398648e+03   3.4000000e+01   4.8000000e+01   4.6200000e+02   5.4000000e+01   2.7000000e+01   2.8571429e+01   1.0880000e+01   2.0000000e+00   7.0000000e+00   2.5000000e+01   7.2692308e+00
   1.3537776e+03   3.5000000e+01   5.5000000e+01   4.7200000e+02   5.4000000e+01   2.7000000e+01   2.9714286e+01   1.0846154e+01   2.0000000e+00   7.0000000e+00   2.6000000e+01   7.0705882e+00
   1.4110231e+03   3.3000000e+01   5.2000000e+01   4.7900000e+02   4.6000000e+01   2.3000000e+01   3.1166667e+01   1.2320000e+01   2.0000000e+00   6.0000000e+00   2.5000000e+01   6.9390244e+00
   1.6015910e+03   4.1000000e+01   6.8000000e+01   5.5500000e+02   5.7000000e+01   2.8500000e+01   3.0625000e+01   1.0612903e+01   2.0000000e+00   8.0000000e+00   3.1000000e+01   6.9090909e+00
   1.8367433e+03   4.4000000e+01   7.1000000e+01   5.6500000e+02   5.3000000e+01   2.6500000e+01   3.2428571e+01   1.0685714e+01   2.0000000e+00   7.0000000e+00   3.5000000e+01   6.8396226e+00
   1.7692479e+03   3.3000000e+01   6.8000000e+01   5.9300000e+02   6.0000000e+01   3.0000000e+01   3.6166667e+01   1.5600000e+01   2.0000000e+00   6.0000000e+00   2.5000000e+01   7.2653061e+00
   1.4784964e+03   3.0000000e+01   6.5000000e+01   5.8200000e+02   6.1000000e+01   3.0500000e+01   3.4666667e+01   1.7454545e+01   2.0000000e+00   6.0000000e+00   2.2000000e+01   7.7777778e+00
   1.0822696e+03   2.6000000e+01   4.8000000e+01   4.0800000e+02   5.8000000e+01   2.9000000e+01   2.6666667e+01   1.3277778e+01   2.0000000e+00   6.0000000e+00   1.8000000e+01   7.3478261e+00
   1.3401115e+03   3.4000000e+01   5.5000000e+01   4.4100000e+02   5.2000000e+01   2.6000000e+01   3.2666667e+01   9.6923077e+00   2.0000000e+00   6.0000000e+00   2.6000000e+01   6.7500000e+00
   1.6648471e+03   3.7000000e+01   6.7000000e+01   5.9800000e+02   5.8000000e+01   2.9000000e+01   3.6000000e+01   1.4103448e+01   2.0000000e+00   6.0000000e+00   2.9000000e+01   7.4432990e+00
   1.2036438e+03   3.4000000e+01   5.3000000e+01   4.7900000e+02   5.5000000e+01   2.7500000e+01   2.7250000e+01   1.1166667e+01   2.0000000e+00   8.0000000e+00   2.4000000e+01   7.3500000e+00
   1.7855709e+03   4.1000000e+01   6.9000000e+01   5.7700000e+02   5.4000000e+01   2.7000000e+01   3.1000000e+01   1.0733333e+01   2.0000000e+00   9.0000000e+00   3.0000000e+01   7.0388350e+00
   1.6663341e+03   4.3000000e+01   6.9000000e+01   5.9900000e+02   4.8000000e+01   2.4000000e+01   3.2500000e+01   1.1212121e+01   2.0000000e+00   8.0000000e+00   3.3000000e+01   7.2666667e+00
   1.4881023e+03   3.8000000e+01   5.8000000e+01   5.2100000e+02   5.6000000e+01   2.8000000e+01   2.6750000e+01   1.1214286e+01   2.0000000e+00   8.0000000e+00   2.8000000e+01   6.9555556e+00
   1.2797869e+03   3.3000000e+01   5.2000000e+01   5.1800000e+02   5.4000000e+01   2.7000000e+01   2.9571429e+01   1.3083333e+01   2.0000000e+00   7.0000000e+00   2.4000000e+01   7.6875000e+00
   1.5863100e+03   3.2000000e+01   6.4000000e+01   5.6000000e+02   6.2000000e+01   3.1000000e+01   3.4500000e+01   1.5166667e+01   2.0000000e+00   6.0000000e+00   2.4000000e+01   7.3804348e+00
   1.3388791e+03   3.5000000e+01   5.9000000e+01   5.7100000e+02   5.6000000e+01   2.8000000e+01   3.1571429e+01   1.3692308e+01   2.0000000e+00   7.0000000e+00   2.6000000e+01   7.5842697e+00
   1.2133838e+03   3.7000000e+01   5.4000000e+01   4.8500000e+02   5.4000000e+01   2.7000000e+01   2.6375000e+01   1.0407407e+01   2.0000000e+00   8.0000000e+00   2.7000000e+01   7.1190476e+00
   1.3937666e+03   3.5000000e+01   6.1000000e+01   5.4900000e+02   5.4000000e+01   2.7000000e+01   3.5000000e+01   1.3407407e+01   2.0000000e+00   6.0000000e+00   2.7000000e+01   7.3146067e+00
   1.3799016e+03   3.4000000e+01   5.2000000e+01   4.8600000e+02   5.6000000e+01   2.8000000e+01   2.8142857e+01   1.1680000e+01   2.0000000e+00   7.0000000e+00   2.5000000e+01   7.5000000e+00
   1.2328564e+03   3.4000000e+01   5.5000000e+01   5.0300000e+02   5.1000000e+01   2.5500000e+01   2.8250000e+01   1.2208333e+01   2.0000000e+00   8.0000000e+00   2.4000000e+01   7.7976190e+00
   1.6355854e+03   3.9000000e+01   6.8000000e+01   5.6800000e+02   5.5000000e+01   2.7500000e+01   2.9250000e+01   1.2379310e+01   2.0000000e+00   8.0000000e+00   2.9000000e+01   7.3333333e+00
   1.3782046e+03   3.9000000e+01   6.0000000e+01   5.3300000e+02   5.3000000e+01   2.6500000e+01   3.3000000e+01   1.0600000e+01   2.0000000e+00   7.0000000e+00   3.0000000e+01   7.1413043e+00
   1.2393628e+03   3.8000000e+01   5.5000000e+01   5.0300000e+02   5.6000000e+01   2.8000000e+01   3.1000000e+01   1.0068966e+01   2.0000000e+00   7.0000000e+00   2.9000000e+01   7.3218391e+00
   1.7050030e+03   3.8000000e+01   6.5000000e+01   5.3200000e+02   5.5000000e+01   2.7500000e+01   2.7375000e+01   1.2000000e+01   2.0000000e+00   8.0000000e+00   2.8000000e+01   6.9793814e+00
   8.5643021e+02   3.0000000e+01   3.9000000e+01   3.7100000e+02   5.1000000e+01   2.5500000e+01   2.2666667e+01   8.3684211e+00   2.0000000e+00   9.0000000e+00   1.9000000e+01   7.5000000e+00
   1.4463989e+03   3.4000000e+01   6.1000000e+01   5.1400000e+02   5.4000000e+01   2.7000000e+01   3.0000000e+01   1.2880000e+01   2.0000000e+00   7.0000000e+00   2.5000000e+01   7.1818182e+00
   1.3592577e+03   3.4000000e+01   5.9000000e+01   5.6100000e+02   5.8000000e+01   2.9000000e+01   3.5666667e+01   1.3384615e+01   2.0000000e+00   6.0000000e+00   2.6000000e+01   7.4772727e+00
   1.0668343e+03   3.3000000e+01   5.0000000e+01   5.2300000e+02   5.8000000e+01   2.9000000e+01   3.3166667e+01   1.2960000e+01   2.0000000e+00   6.0000000e+00   2.5000000e+01   7.7625000e+00
   1.3491210e+03   3.2000000e+01   5.6000000e+01   4.9300000e+02   5.6000000e+01   2.8000000e+01   3.1500000e+01   1.3125000e+01   2.0000000e+00   6.0000000e+00   2.4000000e+01   7.0117647e+00
   1.3494837e+03   3.7000000e+01   5.7000000e+01   5.5300000e+02   5.2000000e+01   2.6000000e+01   3.1875000e+01   1.1851852e+01   2.0000000e+00   8.0000000e+00   2.7000000e+01   7.4827586e+00
   1.3370343e+03   3.3000000e+01   5.9000000e+01   5.6100000e+02   6.0000000e+01   3.0000000e+01   3.3571429e+01   1.4000000e+01   2.0000000e+00   7.0000000e+00   2.4000000e+01   7.8965517e+00
   1.6536360e+03   3.4000000e+01   6.7000000e+01   5.6000000e+02   5.3000000e+01   2.6500000e+01   3.6000000e+01   1.4115385e+01   2.0000000e+00   6.0000000e+00   2.6000000e+01   7.1473684e+00
   1.0316227e+03   2.8000000e+01   4.3000000e+01   3.9700000e+02   5.3000000e+01   2.6500000e+01   2.7500000e+01   1.1300000e+01   2.0000000e+00   6.0000000e+00   2.0000000e+01   7.2272727e+00
   1.2356036e+03   2.9000000e+01   5.5000000e+01   4.7400000e+02   5.9000000e+01   2.9500000e+01   2.8714286e+01   1.3750000e+01   2.0000000e+00   7.0000000e+00   2.0000000e+01   7.5555556e+00
   1.6202258e+03   3.7000000e+01   6.6000000e+01   6.1200000e+02   5.7000000e+01   2.8500000e+01   3.4428571e+01   1.4107143e+01   2.0000000e+00   7.0000000e+00   2.8000000e+01   7.4545455e+00
   1.4335432e+03   4.4000000e+01   5.9000000e+01   5.3300000e+02   5.3000000e+01   2.6500000e+01   2.8222222e+01   8.9393939e+00   2.0000000e+00   9.0000000e+00   3.3000000e+01   7.0947368e+00
   1.1739148e+03   2.7000000e+01   4.7000000e+01   4.3200000e+02   5.8000000e+01   2.9000000e+01   2.9166667e+01   1.3210526e+01   2.0000000e+00   6.0000000e+00   1.9000000e+01   7.4861111e+00
   1.7411247e+03   4.3000000e+01   6.0000000e+01   5.4600000e+02   5.3000000e+01   2.6500000e+01   2.5800000e+01   9.7741935e+00   2.0000000e+00   1.0000000e+01   3.1000000e+01   6.8367347e+00
   1.4468848e+03   3.0000000e+01   6.2000000e+01   5.3300000e+02   6.1000000e+01   3.0500000e+01   3.0285714e+01   1.5380952e+01   2.0000000e+00   7.0000000e+00   2.1000000e+01   7.3139535e+00
   1.3377626e+03   3.5000000e+01   5.6000000e+01   5.1400000e+02   5.5000000e+01   2.7500000e+01   2.8875000e+01   1.1880000e+01   2.0000000e+00   8.0000000e+00   2.5000000e+01   7.4000000e+00
   1.4382274e+03   3.3000000e+01   6.5000000e+01   5.2400000e+02   5.3000000e+01   2.6500000e+01   2.6428571e+01   1.5166667e+01   2.0000000e+00   7.0000000e+00   2.4000000e+01   7.2065217e+00
   1.5442858e+03   3.4000000e+01   5.9000000e+01   4.9900000e+02   5.5000000e+01   2.7500000e+01   3.0285714e+01   1.1920000e+01   2.0000000e+00   7.0000000e+00   2.5000000e+01   7.2045455e+00
   1.3249852e+03   3.6000000e+01   5.8000000e+01   5.6700000e+02   5.8000000e+01   2.9000000e+01   3.2857143e+01   1.2888889e+01   2.0000000e+00   7.0000000e+00   2.7000000e+01   7.7802198e+00
   1.5891188e+03   3.3000000e+01   6.8000000e+01   5.7900000e+02   5.9000000e+01   2.9500000e+01   3.3285714e+01   1.5208333e+01   2.0000000e+00   7.0000000e+00   2.4000000e+01   7.1075269e+00
   1.5210899e+03   3.9000000e+01   6.2000000e+01   5.7000000e+02   5.7000000e+01   2.8500000e+01   3.5285714e+01   1.1566667e+01   2.0000000e+00   7.0000000e+00   3.0000000e+01   7.4432990e+00
   1.6255604e+03   3.4000000e+01   6.5000000e+01   5.6600000e+02   5.5000000e+01   2.7500000e+01   3.5000000e+01   1.4538462e+01   2.0000000e+00   6.0000000e+00   2.6000000e+01   7.2717391e+00
   1.3297892e+03   3.0000000e+01   6.0000000e+01   5.6900000e+02   6.2000000e+01   3.1000000e+01   3.7166667e+01   1.5772727e+01   2.0000000e+00   6.0000000e+00   2.2000000e+01   7.7023810e+00
   1.1133961e+03   2.7000000e+01   6.0000000e+01   5.1800000e+02   6.0000000e+01   3.0000000e+01   3.5200000e+01   1.7350000e+01   2.0000000e+00   5.0000000e+00   2.0000000e+01   7.8717949e+00
   1.4749464e+03   3.2000000e+01   6.1000000e+01   5.4500000e+02   5.7000000e+01   2.8500000e+01   3.5666667e+01   1.4333333e+01   2.0000000e+00   6.0000000e+00   2.4000000e+01   7.6666667e+00
   1.5232887e+03   3.8000000e+01   6.5000000e+01   5.7200000e+02   5.5000000e+01   2.7500000e+01   3.1428571e+01   1.3241379e+01   2.0000000e+00   7.0000000e+00   2.9000000e+01   7.3163265e+00
   8.9934690e+02   3.1000000e+01   4.8000000e+01   4.6000000e+02   5.3000000e+01   2.6500000e+01   2.7625000e+01   1.1380952e+01   2.0000000e+00   8.0000000e+00   2.1000000e+01   7.7916667e+00
   1.5990154e+03   3.5000000e+01   6.5000000e+01   5.7200000e+02   5.7000000e+01   2.8500000e+01   3.3000000e+01   1.3846154e+01   2.0000000e+00   7.0000000e+00   2.6000000e+01   7.1382979e+00
   1.3935407e+03   3.0000000e+01   6.0000000e+01   5.4900000e+02   5.9000000e+01   2.9500000e+01   3.4833333e+01   1.5863636e+01   2.0000000e+00   6.0000000e+00   2.2000000e+01   7.5116279e+00
   1.3565597e+03   3.6000000e+01   5.7000000e+01   5.5500000e+02   5.5000000e+01   2.7500000e+01   3.4000000e+01   1.2296296e+01   2.0000000e+00   7.0000000e+00   2.7000000e+01   7.6111111e+00
   1.4571906e+03   3.6000000e+01   6.6000000e+01   5.6500000e+02   5.2000000e+01   2.6000000e+01   2.9857143e+01   1.4185185e+01   2.0000000e+00   7.0000000e+00   2.7000000e+01   7.1836735e+00
   1.5609404e+03   3.7000000e+01   5.9000000e+01   5.2200000e+02   5.6000000e+01   2.8000000e+01   3.0000000e+01   1.1678571e+01   2.0000000e+00   7.0000000e+00   2.8000000e+01   7.1777778e+00
   1.5130615e+03   4.4000000e+01   6.2000000e+01   5.5400000e+02   5.4000000e+01   2.7000000e+01   3.1875000e+01   9.5000000e+00   2.0000000e+00   8.0000000e+00   3.4000000e+01   7.0693069e+00
   1.4986881e+03   3.0000000e+01   5.1000000e+01   4.8100000e+02   5.3000000e+01   2.6500000e+01   2.8000000e+01   1.4095238e+01   2.0000000e+00   7.0000000e+00   2.1000000e+01   7.5526316e+00
   1.4945504e+03   2.9000000e+01   6.1000000e+01   5.9700000e+02   6.4000000e+01   3.2000000e+01   3.5666667e+01   1.8571429e+01   2.0000000e+00   6.0000000e+00   2.1000000e+01   8.1647059e+00
   1.7114374e+03   3.5000000e+01   6.1000000e+01   5.3500000e+02   5.6000000e+01   2.8000000e+01   3.0428571e+01   1.2884615e+01   2.0000000e+00   7.0000000e+00   2.6000000e+01   7.1777778e+00
   1.6449833e+03   3.5000000e+01   7.0000000e+01   5.8200000e+02   5.6000000e+01   2.8000000e+01   3.3000000e+01   1.4384615e+01   2.0000000e+00   7.0000000e+00   2.6000000e+01   7.2886598e+00
   1.1346258e+03   3.1000000e+01   5.1000000e+01   4.8900000e+02   5.7000000e+01   2.8500000e+01   2.8000000e+01   1.3181818e+01   2.0000000e+00   7.0000000e+00   2.2000000e+01   7.3116883e+00
   1.3171128e+03   3.3000000e+01   5.0000000e+01   4.7700000e+02   5.6000000e+01   2.8000000e+01   2.8571429e+01   1.1416667e+01   2.0000000e+00   7.0000000e+00   2.4000000e+01   7.5128205e+00
   1.2918094e+03   2.9000000e+01   5.7000000e+01   5.3700000e+02   5.8000000e+01   2.9000000e+01   3.6500000e+01   1.5285714e+01   2.0000000e+00   6.0000000e+00   2.1000000e+01   7.7654321e+00
   1.6355776e+03   4.7000000e+01   6.2000000e+01   5.4700000e+02   5.3000000e+01   2.6500000e+01   2.8111111e+01   8.9444444e+00   2.0000000e+00   9.0000000e+00   3.6000000e+01   6.7809524e+00
   1.6558965e+03   3.2000000e+01   6.6000000e+01   5.4100000e+02   6.1000000e+01   3.0500000e+01   2.9571429e+01   1.4956522e+01   2.0000000e+00   7.0000000e+00   2.3000000e+01   7.2777778e+00
   1.3201549e+03   3.1000000e+01   5.6000000e+01   5.1800000e+02   5.8000000e+01   2.9000000e+01   3.2400000e+01   1.4958333e+01   2.0000000e+00   5.0000000e+00   2.4000000e+01   7.5421687e+00
   1.3069277e+03   2.5000000e+01   5.0000000e+01   4.2000000e+02   5.4000000e+01   2.7000000e+01   2.9600000e+01   1.5222222e+01   2.0000000e+00   5.0000000e+00   1.8000000e+01   6.9130435e+00
   1.0305243e+03   2.7000000e+01   4.4000000e+01   4.4100000e+02   5.1000000e+01   2.5500000e+01   3.0200000e+01   1.4600000e+01   2.0000000e+00   5.0000000e+00   2.0000000e+01   7.9411765e+00
   1.3294838e+03   3.6000000e+01   6.1000000e+01   5.4800000e+02   5.3000000e+01   2.6500000e+01   3.4833333e+01   1.2928571e+01   2.0000000e+00   6.0000000e+00   2.8000000e+01   7.5274725e+00
   1.3121968e+03   3.8000000e+01   5.8000000e+01   5.5900000e+02   5.5000000e+01   2.7500000e+01   3.2428571e+01   1.1896552e+01   2.0000000e+00   7.0000000e+00   2.9000000e+01   7.5652174e+00
   1.1442185e+03   2.5000000e+01   5.3000000e+01   5.1700000e+02   6.1000000e+01   3.0500000e+01   3.4600000e+01   1.9111111e+01   2.0000000e+00   5.0000000e+00   1.8000000e+01   8.1200000e+00
   1.3363444e+03   3.2000000e+01   5.2000000e+01   4.4900000e+02   5.6000000e+01   2.8000000e+01   2.5125000e+01   1.1545455e+01   2.0000000e+00   8.0000000e+00   2.2000000e+01   7.0128205e+00
   1.7030969e+03   4.1000000e+01   6.0000000e+01   5.4500000e+02   5.4000000e+01   2.7000000e+01   2.9875000e+01   1.0387097e+01   2.0000000e+00   8.0000000e+00   3.1000000e+01   7.0543478e+00
   1.5489090e+03   3.4000000e+01   6.1000000e+01   5.4500000e+02   5.7000000e+01   2.8500000e+01   3.5166667e+01   1.3576923e+01   2.0000000e+00   6.0000000e+00   2.6000000e+01   7.3406593e+00
   1.5324847e+03   3.0000000e+01   6.0000000e+01   5.0500000e+02   6.1000000e+01   3.0500000e+01   3.3666667e+01   1.3818182e+01   2.0000000e+00   6.0000000e+00   2.2000000e+01   7.1481481e+00
   1.4503180e+03   3.2000000e+01   6.2000000e+01   5.2700000e+02   5.7000000e+01   2.8500000e+01   3.4333333e+01   1.4000000e+01   2.0000000e+00   6.0000000e+00   2.4000000e+01   7.1034483e+00
   1.1290053e+03   3.3000000e+01   4.8000000e+01   4.8300000e+02   5.1000000e+01   2.5500000e+01   3.1857143e+01   1.0958333e+01   2.0000000e+00   7.0000000e+00   2.4000000e+01   7.5600000e+00
   7.5495721e+02   2.6000000e+01   3.8000000e+01   3.5200000e+02   4.8000000e+01   2.4000000e+01   2.5166667e+01   1.0722222e+01   2.0000000e+00   6.0000000e+00   1.8000000e+01   7.2295082e+00
   1.3001138e+03   3.1000000e+01   4.6000000e+01   4.5100000e+02   5.8000000e+01   2.9000000e+01   2.4875000e+01   1.1571429e+01   2.0000000e+00   8.0000000e+00   2.1000000e+01   7.4246575e+00
   1.3125274e+03   3.2000000e+01   4.8000000e+01   4.6300000e+02   5.8000000e+01   2.9000000e+01   2.6571429e+01   1.1956522e+01   2.0000000e+00   7.0000000e+00   2.3000000e+01   7.3506494e+00
   1.2276238e+03   3.9000000e+01   5.5000000e+01   5.5400000e+02   5.2000000e+01   2.6000000e+01   3.3571429e+01   1.1066667e+01   2.0000000e+00   7.0000000e+00   3.0000000e+01   8.0898876e+00
   1.2704125e+03   3.3000000e+01   5.8000000e+01   5.7700000e+02   5.8000000e+01   2.9000000e+01   3.4428571e+01   1.4500000e+01   2.0000000e+00   7.0000000e+00   2.4000000e+01   8.2500000e+00
   1.4481784e+03   3.6000000e+01   6.4000000e+01   5.9700000e+02   5.7000000e+01   2.8500000e+01   3.4428571e+01   1.4000000e+01   2.0000000e+00   7.0000000e+00   2.7000000e+01   7.8865979e+00
   1.5831489e+03   3.3000000e+01   6.5000000e+01   5.8300000e+02   6.1000000e+01   3.0500000e+01   3.4142857e+01   1.5041667e+01   2.0000000e+00   7.0000000e+00   2.4000000e+01   7.5806452e+00
   1.0425667e+03   3.3000000e+01   5.0000000e+01   4.9300000e+02   5.6000000e+01   2.8000000e+01   2.9857143e+01   1.2125000e+01   2.0000000e+00   7.0000000e+00   2.4000000e+01   8.0684932e+00
   1.3457266e+03   3.3000000e+01   5.9000000e+01   5.2700000e+02   5.4000000e+01   2.7000000e+01   3.5500000e+01   1.3520000e+01   2.0000000e+00   6.0000000e+00   2.5000000e+01   7.5697674e+00
   1.2686496e+03   3.9000000e+01   5.8000000e+01   5.2100000e+02   5.3000000e+01   2.6500000e+01   2.8444444e+01   9.9642857e+00   2.0000000e+00   9.0000000e+00   2.8000000e+01   7.3846154e+00
   1.5846443e+03   3.5000000e+01   6.3000000e+01   5.4900000e+02   5.7000000e+01   2.8500000e+01   3.5833333e+01   1.2925926e+01   2.0000000e+00   6.0000000e+00   2.7000000e+01   7.3146067e+00
   1.4782525e+03   3.5000000e+01   6.0000000e+01   5.8000000e+02   5.6000000e+01   2.8000000e+01   3.5833333e+01   1.4000000e+01   2.0000000e+00   6.0000000e+00   2.7000000e+01   7.4555556e+00
   1.5193270e+03   3.3000000e+01   5.9000000e+01   5.1200000e+02   5.8000000e+01   2.9000000e+01   2.9857143e+01   1.3375000e+01   2.0000000e+00   7.0000000e+00   2.4000000e+01   7.1279070e+00
   1.3855762e+03   3.7000000e+01   5.6000000e+01   5.0700000e+02   5.3000000e+01   2.6500000e+01   2.6333333e+01   1.1076923e+01   2.0000000e+00   9.0000000e+00   2.6000000e+01   7.1882353e+00
   1.1842472e+03   3.0000000e+01   5.3000000e+01   4.9800000e+02   6.2000000e+01   3.1000000e+01   2.7142857e+01   1.4428571e+01   2.0000000e+00   7.0000000e+00   2.1000000e+01   7.4605263e+00
   1.2503816e+03   2.9000000e+01   5.0000000e+01   5.2000000e+02   6.0000000e+01   3.0000000e+01   3.1333333e+01   1.5619048e+01   2.0000000e+00   6.0000000e+00   2.1000000e+01   8.0394737e+00
