   1.4105334e+03   4.8000000e+01   7.6000000e+01   4.8300000e+02   5.0000000e+01   2.5000000e+01   2.6444444e+01   7.5945946e+00   2.0000000e+00   9.0000000e+00   3.7000000e+01   5.0267857e+00
   1.8867960e+03   4.5000000e+01   7.0000000e+01   3.9000000e+02   4.1000000e+01   2.0500000e+01   2.3500000e+01   6.9142857e+00   2.0000000e+00   8.0000000e+00   3.5000000e+01   4.4018692e+00
   2.2014787e+03   5.1000000e+01   7.8000000e+01   4.4900000e+02   4.7000000e+01   2.3500000e+01   2.4500000e+01   6.3333333e+00   2.0000000e+00   1.0000000e+01   3.9000000e+01   4.4960000e+00
   1.8891745e+03   4.6000000e+01   6.7000000e+01   3.8900000e+02   4.8000000e+01   2.4000000e+01   2.3111111e+01   6.0000000e+00   2.0000000e+00   9.0000000e+00   3.5000000e+01   4.3009709e+00
   2.0041967e+03   4.1000000e+01   8.7000000e+01   4.9100000e+02   5.1000000e+01   2.5500000e+01   2.6250000e+01   1.0354839e+01   2.0000000e+00   8.0000000e+00   3.1000000e+01   4.7416667e+00
   1.8678226e+03   4.6000000e+01   7.3000000e+01   4.3100000e+02   4.7000000e+01   2.3500000e+01   1.9181818e+01   7.6666667e+00   2.0000000e+00   1.1000000e+01   3.3000000e+01   4.5887850e+00
   2.2280622e+03   4.9000000e+01   7.4000000e+01   4.5700000e+02   4.5000000e+01   2.2500000e+01   2.5333333e+01   6.9210526e+00   2.0000000e+00   9.0000000e+00   3.8000000e+01   4.6186441e+00
   1.8556166e+03   3.9000000e+01   6.7000000e+01   3.7600000e+02   4.8000000e+01   2.4000000e+01   2.3428571e+01   7.9666667e+00   2.0000000e+00   7.0000000e+00   3.0000000e+01   4.5312500e+00
   1.6907802e+03   4.6000000e+01   7.3000000e+01   4.1800000e+02   4.7000000e+01   2.3500000e+01   2.3800000e+01   6.5882353e+00   2.0000000e+00   1.0000000e+01   3.4000000e+01   4.6727273e+00
   1.6978199e+03   3.9000000e+01   6.3000000e+01   3.7600000e+02   4.8000000e+01   2.4000000e+01   2.0555556e+01   7.6785714e+00   2.0000000e+00   9.0000000e+00   2.8000000e+01   4.5510204e+00
   2.3876056e+03   4.9000000e+01   8.2000000e+01   4.7100000e+02   4.7000000e+01   2.3500000e+01   2.8625000e+01   7.3589744e+00   2.0000000e+00   8.0000000e+00   3.9000000e+01   4.5655738e+00
   1.9659102e+03   4.5000000e+01   7.5000000e+01   4.4200000e+02   5.0000000e+01   2.5000000e+01   2.8375000e+01   7.1714286e+00   2.0000000e+00   8.0000000e+00   3.5000000e+01   4.6216216e+00
   2.0148137e+03   5.1000000e+01   9.3000000e+01   5.1900000e+02   5.0000000e+01   2.5000000e+01   2.6666667e+01   8.5250000e+00   2.0000000e+00   9.0000000e+00   4.0000000e+01   4.6370370e+00
   1.2952443e+03   4.4000000e+01   6.4000000e+01   4.2800000e+02   4.6000000e+01   2.3000000e+01   2.6750000e+01   7.1176471e+00   2.0000000e+00   8.0000000e+00   3.4000000e+01   4.8888889e+00
   1.9091804e+03   3.6000000e+01   5.5000000e+01   3.2100000e+02   4.7000000e+01   2.3500000e+01   1.9000000e+01   7.1538462e+00   2.0000000e+00   8.0000000e+00   2.6000000e+01   4.3448276e+00
   1.9405309e+03   4.9000000e+01   7.6000000e+01   4.5700000e+02   4.7000000e+01   2.3500000e+01   2.6750000e+01   7.3589744e+00   2.0000000e+00   8.0000000e+00   3.9000000e+01   4.6000000e+00
   2.0383980e+03   5.0000000e+01   7.9000000e+01   4.7000000e+02   4.9000000e+01   2.4500000e+01   2.1000000e+01   7.7894737e+00   2.0000000e+00   1.0000000e+01   3.8000000e+01   4.4958678e+00
   1.8764843e+03   4.9000000e+01   7.7000000e+01   4.5500000e+02   5.0000000e+01   2.5000000e+01   2.5333333e+01   6.9736842e+00   2.0000000e+00   9.0000000e+00   3.8000000e+01   4.6034483e+00
   1.7301359e+03   5.1000000e+01   7.5000000e+01   4.4700000e+02   5.1000000e+01   2.5500000e+01   2.4300000e+01   6.0256410e+00   2.0000000e+00   1.0000000e+01   3.9000000e+01   4.5126050e+00
   2.0840752e+03   5.0000000e+01   7.2000000e+01   4.3800000e+02   4.5000000e+01   2.2500000e+01   2.6444444e+01   6.1794872e+00   2.0000000e+00   9.0000000e+00   3.9000000e+01   4.3793103e+00
   2.4088762e+03   4.9000000e+01   9.0000000e+01   5.1000000e+02   4.8000000e+01   2.4000000e+01   2.8375000e+01   8.6666667e+00   2.0000000e+00   8.0000000e+00   3.9000000e+01   4.4812030e+00
   1.6486768e+03   4.2000000e+01   6.9000000e+01   3.9600000e+02   4.9000000e+01   2.4500000e+01   2.1555556e+01   7.2903226e+00   2.0000000e+00   9.0000000e+00   3.1000000e+01   4.5392157e+00
   1.8617389e+03   4.7000000e+01   6.8000000e+01   4.1500000e+02   4.8000000e+01   2.4000000e+01   2.1700000e+01   6.4000000e+00   2.0000000e+00   1.0000000e+01   3.5000000e+01   4.5566038e+00
   1.9750097e+03   4.3000000e+01   7.4000000e+01   4.2400000e+02   4.7000000e+01   2.3500000e+01   2.1666667e+01   8.1250000e+00   2.0000000e+00   9.0000000e+00   3.2000000e+01   4.3928571e+00
   1.6999500e+03   4.3000000e+01   6.4000000e+01   3.8800000e+02   4.8000000e+01   2.4000000e+01   2.4250000e+01   6.5151515e+00   2.0000000e+00   8.0000000e+00   3.3000000e+01   4.5900000e+00
   2.4731695e+03   4.7000000e+01   8.7000000e+01   4.6800000e+02   5.0000000e+01   2.5000000e+01   2.5375000e+01   8.6486486e+00   2.0000000e+00   8.0000000e+00   3.7000000e+01   4.5630252e+00
   2.0365741e+03   5.1000000e+01   8.5000000e+01   4.7600000e+02   4.7000000e+01   2.3500000e+01   2.5111111e+01   7.7500000e+00   2.0000000e+00   9.0000000e+00   4.0000000e+01   4.7024793e+00
   1.5407150e+03   3.8000000e+01   7.0000000e+01   3.8400000e+02   4.2000000e+01   2.1000000e+01   2.5571429e+01   8.1724138e+00   2.0000000e+00   7.0000000e+00   2.9000000e+01   4.4574468e+00
   1.9807245e+03   5.0000000e+01   6.7000000e+01   4.0000000e+02   4.8000000e+01   2.4000000e+01   2.3000000e+01   6.0000000e+00   2.0000000e+00   9.0000000e+00   3.9000000e+01   4.3577982e+00
   1.4461539e+03   3.7000000e+01   5.8000000e+01   3.6600000e+02   4.8000000e+01   2.4000000e+01   1.9625000e+01   8.2962963e+00   2.0000000e+00   8.0000000e+00   2.7000000e+01   4.6923077e+00
   1.8629167e+03   4.9000000e+01   7.3000000e+01   4.4500000e+02   5.0000000e+01   2.5000000e+01   2.3100000e+01   6.5675676e+00   2.0000000e+00   1.0000000e+01   3.7000000e+01   4.5945946e+00
   1.9198526e+03   4.5000000e+01   7.7000000e+01   4.5600000e+02   5.1000000e+01   2.5500000e+01   2.5875000e+01   8.0571429e+00   2.0000000e+00   8.0000000e+00   3.5000000e+01   4.6727273e+00
   2.1106598e+03   4.9000000e+01   8.1000000e+01   4.6500000e+02   4.7000000e+01   2.3500000e+01   2.3222222e+01   8.1315789e+00   2.0000000e+00   9.0000000e+00   3.8000000e+01   4.5934959e+00
   1.8293405e+03   5.2000000e+01   7.1000000e+01   4.4700000e+02   4.6000000e+01   2.3000000e+01   2.7000000e+01   5.9512195e+00   2.0000000e+00   9.0000000e+00   4.1000000e+01   4.6696429e+00
   1.8028281e+03   4.3000000e+01   6.4000000e+01   3.8500000e+02   4.9000000e+01   2.4500000e+01   1.9888889e+01   7.1562500e+00   2.0000000e+00   9.0000000e+00   3.2000000e+01   4.3861386e+00
   2.5767854e+03   4.1000000e+01   8.0000000e+01   4.4700000e+02   5.3000000e+01   2.6500000e+01   2.3750000e+01   9.3870968e+00   2.0000000e+00   8.0000000e+00   3.1000000e+01   4.3391304e+00
   1.6309364e+03   4.9000000e+01   6.7000000e+01   4.2400000e+02   4.6000000e+01   2.3000000e+01   2.1636364e+01   5.9722222e+00   2.0000000e+00   1.1000000e+01   3.6000000e+01   4.6666667e+00
   0.0000000e+00   0.0000000e+00   0.0000000e+00   0.0000000e+00   0.0000000e+00   0.0000000e+00   0.0000000e+00   0.0000000e+00   0.0000000e+00   0.0000000e+00   0.0000000e+00   0.0000000e+00
   0.0000000e+00   0.0000000e+00   0.0000000e+00   0.0000000e+00   0.0000000e+00   0.0000000e+00   0.0000000e+00   0.0000000e+00   0.0000000e+00   0.0000000e+00   0.0000000e+00   0.0000000e+00
   1.3621840e+03   5.1000000e+01   6.7000000e+01   4.8900000e+02   4.8000000e+01   2.4000000e+01   2.4600000e+01   6.8974359e+00   2.0000000e+00   1.0000000e+01   3.9000000e+01   5.1454545e+00
   1.7676541e+03   5.0000000e+01   7.4000000e+01   4.5600000e+02   4.8000000e+01   2.4000000e+01   2.2600000e+01   6.9736842e+00   2.0000000e+00   1.0000000e+01   3.8000000e+01   4.5826087e+00
   1.7621332e+03   4.3000000e+01   6.9000000e+01   4.1300000e+02   4.9000000e+01   2.4500000e+01   2.2444444e+01   7.4062500e+00   2.0000000e+00   9.0000000e+00   3.2000000e+01   4.6470588e+00
   1.6596203e+03   4.6000000e+01   6.7000000e+01   4.2300000e+02   4.6000000e+01   2.3000000e+01   2.2777778e+01   7.1714286e+00   2.0000000e+00   9.0000000e+00   3.5000000e+01   4.7358491e+00
   2.3600609e+03   4.3000000e+01   8.2000000e+01   4.4400000e+02   5.1000000e+01   2.5500000e+01   2.9000000e+01   8.5000000e+00   2.0000000e+00   7.0000000e+00   3.4000000e+01   4.4000000e+00
   2.3998133e+03   5.0000000e+01   9.1000000e+01   5.2300000e+02   4.7000000e+01   2.3500000e+01   2.7888889e+01   8.3076923e+00   2.0000000e+00   9.0000000e+00   3.9000000e+01   4.5846154e+00
   2.0823973e+03   5.0000000e+01   8.1000000e+01   4.7100000e+02   4.7000000e+01   2.3500000e+01   2.4777778e+01   7.4871795e+00   2.0000000e+00   9.0000000e+00   3.9000000e+01   4.6363636e+00
   1.9128776e+03   4.3000000e+01   7.2000000e+01   4.3000000e+02   4.9000000e+01   2.4500000e+01   2.4750000e+01   8.6363636e+00   2.0000000e+00   8.0000000e+00   3.3000000e+01   4.8018868e+00
   1.9168838e+03   4.9000000e+01   7.6000000e+01   4.5000000e+02   4.7000000e+01   2.3500000e+01   2.0272727e+01   7.3055556e+00   2.0000000e+00   1.1000000e+01   3.6000000e+01   4.5083333e+00
   1.3243277e+03   3.6000000e+01   5.9000000e+01   3.6200000e+02   5.0000000e+01   2.5000000e+01   1.9333333e+01   8.0400000e+00   2.0000000e+00   9.0000000e+00   2.5000000e+01   4.6516854e+00
   2.2213263e+03   6.1000000e+01   7.9000000e+01   5.1700000e+02   4.7000000e+01   2.3500000e+01   2.7400000e+01   5.8367347e+00   2.0000000e+00   1.0000000e+01   4.9000000e+01   4.6315789e+00
   1.5557264e+03   5.0000000e+01   6.7000000e+01   4.1100000e+02   4.7000000e+01   2.3500000e+01   2.3888889e+01   6.0256410e+00   2.0000000e+00   9.0000000e+00   3.9000000e+01   4.5135135e+00
   2.2731478e+03   5.5000000e+01   8.4000000e+01   5.1800000e+02   4.8000000e+01   2.4000000e+01   2.5900000e+01   7.1627907e+00   2.0000000e+00   1.0000000e+01   4.3000000e+01   4.6153846e+00
   1.3495560e+03   4.1000000e+01   5.8000000e+01   3.8100000e+02   4.8000000e+01   2.4000000e+01   2.4500000e+01   6.3225806e+00   2.0000000e+00   8.0000000e+00   3.1000000e+01   4.6236559e+00
   1.6662551e+03   4.5000000e+01   7.3000000e+01   4.2700000e+02   5.0000000e+01   2.5000000e+01   2.3333333e+01   7.2647059e+00   2.0000000e+00   9.0000000e+00   3.4000000e+01   4.4594595e+00
   2.1437401e+03   4.8000000e+01   7.7000000e+01   4.7100000e+02   5.0000000e+01   2.5000000e+01   2.6000000e+01   7.8157895e+00   2.0000000e+00   8.0000000e+00   3.8000000e+01   4.6410256e+00
   2.2107364e+03   5.7000000e+01   8.4000000e+01   5.0600000e+02   4.8000000e+01   2.4000000e+01   2.4800000e+01   6.7555556e+00   2.0000000e+00   1.0000000e+01   4.5000000e+01   4.5185185e+00
   1.7926310e+03   2.3000000e+01   6.8000000e+01   3.4300000e+02   4.3000000e+01   5.0000000e+00   4.2000000e+01   1.6631579e+01   2.0000000e+00   2.0000000e+00   1.9000000e+01   4.5357143e+00
   1.0710023e+03   3.6000000e+01   4.7000000e+01   3.2300000e+02   4.5000000e+01   2.2500000e+01   1.7555556e+01   6.7200000e+00   2.0000000e+00   9.0000000e+00   2.5000000e+01   4.8076923e+00
   1.8978008e+03   4.7000000e+01   7.2000000e+01   4.3200000e+02   5.1000000e+01   2.5500000e+01   2.6000000e+01   6.9189189e+00   2.0000000e+00   8.0000000e+00   3.7000000e+01   4.5765766e+00
   2.2832525e+03   5.1000000e+01   8.5000000e+01   4.9300000e+02   4.7000000e+01   2.3500000e+01   2.5333333e+01   7.7000000e+00   2.0000000e+00   9.0000000e+00   4.0000000e+01   4.5289256e+00
   1.2715323e+03   4.0000000e+01   6.0000000e+01   3.5900000e+02   4.3000000e+01   2.1500000e+01   2.1250000e+01   7.0333333e+00   2.0000000e+00   8.0000000e+00   3.0000000e+01   4.6263736e+00
   2.1344119e+03   5.1000000e+01   8.5000000e+01   5.3700000e+02   5.1000000e+01   2.5500000e+01   2.7555556e+01   8.1750000e+00   2.0000000e+00   9.0000000e+00   4.0000000e+01   4.7829457e+00
   1.7001464e+03   3.7000000e+01   6.6000000e+01   4.0300000e+02   4.8000000e+01   2.4000000e+01   2.3125000e+01   8.8148148e+00   2.0000000e+00   8.0000000e+00   2.7000000e+01   4.7263158e+00
   1.8015248e+03   4.2000000e+01   6.7000000e+01   4.0700000e+02   5.1000000e+01   2.5500000e+01   2.1000000e+01   8.0625000e+00   2.0000000e+00   8.0000000e+00   3.2000000e+01   4.5631068e+00
   1.1887302e+03   3.4000000e+01   5.2000000e+01   3.3700000e+02   4.8000000e+01   2.4000000e+01   1.8375000e+01   8.2083333e+00   2.0000000e+00   8.0000000e+00   2.4000000e+01   4.5316456e+00
   2.0927409e+03   4.9000000e+01   8.0000000e+01   4.6300000e+02   4.9000000e+01   2.4500000e+01   2.2900000e+01   7.3243243e+00   2.0000000e+00   1.0000000e+01   3.7000000e+01   4.5338983e+00
   2.0301323e+03   6.0000000e+01   8.2000000e+01   5.0200000e+02   4.6000000e+01   2.3000000e+01   2.5800000e+01   6.0208333e+00   2.0000000e+00   1.0000000e+01   4.8000000e+01   4.5151515e+00
   2.1193457e+03   4.9000000e+01   8.2000000e+01   4.9600000e+02   4.9000000e+01   2.4500000e+01   2.5444444e+01   8.0789474e+00   2.0000000e+00   9.0000000e+00   3.8000000e+01   4.7190083e+00
   1.3004362e+03   4.0000000e+01   5.6000000e+01   3.2700000e+02   4.6000000e+01   2.3000000e+01   2.0555556e+01   5.3448276e+00   2.0000000e+00   9.0000000e+00   2.9000000e+01   4.6629213e+00
   2.1920411e+03   5.0000000e+01   8.3000000e+01   4.8600000e+02   5.0000000e+01   2.5000000e+01   2.5555556e+01   7.6666667e+00   2.0000000e+00   9.0000000e+00   3.9000000e+01   4.5853659e+00
   2.0334111e+03   5.1000000e+01   7.8000000e+01   4.6300000e+02   4.6000000e+01   2.3000000e+01   2.6111111e+01   6.9000000e+00   2.0000000e+00   9.0000000e+00   4.0000000e+01   4.5901639e+00
   2.1554288e+03   4.4000000e+01   7.3000000e+01   4.2600000e+02   4.8000000e+01   2.4000000e+01   2.3625000e+01   8.1176471e+00   2.0000000e+00   8.0000000e+00   3.4000000e+01   4.5462963e+00
   1.4830727e+03   4.5000000e+01   8.0000000e+01   4.5900000e+02   5.0000000e+01   2.5000000e+01   2.4333333e+01   8.4117647e+00   2.0000000e+00   9.0000000e+00   3.4000000e+01   4.7894737e+00
   1.9546007e+03   4.5000000e+01   7.7000000e+01   4.2900000e+02   4.8000000e+01   2.4000000e+01   2.2375000e+01   8.2857143e+00   2.0000000e+00   8.0000000e+00   3.5000000e+01   4.4561404e+00
   2.1548386e+03   4.6000000e+01   7.9000000e+01   4.2300000e+02   5.1000000e+01   2.5500000e+01   2.5875000e+01   7.1388889e+00   2.0000000e+00   8.0000000e+00   3.6000000e+01   4.4594595e+00
   1.8839782e+03   4.8000000e+01   7.4000000e+01   4.7500000e+02   5.2000000e+01   2.6000000e+01   2.5444444e+01   7.4864865e+00   2.0000000e+00   9.0000000e+00   3.7000000e+01   4.8672566e+00
   1.8669101e+03   4.5000000e+01   7.2000000e+01   4.1300000e+02   4.8000000e+01   2.4000000e+01   2.2222222e+01   6.9705882e+00   2.0000000e+00   9.0000000e+00   3.4000000e+01   4.4636364e+00
   1.8459990e+03   5.0000000e+01   7.5000000e+01   4.4100000e+02   4.5000000e+01   2.2500000e+01   2.5375000e+01   7.1000000e+00   2.0000000e+00   8.0000000e+00   4.0000000e+01   4.5130435e+00
   1.9644264e+03   4.6000000e+01   7.3000000e+01   4.1700000e+02   4.8000000e+01   2.4000000e+01   2.3666667e+01   7.0285714e+00   2.0000000e+00   9.0000000e+00   3.5000000e+01   4.5727273e+00
   1.9533884e+03   4.9000000e+01   8.5000000e+01   4.8100000e+02   4.9000000e+01   2.4500000e+01   2.3222222e+01   8.5000000e+00   2.0000000e+00   9.0000000e+00   3.8000000e+01   4.6299213e+00
   1.3638778e+03   3.6000000e+01   5.5000000e+01   3.1300000e+02   4.3000000e+01   2.1500000e+01   1.8375000e+01   6.9615385e+00   2.0000000e+00   8.0000000e+00   2.6000000e+01   4.3294118e+00
   1.2313613e+03   3.8000000e+01   6.2000000e+01   3.9000000e+02   4.5000000e+01   2.2500000e+01   2.3571429e+01   8.5862069e+00   2.0000000e+00   7.0000000e+00   2.9000000e+01   4.7553191e+00
   1.8877286e+03   5.2000000e+01   7.9000000e+01   4.6700000e+02   4.9000000e+01   2.4500000e+01   2.2363636e+01   6.7435897e+00   2.0000000e+00   1.1000000e+01   3.9000000e+01   4.5950413e+00
   1.9259674e+03   4.9000000e+01   7.8000000e+01   4.2200000e+02   4.6000000e+01   2.3000000e+01   2.0800000e+01   6.7837838e+00   2.0000000e+00   1.0000000e+01   3.7000000e+01   4.4821429e+00
   1.8085979e+03   4.2000000e+01   6.6000000e+01   3.8400000e+02   4.7000000e+01   2.3500000e+01   2.6125000e+01   6.2187500e+00   2.0000000e+00   8.0000000e+00   3.2000000e+01   4.4949495e+00
   1.7577000e+03   5.2000000e+01   7.9000000e+01   5.1800000e+02   5.0000000e+01   2.5000000e+01   2.7333333e+01   7.6097561e+00   2.0000000e+00   9.0000000e+00   4.1000000e+01   4.7723577e+00
   2.3947603e+03   5.0000000e+01   9.4000000e+01   5.4700000e+02   5.1000000e+01   2.5500000e+01   2.7888889e+01   8.8717949e+00   2.0000000e+00   9.0000000e+00   3.9000000e+01   4.6268657e+00
   2.0612094e+03   5.0000000e+01   7.0000000e+01   4.4100000e+02   5.0000000e+01   2.5000000e+01   2.2100000e+01   6.4736842e+00   2.0000000e+00   1.0000000e+01   3.8000000e+01   4.5789474e+00
   1.8849321e+03   4.5000000e+01   8.3000000e+01   4.8100000e+02   4.9000000e+01   2.4500000e+01   2.8375000e+01   8.6000000e+00   2.0000000e+00   8.0000000e+00   3.5000000e+01   4.8070175e+00
   1.8002221e+03   4.7000000e+01   7.4000000e+01   4.5000000e+02   4.9000000e+01   2.4500000e+01   2.3000000e+01   7.7500000e+00   2.0000000e+00   9.0000000e+00   3.6000000e+01   4.6756757e+00
   1.6343121e+03   4.3000000e+01   6.9000000e+01   4.2900000e+02   4.9000000e+01   2.4500000e+01   2.3555556e+01   7.5625000e+00   2.0000000e+00   9.0000000e+00   3.2000000e+01   4.7019231e+00
   1.3133245e+03   4.2000000e+01   6.7000000e+01   3.9700000e+02   4.7000000e+01   2.3500000e+01   2.4125000e+01   7.1875000e+00   2.0000000e+00   8.0000000e+00   3.2000000e+01   4.6000000e+00
   2.0620566e+03   4.8000000e+01   6.4000000e+01   4.0900000e+02   4.6000000e+01   2.3000000e+01   2.0800000e+01   6.3611111e+00   2.0000000e+00   1.0000000e+01   3.6000000e+01   4.5576923e+00
   2.3059605e+03   4.8000000e+01   8.1000000e+01   4.9100000e+02   5.1000000e+01   2.5500000e+01   2.3500000e+01   8.3055556e+00   2.0000000e+00   1.0000000e+01   3.6000000e+01   4.6639344e+00
   2.2127501e+03   4.6000000e+01   7.4000000e+01   4.2100000e+02   4.9000000e+01   2.4500000e+01   2.4333333e+01   7.1142857e+00   2.0000000e+00   9.0000000e+00   3.5000000e+01   4.4159292e+00
   2.9309832e+03   4.9000000e+01   9.3000000e+01   5.0800000e+02   5.1000000e+01   2.5500000e+01   2.8625000e+01   8.8974359e+00   2.0000000e+00   8.0000000e+00   3.9000000e+01   4.5939850e+00
   1.9124989e+03   4.6000000e+01   7.3000000e+01   4.5900000e+02   5.0000000e+01   2.5000000e+01   2.4555556e+01   7.6000000e+00   2.0000000e+00   9.0000000e+00   3.5000000e+01   4.7297297e+00
   2.0455694e+03   4.9000000e+01   7.7000000e+01   4.5700000e+02   5.1000000e+01   2.5500000e+01   2.3500000e+01   7.1891892e+00   2.0000000e+00   1.0000000e+01   3.7000000e+01   4.6752137e+00
   1.5186135e+03   4.3000000e+01   7.3000000e+01   4.2800000e+02   5.0000000e+01   2.5000000e+01   2.6125000e+01   7.6666667e+00   2.0000000e+00   8.0000000e+00   3.3000000e+01   4.6698113e+00
   2.0056352e+03   5.1000000e+01   7.6000000e+01   4.6100000e+02   4.8000000e+01   2.4000000e+01   2.6111111e+01   6.7750000e+00   2.0000000e+00   9.0000000e+00   4.0000000e+01   4.4833333e+00
