   0.0000000e+00   0.0000000e+00   0.0000000e+00   0.0000000e+00   0.0000000e+00   0.0000000e+00   0.0000000e+00   0.0000000e+00   0.0000000e+00   0.0000000e+00   0.0000000e+00   0.0000000e+00
   0.0000000e+00   0.0000000e+00   0.0000000e+00   0.0000000e+00   0.0000000e+00   0.0000000e+00   0.0000000e+00   0.0000000e+00   0.0000000e+00   0.0000000e+00   0.0000000e+00   0.0000000e+00
   0.0000000e+00   0.0000000e+00   0.0000000e+00   0.0000000e+00   0.0000000e+00   0.0000000e+00   0.0000000e+00   0.0000000e+00   0.0000000e+00   0.0000000e+00   0.0000000e+00   0.0000000e+00
   0.0000000e+00   0.0000000e+00   0.0000000e+00   0.0000000e+00   0.0000000e+00   0.0000000e+00   0.0000000e+00   0.0000000e+00   0.0000000e+00   0.0000000e+00   0.0000000e+00   0.0000000e+00
   0.0000000e+00   0.0000000e+00   0.0000000e+00   0.0000000e+00   0.0000000e+00   0.0000000e+00   0.0000000e+00   0.0000000e+00   0.0000000e+00   0.0000000e+00   0.0000000e+00   0.0000000e+00
   0.0000000e+00   0.0000000e+00   0.0000000e+00   0.0000000e+00   0.0000000e+00   0.0000000e+00   0.0000000e+00   0.0000000e+00   0.0000000e+00   0.0000000e+00   0.0000000e+00   0.0000000e+00
   0.0000000e+00   0.0000000e+00   0.0000000e+00   0.0000000e+00   0.0000000e+00   0.0000000e+00   0.0000000e+00   0.0000000e+00   0.0000000e+00   0.0000000e+00   0.0000000e+00   0.0000000e+00
   0.0000000e+00   0.0000000e+00   0.0000000e+00   0.0000000e+00   0.0000000e+00   0.0000000e+00   0.0000000e+00   0.0000000e+00   0.0000000e+00   0.0000000e+00   0.0000000e+00   0.0000000e+00
   0.0000000e+00   0.0000000e+00   0.0000000e+00   0.0000000e+00   0.0000000e+00   0.0000000e+00   0.0000000e+00   0.0000000e+00   0.0000000e+00   0.0000000e+00   0.0000000e+00   0.0000000e+00
   0.0000000e+00   0.0000000e+00   0.0000000e+00   0.0000000e+00   0.0000000e+00   0.0000000e+00   0.0000000e+00   0.0000000e+00   0.0000000e+00   0.0000000e+00   0.0000000e+00   0.0000000e+00
   0.0000000e+00   0.0000000e+00   0.0000000e+00   0.0000000e+00   0.0000000e+00   0.0000000e+00   0.0000000e+00   0.0000000e+00   0.0000000e+00   0.0000000e+00   0.0000000e+00   0.0000000e+00
   0.0000000e+00   0.0000000e+00   0.0000000e+00   0.0000000e+00   0.0000000e+00   0.0000000e+00   0.0000000e+00   0.0000000e+00   0.0000000e+00   0.0000000e+00   0.0000000e+00   0.0000000e+00
   0.0000000e+00   0.0000000e+00   0.0000000e+00   0.0000000e+00   0.0000000e+00   0.0000000e+00   0.0000000e+00   0.0000000e+00   0.0000000e+00   0.0000000e+00   0.0000000e+00   0.0000000e+00
   0.0000000e+00   0.0000000e+00   0.0000000e+00   0.0000000e+00   0.0000000e+00   0.0000000e+00   0.0000000e+00   0.0000000e+00   0.0000000e+00   0.0000000e+00   0.0000000e+00   0.0000000e+00
   0.0000000e+00   0.0000000e+00   0.0000000e+00   0.0000000e+00   0.0000000e+00   0.0000000e+00   0.0000000e+00   0.0000000e+00   0.0000000e+00   0.0000000e+00   0.0000000e+00   0.0000000e+00
   0.0000000e+00   0.0000000e+00   0.0000000e+00   0.0000000e+00   0.0000000e+00   0.0000000e+00   0.0000000e+00   0.0000000e+00   0.0000000e+00   0.0000000e+00   0.0000000e+00   0.0000000e+00
   0.0000000e+00   0.0000000e+00   0.0000000e+00   0.0000000e+00   0.0000000e+00   0.0000000e+00   0.0000000e+00   0.0000000e+00   0.0000000e+00   0.0000000e+00   0.0000000e+00   0.0000000e+00
   0.0000000e+00   0.0000000e+00   0.0000000e+00   0.0000000e+00   0.0000000e+00   0.0000000e+00   0.0000000e+00   0.0000000e+00   0.0000000e+00   0.0000000e+00   0.0000000e+00   0.0000000e+00
   0.0000000e+00   0.0000000e+00   0.0000000e+00   0.0000000e+00   0.0000000e+00   0.0000000e+00   0.0000000e+00   0.0000000e+00   0.0000000e+00   0.0000000e+00   0.0000000e+00   0.0000000e+00
   0.0000000e+00   0.0000000e+00   0.0000000e+00   0.0000000e+00   0.0000000e+00   0.0000000e+00   0.0000000e+00   0.0000000e+00   0.0000000e+00   0.0000000e+00   0.0000000e+00   0.0000000e+00
   0.0000000e+00   0.0000000e+00   0.0000000e+00   0.0000000e+00   0.0000000e+00   0.0000000e+00   0.0000000e+00   0.0000000e+00   0.0000000e+00   0.0000000e+00   0.0000000e+00   0.0000000e+00
   0.0000000e+00   0.0000000e+00   0.0000000e+00   0.0000000e+00   0.0000000e+00   0.0000000e+00   0.0000000e+00   0.0000000e+00   0.0000000e+00   0.0000000e+00   0.0000000e+00   0.0000000e+00
   0.0000000e+00   0.0000000e+00   0.0000000e+00   0.0000000e+00   0.0000000e+00   0.0000000e+00   0.0000000e+00   0.0000000e+00   0.0000000e+00   0.0000000e+00   0.0000000e+00   0.0000000e+00
   0.0000000e+00   0.0000000e+00   0.0000000e+00   0.0000000e+00   0.0000000e+00   0.0000000e+00   0.0000000e+00   0.0000000e+00   0.0000000e+00   0.0000000e+00   0.0000000e+00   0.0000000e+00
   0.0000000e+00   0.0000000e+00   0.0000000e+00   0.0000000e+00   0.0000000e+00   0.0000000e+00   0.0000000e+00   0.0000000e+00   0.0000000e+00   0.0000000e+00   0.0000000e+00   0.0000000e+00
   0.0000000e+00   0.0000000e+00   0.0000000e+00   0.0000000e+00   0.0000000e+00   0.0000000e+00   0.0000000e+00   0.0000000e+00   0.0000000e+00   0.0000000e+00   0.0000000e+00   0.0000000e+00
   0.0000000e+00   0.0000000e+00   0.0000000e+00   0.0000000e+00   0.0000000e+00   0.0000000e+00   0.0000000e+00   0.0000000e+00   0.0000000e+00   0.0000000e+00   0.0000000e+00   0.0000000e+00
   0.0000000e+00   0.0000000e+00   0.0000000e+00   0.0000000e+00   0.0000000e+00   0.0000000e+00   0.0000000e+00   0.0000000e+00   0.0000000e+00   0.0000000e+00   0.0000000e+00   0.0000000e+00
   0.0000000e+00   0.0000000e+00   0.0000000e+00   0.0000000e+00   0.0000000e+00   0.0000000e+00   0.0000000e+00   0.0000000e+00   0.0000000e+00   0.0000000e+00   0.0000000e+00   0.0000000e+00
   0.0000000e+00   0.0000000e+00   0.0000000e+00   0.0000000e+00   0.0000000e+00   0.0000000e+00   0.0000000e+00   0.0000000e+00   0.0000000e+00   0.0000000e+00   0.0000000e+00   0.0000000e+00
   0.0000000e+00   0.0000000e+00   0.0000000e+00   0.0000000e+00   0.0000000e+00   0.0000000e+00   0.0000000e+00   0.0000000e+00   0.0000000e+00   0.0000000e+00   0.0000000e+00   0.0000000e+00
   0.0000000e+00   0.0000000e+00   0.0000000e+00   0.0000000e+00   0.0000000e+00   0.0000000e+00   0.0000000e+00   0.0000000e+00   0.0000000e+00   0.0000000e+00   0.0000000e+00   0.0000000e+00
   0.0000000e+00   0.0000000e+00   0.0000000e+00   0.0000000e+00   0.0000000e+00   0.0000000e+00   0.0000000e+00   0.0000000e+00   0.0000000e+00   0.0000000e+00   0.0000000e+00   0.0000000e+00
   0.0000000e+00   0.0000000e+00   0.0000000e+00   0.0000000e+00   0.0000000e+00   0.0000000e+00   0.0000000e+00   0.0000000e+00   0.0000000e+00   0.0000000e+00   0.0000000e+00   0.0000000e+00
   0.0000000e+00   0.0000000e+00   0.0000000e+00   0.0000000e+00   0.0000000e+00   0.0000000e+00   0.0000000e+00   0.0000000e+00   0.0000000e+00   0.0000000e+00   0.0000000e+00   0.0000000e+00
   0.0000000e+00   0.0000000e+00   0.0000000e+00   0.0000000e+00   0.0000000e+00   0.0000000e+00   0.0000000e+00   0.0000000e+00   0.0000000e+00   0.0000000e+00   0.0000000e+00   0.0000000e+00
   0.0000000e+00   0.0000000e+00   0.0000000e+00   0.0000000e+00   0.0000000e+00   0.0000000e+00   0.0000000e+00   0.0000000e+00   0.0000000e+00   0.0000000e+00   0.0000000e+00   0.0000000e+00
   0.0000000e+00   0.0000000e+00   0.0000000e+00   0.0000000e+00   0.0000000e+00   0.0000000e+00   0.0000000e+00   0.0000000e+00   0.0000000e+00   0.0000000e+00   0.0000000e+00   0.0000000e+00
   0.0000000e+00   0.0000000e+00   0.0000000e+00   0.0000000e+00   0.0000000e+00   0.0000000e+00   0.0000000e+00   0.0000000e+00   0.0000000e+00   0.0000000e+00   0.0000000e+00   0.0000000e+00
   0.0000000e+00   0.0000000e+00   0.0000000e+00   0.0000000e+00   0.0000000e+00   0.0000000e+00   0.0000000e+00   0.0000000e+00   0.0000000e+00   0.0000000e+00   0.0000000e+00   0.0000000e+00
   0.0000000e+00   0.0000000e+00   0.0000000e+00   0.0000000e+00   0.0000000e+00   0.0000000e+00   0.0000000e+00   0.0000000e+00   0.0000000e+00   0.0000000e+00   0.0000000e+00   0.0000000e+00
   0.0000000e+00   0.0000000e+00   0.0000000e+00   0.0000000e+00   0.0000000e+00   0.0000000e+00   0.0000000e+00   0.0000000e+00   0.0000000e+00   0.0000000e+00   0.0000000e+00   0.0000000e+00
   0.0000000e+00   0.0000000e+00   0.0000000e+00   0.0000000e+00   0.0000000e+00   0.0000000e+00   0.0000000e+00   0.0000000e+00   0.0000000e+00   0.0000000e+00   0.0000000e+00   0.0000000e+00
   0.0000000e+00   0.0000000e+00   0.0000000e+00   0.0000000e+00   0.0000000e+00   0.0000000e+00   0.0000000e+00   0.0000000e+00   0.0000000e+00   0.0000000e+00   0.0000000e+00   0.0000000e+00
   0.0000000e+00   0.0000000e+00   0.0000000e+00   0.0000000e+00   0.0000000e+00   0.0000000e+00   0.0000000e+00   0.0000000e+00   0.0000000e+00   0.0000000e+00   0.0000000e+00   0.0000000e+00
   0.0000000e+00   0.0000000e+00   0.0000000e+00   0.0000000e+00   0.0000000e+00   0.0000000e+00   0.0000000e+00   0.0000000e+00   0.0000000e+00   0.0000000e+00   0.0000000e+00   0.0000000e+00
   0.0000000e+00   0.0000000e+00   0.0000000e+00   0.0000000e+00   0.0000000e+00   0.0000000e+00   0.0000000e+00   0.0000000e+00   0.0000000e+00   0.0000000e+00   0.0000000e+00   0.0000000e+00
   0.0000000e+00   0.0000000e+00   0.0000000e+00   0.0000000e+00   0.0000000e+00   0.0000000e+00   0.0000000e+00   0.0000000e+00   0.0000000e+00   0.0000000e+00   0.0000000e+00   0.0000000e+00
   0.0000000e+00   0.0000000e+00   0.0000000e+00   0.0000000e+00   0.0000000e+00   0.0000000e+00   0.0000000e+00   0.0000000e+00   0.0000000e+00   0.0000000e+00   0.0000000e+00   0.0000000e+00
   0.0000000e+00   0.0000000e+00   0.0000000e+00   0.0000000e+00   0.0000000e+00   0.0000000e+00   0.0000000e+00   0.0000000e+00   0.0000000e+00   0.0000000e+00   0.0000000e+00   0.0000000e+00
   0.0000000e+00   0.0000000e+00   0.0000000e+00   0.0000000e+00   0.0000000e+00   0.0000000e+00   0.0000000e+00   0.0000000e+00   0.0000000e+00   0.0000000e+00   0.0000000e+00   0.0000000e+00
   0.0000000e+00   0.0000000e+00   0.0000000e+00   0.0000000e+00   0.0000000e+00   0.0000000e+00   0.0000000e+00   0.0000000e+00   0.0000000e+00   0.0000000e+00   0.0000000e+00   0.0000000e+00
   0.0000000e+00   0.0000000e+00   0.0000000e+00   0.0000000e+00   0.0000000e+00   0.0000000e+00   0.0000000e+00   0.0000000e+00   0.0000000e+00   0.0000000e+00   0.0000000e+00   0.0000000e+00
   0.0000000e+00   0.0000000e+00   0.0000000e+00   0.0000000e+00   0.0000000e+00   0.0000000e+00   0.0000000e+00   0.0000000e+00   0.0000000e+00   0.0000000e+00   0.0000000e+00   0.0000000e+00
   0.0000000e+00   0.0000000e+00   0.0000000e+00   0.0000000e+00   0.0000000e+00   0.0000000e+00   0.0000000e+00   0.0000000e+00   0.0000000e+00   0.0000000e+00   0.0000000e+00   0.0000000e+00
   0.0000000e+00   0.0000000e+00   0.0000000e+00   0.0000000e+00   0.0000000e+00   0.0000000e+00   0.0000000e+00   0.0000000e+00   0.0000000e+00   0.0000000e+00   0.0000000e+00   0.0000000e+00
   0.0000000e+00   0.0000000e+00   0.0000000e+00   0.0000000e+00   0.0000000e+00   0.0000000e+00   0.0000000e+00   0.0000000e+00   0.0000000e+00   0.0000000e+00   0.0000000e+00   0.0000000e+00
   0.0000000e+00   0.0000000e+00   0.0000000e+00   0.0000000e+00   0.0000000e+00   0.0000000e+00   0.0000000e+00   0.0000000e+00   0.0000000e+00   0.0000000e+00   0.0000000e+00   0.0000000e+00
   0.0000000e+00   0.0000000e+00   0.0000000e+00   0.0000000e+00   0.0000000e+00   0.0000000e+00   0.0000000e+00   0.0000000e+00   0.0000000e+00   0.0000000e+00   0.0000000e+00   0.0000000e+00
   0.0000000e+00   0.0000000e+00   0.0000000e+00   0.0000000e+00   0.0000000e+00   0.0000000e+00   0.0000000e+00   0.0000000e+00   0.0000000e+00   0.0000000e+00   0.0000000e+00   0.0000000e+00
   0.0000000e+00   0.0000000e+00   0.0000000e+00   0.0000000e+00   0.0000000e+00   0.0000000e+00   0.0000000e+00   0.0000000e+00   0.0000000e+00   0.0000000e+00   0.0000000e+00   0.0000000e+00
   0.0000000e+00   0.0000000e+00   0.0000000e+00   0.0000000e+00   0.0000000e+00   0.0000000e+00   0.0000000e+00   0.0000000e+00   0.0000000e+00   0.0000000e+00   0.0000000e+00   0.0000000e+00
   0.0000000e+00   0.0000000e+00   0.0000000e+00   0.0000000e+00   0.0000000e+00   0.0000000e+00   0.0000000e+00   0.0000000e+00   0.0000000e+00   0.0000000e+00   0.0000000e+00   0.0000000e+00
   0.0000000e+00   0.0000000e+00   0.0000000e+00   0.0000000e+00   0.0000000e+00   0.0000000e+00   0.0000000e+00   0.0000000e+00   0.0000000e+00   0.0000000e+00   0.0000000e+00   0.0000000e+00
   0.0000000e+00   0.0000000e+00   0.0000000e+00   0.0000000e+00   0.0000000e+00   0.0000000e+00   0.0000000e+00   0.0000000e+00   0.0000000e+00   0.0000000e+00   0.0000000e+00   0.0000000e+00
   1.7890393e+03   3.3000000e+01   5.3000000e+01   5.7700000e+02   5.9000000e+01   2.9500000e+01   3.6142857e+01   1.3708333e+01   2.0000000e+00   7.0000000e+00   2.4000000e+01   8.9135802e+00
   2.1284067e+03   3.3000000e+01   6.0000000e+01   5.7900000e+02   5.9000000e+01   2.9500000e+01   3.3000000e+01   1.4791667e+01   2.0000000e+00   7.0000000e+00   2.4000000e+01   8.2613636e+00
   6.8697208e+02   2.9000000e+01   4.2000000e+01   4.7300000e+02   5.4000000e+01   2.7000000e+01   3.0857143e+01   1.2400000e+01   2.0000000e+00   7.0000000e+00   2.0000000e+01   8.4328358e+00
   8.3961218e+02   2.7000000e+01   4.1000000e+01   4.3500000e+02   5.4000000e+01   2.7000000e+01   3.0666667e+01   1.2842105e+01   2.0000000e+00   6.0000000e+00   1.9000000e+01   8.1076923e+00
   1.6382593e+03   2.8000000e+01   4.7000000e+01   5.3200000e+02   6.1000000e+01   3.0500000e+01   3.7166667e+01   1.5150000e+01   2.0000000e+00   6.0000000e+00   2.0000000e+01   9.0972222e+00
   1.5308648e+03   3.1000000e+01   4.3000000e+01   4.5200000e+02   5.5000000e+01   2.7500000e+01   2.4000000e+01   1.1300000e+01   2.0000000e+00   9.0000000e+00   2.0000000e+01   8.9420290e+00
   1.4060138e+03   3.1000000e+01   4.5000000e+01   5.3900000e+02   5.4000000e+01   2.7000000e+01   3.2714286e+01   1.4000000e+01   2.0000000e+00   7.0000000e+00   2.2000000e+01   9.6527778e+00
   1.9624534e+03   3.6000000e+01   5.5000000e+01   5.7500000e+02   5.8000000e+01   2.9000000e+01   3.3125000e+01   1.2307692e+01   2.0000000e+00   8.0000000e+00   2.6000000e+01   8.6987952e+00
   2.1690235e+03   3.8000000e+01   5.9000000e+01   5.6900000e+02   5.3000000e+01   2.6500000e+01   3.0000000e+01   1.1851852e+01   2.0000000e+00   9.0000000e+00   2.7000000e+01   8.1098901e+00
   1.5673482e+03   2.9000000e+01   4.3000000e+01   4.6500000e+02   5.6000000e+01   2.8000000e+01   2.9000000e+01   1.2700000e+01   2.0000000e+00   7.0000000e+00   2.0000000e+01   9.2058824e+00
   1.8728304e+03   3.9000000e+01   5.4000000e+01   5.9100000e+02   5.5000000e+01   2.7500000e+01   3.1875000e+01   1.2172414e+01   2.0000000e+00   8.0000000e+00   2.9000000e+01   8.9213483e+00
   1.6945270e+03   2.7000000e+01   4.8000000e+01   4.8200000e+02   4.6000000e+01   2.3000000e+01   3.1833333e+01   1.5789474e+01   2.0000000e+00   6.0000000e+00   1.9000000e+01   8.4225352e+00
   1.9594842e+03   4.1000000e+01   5.2000000e+01   5.5300000e+02   5.2000000e+01   2.6000000e+01   3.2375000e+01   9.8387097e+00   2.0000000e+00   8.0000000e+00   3.1000000e+01   7.8045977e+00
   1.2830555e+03   3.1000000e+01   4.3000000e+01   4.6000000e+02   5.3000000e+01   2.6500000e+01   2.8428571e+01   1.1454545e+01   2.0000000e+00   7.0000000e+00   2.2000000e+01   8.6760563e+00
   2.0971142e+03   3.8000000e+01   6.0000000e+01   6.0000000e+02   5.5000000e+01   2.7500000e+01   3.2333333e+01   1.2185185e+01   2.0000000e+00   9.0000000e+00   2.7000000e+01   8.6086957e+00
   1.5089704e+03   3.1000000e+01   4.1000000e+01   4.2700000e+02   5.6000000e+01   2.8000000e+01   2.6571429e+01   1.0363636e+01   2.0000000e+00   7.0000000e+00   2.2000000e+01   8.8181818e+00
   1.3350148e+03   3.1000000e+01   4.3000000e+01   4.7900000e+02   5.6000000e+01   2.8000000e+01   2.9428571e+01   1.1954545e+01   2.0000000e+00   7.0000000e+00   2.2000000e+01   8.7428571e+00
   1.7755615e+03   3.2000000e+01   5.0000000e+01   5.5700000e+02   5.8000000e+01   2.9000000e+01   3.3571429e+01   1.3913043e+01   2.0000000e+00   7.0000000e+00   2.3000000e+01   8.9750000e+00
   1.3992376e+03   3.2000000e+01   4.1000000e+01   5.0200000e+02   5.7000000e+01   2.8500000e+01   3.4142857e+01   1.1304348e+01   2.0000000e+00   7.0000000e+00   2.3000000e+01   8.9000000e+00
   1.9150951e+03   3.4000000e+01   5.7000000e+01   6.2100000e+02   5.9000000e+01   2.9500000e+01   3.8714286e+01   1.4440000e+01   2.0000000e+00   7.0000000e+00   2.5000000e+01   8.6470588e+00
   7.9404926e+02   2.6000000e+01   4.5000000e+01   4.2400000e+02   5.2000000e+01   2.6000000e+01   3.1833333e+01   1.2888889e+01   2.0000000e+00   6.0000000e+00   1.8000000e+01   7.7031250e+00
   2.1123625e+03   3.8000000e+01   6.0000000e+01   5.7500000e+02   5.8000000e+01   2.9000000e+01   2.9333333e+01   1.1814815e+01   2.0000000e+00   9.0000000e+00   2.7000000e+01   7.9222222e+00
   1.9593992e+03   3.0000000e+01   5.7000000e+01   5.8000000e+02   5.9000000e+01   2.9500000e+01   3.8333333e+01   1.6318182e+01   2.0000000e+00   6.0000000e+00   2.2000000e+01   8.9756098e+00
   1.6712061e+03   3.4000000e+01   5.2000000e+01   6.2100000e+02   5.7000000e+01   2.8500000e+01   3.5750000e+01   1.4416667e+01   2.0000000e+00   8.0000000e+00   2.4000000e+01   9.0481928e+00
   1.7184247e+03   3.7000000e+01   4.7000000e+01   5.0000000e+02   5.4000000e+01   2.7000000e+01   2.5666667e+01   1.0538462e+01   2.0000000e+00   9.0000000e+00   2.6000000e+01   8.4810127e+00
   1.3592895e+03   3.0000000e+01   4.2000000e+01   4.9000000e+02   5.6000000e+01   2.8000000e+01   2.9714286e+01   1.3047619e+01   2.0000000e+00   7.0000000e+00   2.1000000e+01   9.5441176e+00
   1.4624171e+03   2.9000000e+01   3.9000000e+01   4.3900000e+02   5.6000000e+01   2.8000000e+01   2.9857143e+01   1.1250000e+01   2.0000000e+00   7.0000000e+00   2.0000000e+01   8.5555556e+00
   1.6923504e+03   3.2000000e+01   4.4000000e+01   4.8600000e+02   5.8000000e+01   2.9000000e+01   3.1333333e+01   1.2166667e+01   2.0000000e+00   6.0000000e+00   2.4000000e+01   8.3098592e+00
   1.0330830e+03   2.8000000e+01   3.4000000e+01   3.9300000e+02   5.4000000e+01   2.7000000e+01   3.1833333e+01   9.4500000e+00   2.0000000e+00   6.0000000e+00   2.0000000e+01   9.6896552e+00
   1.9815168e+03   3.5000000e+01   5.7000000e+01   6.0600000e+02   5.8000000e+01   2.9000000e+01   3.6285714e+01   1.3923077e+01   2.0000000e+00   7.0000000e+00   2.6000000e+01   8.5909091e+00
   1.6626764e+03   3.1000000e+01   5.1000000e+01   5.4600000e+02   5.4000000e+01   2.7000000e+01   3.6000000e+01   1.3863636e+01   2.0000000e+00   7.0000000e+00   2.2000000e+01   8.8082192e+00
   1.7772892e+03   3.2000000e+01   4.9000000e+01   5.1500000e+02   5.4000000e+01   2.7000000e+01   3.0375000e+01   1.2545455e+01   2.0000000e+00   8.0000000e+00   2.2000000e+01   8.4605263e+00
   1.6200177e+03   3.6000000e+01   4.6000000e+01   4.9000000e+02   5.2000000e+01   2.6000000e+01   2.3555556e+01   1.1200000e+01   2.0000000e+00   9.0000000e+00   2.5000000e+01   8.1558442e+00
   1.8754430e+03   3.4000000e+01   5.6000000e+01   5.9600000e+02   5.8000000e+01   2.9000000e+01   3.5500000e+01   1.3208333e+01   2.0000000e+00   8.0000000e+00   2.4000000e+01   9.0487805e+00
   1.5169791e+03   3.5000000e+01   4.5000000e+01   4.9100000e+02   5.5000000e+01   2.7500000e+01   3.0125000e+01   1.0000000e+01   2.0000000e+00   8.0000000e+00   2.5000000e+01   8.9473684e+00
