   1.8788646e+02   7.0000000e+00   8.0000000e+00   6.0000000e+01   2.0000000e+01   7.0000000e+00   1.2000000e+01   9.6666667e+00   2.0000000e+00   2.0000000e+00   3.0000000e+00   4.6153846e+00
   2.4849136e+02   9.0000000e+00   9.0000000e+00   7.2000000e+01   2.1000000e+01   1.0000000e+01   1.2000000e+01   6.0000000e+00   2.0000000e+00   3.0000000e+00   4.0000000e+00   4.5000000e+00
   2.5480198e+02   9.0000000e+00   1.0000000e+01   8.6000000e+01   2.5000000e+01   1.2500000e+01   1.4000000e+01   7.0000000e+00   2.0000000e+00   3.0000000e+00   4.0000000e+00   5.2941176e+00
   2.6811168e+02   1.0000000e+01   9.0000000e+00   6.4000000e+01   1.9000000e+01   9.5000000e+00   9.0000000e+00   4.7500000e+00   2.0000000e+00   4.0000000e+00   4.0000000e+00   4.0000000e+00
   1.9889771e+02   1.0000000e+01   9.0000000e+00   7.8000000e+01   1.8000000e+01   9.0000000e+00   1.0333333e+01   8.0000000e+00   2.0000000e+00   3.0000000e+00   5.0000000e+00   5.1176471e+00
   2.0462265e+02   9.0000000e+00   1.0000000e+01   9.4000000e+01   2.7000000e+01   1.3500000e+01   1.1000000e+01   1.0666667e+01   2.0000000e+00   4.0000000e+00   3.0000000e+00   6.0588235e+00
   2.4546179e+02   1.0000000e+01   1.0000000e+01   7.6000000e+01   1.9000000e+01   8.5000000e+00   1.0250000e+01   6.7500000e+00   2.0000000e+00   4.0000000e+00   4.0000000e+00   4.8333333e+00
   2.0417041e+02   7.0000000e+00   1.0000000e+01   9.0000000e+01   4.0000000e+01   5.0000000e+00   4.0000000e+01   1.2250000e+01   2.0000000e+00   1.0000000e+00   4.0000000e+00   6.0000000e+00
   1.8195583e+02   1.0000000e+01   1.0000000e+01   1.0300000e+02   2.6000000e+01   1.3000000e+01   1.5333333e+01   8.0000000e+00   2.0000000e+00   3.0000000e+00   5.0000000e+00   5.8888889e+00
   2.0375386e+02   9.0000000e+00   9.0000000e+00   8.6000000e+01   2.5000000e+01   1.1000000e+01   1.5000000e+01   7.0000000e+00   2.0000000e+00   3.0000000e+00   4.0000000e+00   5.5625000e+00
   2.5314400e+02   1.1000000e+01   1.0000000e+01   1.0100000e+02   2.7000000e+01   1.3500000e+01   1.4250000e+01   5.2000000e+00   2.0000000e+00   4.0000000e+00   5.0000000e+00   5.4736842e+00
   2.4178176e+02   8.0000000e+00   1.0000000e+01   6.6000000e+01   2.1000000e+01   1.0500000e+01   7.6666667e+00   1.0333333e+01   2.0000000e+00   3.0000000e+00   3.0000000e+00   4.4000000e+00
   1.4379515e+02   8.0000000e+00   9.0000000e+00   9.8000000e+01   3.1000000e+01   1.3000000e+01   1.7000000e+01   9.6666667e+00   2.0000000e+00   3.0000000e+00   3.0000000e+00   6.7333333e+00
   1.6871951e+02   1.2000000e+01   8.0000000e+00   9.0000000e+01   2.2000000e+01   1.1000000e+01   1.1750000e+01   4.6666667e+00   2.0000000e+00   4.0000000e+00   6.0000000e+00   5.5000000e+00
   2.1123837e+02   1.2000000e+01   1.1000000e+01   1.1900000e+02   2.8000000e+01   1.4000000e+01   1.3000000e+01   7.2000000e+00   2.0000000e+00   5.0000000e+00   5.0000000e+00   5.9047619e+00
   2.5190035e+02   1.1000000e+01   1.0000000e+01   8.3000000e+01   2.8000000e+01   6.5000000e+00   2.1500000e+01   5.4285714e+00   2.0000000e+00   2.0000000e+00   7.0000000e+00   4.8947368e+00
   1.7913863e+02   1.0000000e+01   9.0000000e+00   1.1000000e+02   3.5000000e+01   1.7500000e+01   1.2000000e+01   9.0000000e+00   2.0000000e+00   4.0000000e+00   4.0000000e+00   6.5294118e+00
   2.0510824e+02   9.0000000e+00   9.0000000e+00   8.6000000e+01   2.9000000e+01   7.0000000e+00   2.1500000e+01   7.4000000e+00   2.0000000e+00   2.0000000e+00   5.0000000e+00   5.3750000e+00
   2.2723087e+02   1.0000000e+01   1.0000000e+01   9.4000000e+01   2.7000000e+01   1.3500000e+01   1.1750000e+01   7.2500000e+00   2.0000000e+00   4.0000000e+00   4.0000000e+00   5.3888889e+00
   2.2362300e+02   1.1000000e+01   9.0000000e+00   8.5000000e+01   2.9000000e+01   9.0000000e+00   1.2250000e+01   5.2000000e+00   2.0000000e+00   4.0000000e+00   5.0000000e+00   4.8888889e+00
   1.7497433e+02   8.0000000e+00   8.0000000e+00   9.2000000e+01   2.7000000e+01   1.3500000e+01   1.2666667e+01   1.1333333e+01   2.0000000e+00   3.0000000e+00   3.0000000e+00   6.5714286e+00
   1.5333490e+02   9.0000000e+00   9.0000000e+00   9.3000000e+01   2.8000000e+01   1.4000000e+01   1.2250000e+01   8.6666667e+00   2.0000000e+00   4.0000000e+00   3.0000000e+00   6.3333333e+00
   1.9516989e+02   1.1000000e+01   9.0000000e+00   7.9000000e+01   1.6000000e+01   7.5000000e+00   1.5000000e+01   4.6666667e+00   2.0000000e+00   3.0000000e+00   6.0000000e+00   4.8333333e+00
   1.8301808e+02   1.1000000e+01   1.0000000e+01   1.0800000e+02   3.5000000e+01   1.7500000e+01   1.2750000e+01   6.2000000e+00   2.0000000e+00   4.0000000e+00   5.0000000e+00   6.7777778e+00
   1.7020109e+02   1.1000000e+01   1.0000000e+01   1.1300000e+02   2.8000000e+01   1.4000000e+01   1.5250000e+01   6.6000000e+00   2.0000000e+00   4.0000000e+00   5.0000000e+00   6.6666667e+00
   2.0453315e+02   9.0000000e+00   1.0000000e+01   9.2000000e+01   2.6000000e+01   1.0000000e+01   1.4000000e+01   9.7500000e+00   2.0000000e+00   3.0000000e+00   4.0000000e+00   5.6470588e+00
   2.4740379e+02   1.2000000e+01   1.0000000e+01   8.5000000e+01   2.1000000e+01   1.0500000e+01   1.0750000e+01   5.3333333e+00   2.0000000e+00   4.0000000e+00   6.0000000e+00   4.5500000e+00
   1.8150943e+02   8.0000000e+00   1.0000000e+01   9.8000000e+01   2.3000000e+01   1.1500000e+01   1.3666667e+01   1.4333333e+01   2.0000000e+00   3.0000000e+00   3.0000000e+00   6.3750000e+00
   2.7952687e+02   9.0000000e+00   1.0000000e+01   7.6000000e+01   1.9000000e+01   9.5000000e+00   1.1333333e+01   8.0000000e+00   2.0000000e+00   3.0000000e+00   4.0000000e+00   4.4705882e+00
   1.4918507e+02   9.0000000e+00   1.0000000e+01   9.8000000e+01   3.2000000e+01   1.6000000e+01   1.0750000e+01   1.0666667e+01   2.0000000e+00   4.0000000e+00   3.0000000e+00   6.5294118e+00
   2.0005712e+02   9.0000000e+00   9.0000000e+00   8.5000000e+01   2.4000000e+01   1.2000000e+01   9.6666667e+00   1.0250000e+01   2.0000000e+00   3.0000000e+00   4.0000000e+00   5.4375000e+00
   1.7343465e+02   9.0000000e+00   9.0000000e+00   8.2000000e+01   2.5000000e+01   1.2500000e+01   1.4666667e+01   5.5000000e+00   2.0000000e+00   3.0000000e+00   4.0000000e+00   5.7500000e+00
   1.7757732e+02   1.0000000e+01   9.0000000e+00   9.2000000e+01   2.2000000e+01   9.5000000e+00   1.4666667e+01   8.2000000e+00   2.0000000e+00   3.0000000e+00   5.0000000e+00   6.1176471e+00
   2.0659715e+02   1.1000000e+01   1.0000000e+01   1.0100000e+02   3.6000000e+01   1.8000000e+01   9.6000000e+00   6.7500000e+00   2.0000000e+00   5.0000000e+00   4.0000000e+00   5.8947368e+00
   1.7729288e+02   1.1000000e+01   9.0000000e+00   1.0200000e+02   2.1000000e+01   9.5000000e+00   1.4250000e+01   7.2000000e+00   2.0000000e+00   4.0000000e+00   5.0000000e+00   5.7777778e+00
   2.0912674e+02   1.2000000e+01   1.0000000e+01   1.1200000e+02   3.5000000e+01   1.7500000e+01   1.0333333e+01   6.2500000e+00   2.0000000e+00   6.0000000e+00   4.0000000e+00   5.8500000e+00
   1.7582866e+02   1.0000000e+01   9.0000000e+00   1.0900000e+02   3.6000000e+01   1.8000000e+01   1.3000000e+01   7.5000000e+00   2.0000000e+00   4.0000000e+00   4.0000000e+00   6.5882353e+00
   1.5271407e+02   8.0000000e+00   8.0000000e+00   7.2000000e+01   1.9000000e+01   6.0000000e+00   1.7500000e+01   8.0000000e+00   2.0000000e+00   2.0000000e+00   4.0000000e+00   5.2857143e+00
   1.9834958e+02   1.1000000e+01   1.0000000e+01   9.3000000e+01   3.0000000e+01   1.5000000e+01   1.0200000e+01   5.7500000e+00   2.0000000e+00   5.0000000e+00   4.0000000e+00   5.5263158e+00
   1.7637591e+02   1.1000000e+01   1.0000000e+01   1.0600000e+02   3.5000000e+01   1.7500000e+01   1.0600000e+01   6.7500000e+00   2.0000000e+00   5.0000000e+00   4.0000000e+00   5.8421053e+00
   2.4829931e+02   1.2000000e+01   9.0000000e+00   8.5000000e+01   2.0000000e+01   1.0000000e+01   1.1500000e+01   4.6666667e+00   2.0000000e+00   4.0000000e+00   6.0000000e+00   4.5263158e+00
   1.7363596e+02   1.1000000e+01   8.0000000e+00   1.0400000e+02   2.5000000e+01   1.1500000e+01   1.1500000e+01   8.6000000e+00   2.0000000e+00   4.0000000e+00   5.0000000e+00   6.1764706e+00
   2.2563937e+02   1.0000000e+01   9.0000000e+00   8.3000000e+01   2.0000000e+01   9.5000000e+00   7.7500000e+00   1.0250000e+01   2.0000000e+00   4.0000000e+00   4.0000000e+00   4.8823529e+00
   2.0835007e+02   1.0000000e+01   1.0000000e+01   1.0500000e+02   3.3000000e+01   1.6500000e+01   1.1000000e+01   9.2500000e+00   2.0000000e+00   4.0000000e+00   4.0000000e+00   6.0000000e+00
   2.1010952e+02   1.0000000e+01   1.0000000e+01   9.8000000e+01   1.7000000e+01   7.5000000e+00   1.1333333e+01   1.1800000e+01   2.0000000e+00   3.0000000e+00   5.0000000e+00   5.5555556e+00
   2.0010916e+02   1.1000000e+01   9.0000000e+00   9.8000000e+01   4.0000000e+01   2.0000000e+01   8.8333333e+00   4.3333333e+00   2.0000000e+00   6.0000000e+00   3.0000000e+00   5.5555556e+00
   1.8839691e+02   9.0000000e+00   9.0000000e+00   7.6000000e+01   3.2000000e+01   1.0000000e+01   1.3666667e+01   6.0000000e+00   2.0000000e+00   3.0000000e+00   4.0000000e+00   5.3750000e+00
   1.5634669e+02   9.0000000e+00   1.0000000e+01   9.9000000e+01   3.2000000e+01   9.0000000e+00   1.5666667e+01   1.1000000e+01   2.0000000e+00   3.0000000e+00   4.0000000e+00   6.2352941e+00
   2.1601494e+02   1.2000000e+01   1.1000000e+01   1.3500000e+02   4.3000000e+01   2.1500000e+01   1.4000000e+01   6.4000000e+00   2.0000000e+00   5.0000000e+00   5.0000000e+00   6.4285714e+00
   2.0824126e+02   9.0000000e+00   1.0000000e+01   1.0000000e+02   3.9000000e+01   1.9500000e+01   8.8000000e+00   1.3000000e+01   2.0000000e+00   5.0000000e+00   2.0000000e+00   6.0000000e+00
   1.4574237e+02   9.0000000e+00   8.0000000e+00   9.2000000e+01   3.2000000e+01   1.6000000e+01   1.0250000e+01   8.6666667e+00   2.0000000e+00   4.0000000e+00   3.0000000e+00   6.2000000e+00
   2.0248260e+02   1.3000000e+01   1.0000000e+01   1.0600000e+02   3.1000000e+01   9.0000000e+00   1.0800000e+01   7.3333333e+00   2.0000000e+00   5.0000000e+00   6.0000000e+00   5.9047619e+00
   2.2482130e+02   8.0000000e+00   9.0000000e+00   7.4000000e+01   2.9000000e+01   1.4500000e+01   8.2500000e+00   1.0500000e+01   2.0000000e+00   4.0000000e+00   2.0000000e+00   5.0000000e+00
   1.9260260e+02   9.0000000e+00   9.0000000e+00   8.3000000e+01   2.3000000e+01   1.1500000e+01   1.2666667e+01   7.5000000e+00   2.0000000e+00   3.0000000e+00   4.0000000e+00   5.6000000e+00
   2.2304570e+02   9.0000000e+00   9.0000000e+00   8.3000000e+01   3.1000000e+01   1.5500000e+01   1.0250000e+01   6.3333333e+00   2.0000000e+00   4.0000000e+00   3.0000000e+00   5.4375000e+00
   1.7523328e+02   1.1000000e+01   1.0000000e+01   1.1000000e+02   3.5000000e+01   1.7500000e+01   1.2500000e+01   6.8000000e+00   2.0000000e+00   4.0000000e+00   5.0000000e+00   6.5263158e+00
   1.5734420e+02   1.0000000e+01   1.0000000e+01   1.0300000e+02   3.6000000e+01   1.8000000e+01   1.0200000e+01   8.6666667e+00   2.0000000e+00   5.0000000e+00   3.0000000e+00   5.9444444e+00
   3.0132561e+02   9.0000000e+00   1.1000000e+01   6.6000000e+01   2.3000000e+01   8.0000000e+00   1.6500000e+01   5.4000000e+00   2.0000000e+00   2.0000000e+00   5.0000000e+00   4.1176471e+00
   2.0883086e+02   1.1000000e+01   1.1000000e+01   1.2000000e+02   3.2000000e+01   1.6000000e+01   1.1400000e+01   1.0250000e+01   2.0000000e+00   5.0000000e+00   4.0000000e+00   6.1000000e+00
   1.8044961e+02   1.1000000e+01   1.0000000e+01   1.0400000e+02   3.5000000e+01   1.7500000e+01   1.0000000e+01   7.5000000e+00   2.0000000e+00   5.0000000e+00   4.0000000e+00   5.8947368e+00
   1.4356596e+02   1.1000000e+01   8.0000000e+00   9.6000000e+01   2.5000000e+01   1.2500000e+01   1.0750000e+01   7.2000000e+00   2.0000000e+00   4.0000000e+00   5.0000000e+00   7.1176471e+00
   1.8118778e+02   1.1000000e+01   1.0000000e+01   1.1400000e+02   3.1000000e+01   1.5500000e+01   1.3250000e+01   8.0000000e+00   2.0000000e+00   4.0000000e+00   5.0000000e+00   6.0526316e+00
   1.7763486e+02   1.0000000e+01   9.0000000e+00   1.0900000e+02   3.3000000e+01   1.6500000e+01   1.4000000e+01   7.0000000e+00   2.0000000e+00   4.0000000e+00   4.0000000e+00   6.4117647e+00
   2.0422379e+02   1.1000000e+01   1.0000000e+01   1.0900000e+02   4.3000000e+01   2.1500000e+01   1.1000000e+01   5.0000000e+00   2.0000000e+00   5.0000000e+00   4.0000000e+00   6.1578947e+00
   1.7397188e+02   1.1000000e+01   9.0000000e+00   1.0600000e+02   2.9000000e+01   1.4500000e+01   9.8333333e+00   8.6666667e+00   2.0000000e+00   6.0000000e+00   3.0000000e+00   6.6111111e+00
   1.8539768e+02   1.0000000e+01   1.0000000e+01   1.0400000e+02   2.9000000e+01   1.4500000e+01   1.2500000e+01   8.7500000e+00   2.0000000e+00   4.0000000e+00   4.0000000e+00   5.8333333e+00
   2.0923983e+02   1.2000000e+01   1.2000000e+01   1.1300000e+02   2.4000000e+01   1.2000000e+01   1.2750000e+01   8.3333333e+00   2.0000000e+00   4.0000000e+00   6.0000000e+00   6.1904762e+00
   2.3223283e+02   1.2000000e+01   1.0000000e+01   1.1000000e+02   3.7000000e+01   1.8500000e+01   1.3750000e+01   4.5000000e+00   2.0000000e+00   4.0000000e+00   6.0000000e+00   5.6000000e+00
   1.6951990e+02   1.0000000e+01   9.0000000e+00   8.4000000e+01   3.3000000e+01   1.6500000e+01   7.3333333e+00   7.5000000e+00   2.0000000e+00   6.0000000e+00   2.0000000e+00   5.1764706e+00
   2.2251172e+02   9.0000000e+00   1.0000000e+01   7.4000000e+01   2.9000000e+01   7.0000000e+00   1.6500000e+01   7.2000000e+00   2.0000000e+00   2.0000000e+00   5.0000000e+00   4.7500000e+00
   2.4740267e+02   1.0000000e+01   1.0000000e+01   8.2000000e+01   1.7000000e+01   8.5000000e+00   1.4666667e+01   6.0000000e+00   2.0000000e+00   3.0000000e+00   5.0000000e+00   5.0555556e+00
   2.1083698e+02   1.2000000e+01   1.1000000e+01   1.1700000e+02   4.0000000e+01   2.0000000e+01   9.5000000e+00   7.5000000e+00   2.0000000e+00   6.0000000e+00   4.0000000e+00   5.8500000e+00
   1.9865416e+02   1.1000000e+01   1.0000000e+01   1.1700000e+02   3.6000000e+01   1.8000000e+01   1.2000000e+01   7.5000000e+00   2.0000000e+00   5.0000000e+00   4.0000000e+00   6.2105263e+00
   2.2861441e+02   9.0000000e+00   9.0000000e+00   8.5000000e+01   1.9000000e+01   8.0000000e+00   1.7000000e+01   8.6000000e+00   2.0000000e+00   2.0000000e+00   5.0000000e+00   5.3125000e+00
   2.1802421e+02   9.0000000e+00   1.0000000e+01   9.4000000e+01   2.5000000e+01   1.2500000e+01   1.4666667e+01   9.2500000e+00   2.0000000e+00   3.0000000e+00   4.0000000e+00   5.8235294e+00
   2.5145249e+02   1.0000000e+01   1.0000000e+01   9.2000000e+01   4.5000000e+01   2.2500000e+01   7.5000000e+00   5.5000000e+00   2.0000000e+00   6.0000000e+00   2.0000000e+00   5.1111111e+00
   1.4862232e+02   1.0000000e+01   9.0000000e+00   1.0800000e+02   3.6000000e+01   1.8000000e+01   1.1400000e+01   7.6666667e+00   2.0000000e+00   5.0000000e+00   3.0000000e+00   6.6470588e+00
   2.1835712e+02   1.0000000e+01   9.0000000e+00   9.0000000e+01   3.4000000e+01   1.7000000e+01   1.1750000e+01   4.2500000e+00   2.0000000e+00   4.0000000e+00   4.0000000e+00   5.3529412e+00
   1.7038724e+02   9.0000000e+00   8.0000000e+00   9.2000000e+01   3.3000000e+01   1.6500000e+01   1.0250000e+01   8.3333333e+00   2.0000000e+00   4.0000000e+00   3.0000000e+00   6.1333333e+00
   1.8906315e+02   7.0000000e+00   1.1000000e+01   9.8000000e+01   3.9000000e+01   4.5000000e+00   3.9000000e+01   1.5000000e+01   2.0000000e+00   1.0000000e+00   4.0000000e+00   6.1875000e+00
   2.0751930e+02   1.1000000e+01   1.0000000e+01   9.5000000e+01   2.8000000e+01   1.4000000e+01   1.1500000e+01   6.0000000e+00   2.0000000e+00   4.0000000e+00   5.0000000e+00   5.5263158e+00
   1.8501762e+02   8.0000000e+00   9.0000000e+00   8.8000000e+01   2.4000000e+01   8.0000000e+00   1.1333333e+01   1.5333333e+01   2.0000000e+00   3.0000000e+00   3.0000000e+00   5.8666667e+00
   1.8014191e+02   9.0000000e+00   1.0000000e+01   9.5000000e+01   3.3000000e+01   5.0000000e+00   3.3000000e+01   1.0166667e+01   2.0000000e+00   1.0000000e+00   6.0000000e+00   6.3529412e+00
   1.5037949e+02   9.0000000e+00   9.0000000e+00   9.4000000e+01   2.4000000e+01   8.0000000e+00   1.3000000e+01   1.2000000e+01   2.0000000e+00   3.0000000e+00   4.0000000e+00   6.6250000e+00
   2.0171137e+02   1.1000000e+01   9.0000000e+00   9.9000000e+01   2.7000000e+01   1.3500000e+01   1.4750000e+01   4.4000000e+00   2.0000000e+00   4.0000000e+00   5.0000000e+00   5.7222222e+00
   1.5276705e+02   9.0000000e+00   9.0000000e+00   1.0400000e+02   3.5000000e+01   1.7500000e+01   1.3000000e+01   8.6666667e+00   2.0000000e+00   4.0000000e+00   3.0000000e+00   7.0000000e+00
   1.7271810e+02   1.1000000e+01   9.0000000e+00   1.0600000e+02   2.7000000e+01   1.3500000e+01   1.1000000e+01   8.0000000e+00   2.0000000e+00   5.0000000e+00   4.0000000e+00   6.2352941e+00
   2.0350046e+02   1.0000000e+01   1.1000000e+01   9.3000000e+01   4.3000000e+01   2.1500000e+01   7.6666667e+00   7.0000000e+00   2.0000000e+00   6.0000000e+00   2.0000000e+00   5.3157895e+00
   2.2057379e+02   1.0000000e+01   1.0000000e+01   8.5000000e+01   2.5000000e+01   1.2500000e+01   1.0750000e+01   7.0000000e+00   2.0000000e+00   4.0000000e+00   4.0000000e+00   4.8888889e+00
   2.0474156e+02   8.0000000e+00   9.0000000e+00   8.0000000e+01   2.8000000e+01   1.4000000e+01   8.7500000e+00   1.2500000e+01   2.0000000e+00   4.0000000e+00   2.0000000e+00   5.3333333e+00
   1.5637019e+02   1.0000000e+01   1.1000000e+01   1.1800000e+02   3.7000000e+01   1.8500000e+01   1.4250000e+01   8.5000000e+00   2.0000000e+00   4.0000000e+00   4.0000000e+00   6.5555556e+00
   1.7981167e+02   1.2000000e+01   1.0000000e+01   1.0100000e+02   2.4000000e+01   1.2000000e+01   1.2250000e+01   6.1666667e+00   2.0000000e+00   4.0000000e+00   6.0000000e+00   5.3000000e+00
   2.2136519e+02   1.1000000e+01   1.0000000e+01   1.0000000e+02   3.7000000e+01   1.8500000e+01   9.6000000e+00   6.0000000e+00   2.0000000e+00   5.0000000e+00   4.0000000e+00   5.5789474e+00
   2.1624994e+02   1.0000000e+01   1.0000000e+01   8.4000000e+01   2.5000000e+01   1.2500000e+01   1.4000000e+01   5.4000000e+00   2.0000000e+00   3.0000000e+00   5.0000000e+00   5.1176471e+00
   1.7718343e+02   1.0000000e+01   9.0000000e+00   1.0500000e+02   3.2000000e+01   1.6000000e+01   1.0800000e+01   9.0000000e+00   2.0000000e+00   5.0000000e+00   3.0000000e+00   6.1764706e+00
   2.2243994e+02   1.3000000e+01   1.0000000e+01   9.3000000e+01   2.4000000e+01   1.2000000e+01   9.2000000e+00   5.3333333e+00   2.0000000e+00   5.0000000e+00   6.0000000e+00   5.7619048e+00
   1.6967312e+02   1.0000000e+01   9.0000000e+00   8.7000000e+01   2.3000000e+01   4.5000000e+00   2.0500000e+01   7.5000000e+00   2.0000000e+00   2.0000000e+00   6.0000000e+00   5.3529412e+00
   2.4618712e+02   9.0000000e+00   8.0000000e+00   6.1000000e+01   2.1000000e+01   9.5000000e+00   1.0666667e+01   4.2500000e+00   2.0000000e+00   3.0000000e+00   4.0000000e+00   4.0666667e+00
   2.0304032e+02   1.0000000e+01   9.0000000e+00   8.9000000e+01   1.9000000e+01   9.5000000e+00   1.1750000e+01   8.5000000e+00   2.0000000e+00   4.0000000e+00   4.0000000e+00   5.5294118e+00
   2.5552475e+02   9.0000000e+00   1.0000000e+01   7.1000000e+01   2.0000000e+01   9.5000000e+00   1.1333333e+01   7.0000000e+00   2.0000000e+00   3.0000000e+00   4.0000000e+00   4.2352941e+00
