   3.3199641e+02   1.7000000e+01   2.0000000e+01   2.4800000e+02   4.7000000e+01   2.3500000e+01   2.6200000e+01   9.1000000e+00   2.0000000e+00   5.0000000e+00   1.0000000e+01   8.9705882e+00
   4.6087036e+02   2.0000000e+01   2.9000000e+01   3.0900000e+02   5.4000000e+01   2.7000000e+01   2.7333333e+01   1.0166667e+01   2.0000000e+00   6.0000000e+00   1.2000000e+01   8.7441860e+00
   7.5985750e+02   2.9000000e+01   3.8000000e+01   4.4300000e+02   5.4000000e+01   2.7000000e+01   3.2333333e+01   1.1619048e+01   2.0000000e+00   6.0000000e+00   2.1000000e+01   8.5873016e+00
   1.0100833e+03   2.4000000e+01   3.8000000e+01   4.3900000e+02   5.7000000e+01   2.8500000e+01   3.3000000e+01   1.4187500e+01   2.0000000e+00   6.0000000e+00   1.6000000e+01   8.5593220e+00
   9.8647138e+02   3.0000000e+01   4.2000000e+01   4.8000000e+02   5.7000000e+01   2.8500000e+01   3.0571429e+01   1.2380952e+01   2.0000000e+00   7.0000000e+00   2.1000000e+01   8.7164179e+00
   3.6982541e+02   1.7000000e+01   2.5000000e+01   2.7200000e+02   5.0000000e+01   2.5000000e+01   2.5200000e+01   1.2200000e+01   2.0000000e+00   5.0000000e+00   1.0000000e+01   9.1621622e+00
   8.1938162e+02   2.2000000e+01   3.5000000e+01   3.8000000e+02   5.4000000e+01   2.7000000e+01   2.8000000e+01   1.4733333e+01   2.0000000e+00   5.0000000e+00   1.5000000e+01   8.5283019e+00
   4.7928451e+02   1.8000000e+01   2.7000000e+01   3.2300000e+02   5.4000000e+01   2.7000000e+01   2.7000000e+01   1.4727273e+01   2.0000000e+00   5.0000000e+00   1.1000000e+01   9.1219512e+00
   1.7005665e+02   8.0000000e+00   9.0000000e+00   1.0700000e+02   3.3000000e+01   1.6500000e+01   1.6000000e+01   1.1333333e+01   2.0000000e+00   3.0000000e+00   3.0000000e+00   8.2666667e+00
   1.7839895e+02   9.0000000e+00   9.0000000e+00   1.2700000e+02   5.2000000e+01   2.6000000e+01   1.1400000e+01   1.3000000e+01   2.0000000e+00   5.0000000e+00   2.0000000e+00   8.9375000e+00
   9.7190281e+02   2.7000000e+01   4.6000000e+01   4.6400000e+02   5.8000000e+01   2.9000000e+01   3.7800000e+01   1.3750000e+01   2.0000000e+00   5.0000000e+00   2.0000000e+01   8.4328358e+00
   7.7237623e+02   2.9000000e+01   3.6000000e+01   4.2500000e+02   5.3000000e+01   2.6500000e+01   2.5750000e+01   1.0684211e+01   2.0000000e+00   8.0000000e+00   1.9000000e+01   8.7580645e+00
   1.1298225e+03   3.2000000e+01   5.0000000e+01   5.6500000e+02   5.6000000e+01   2.8000000e+01   3.6000000e+01   1.4500000e+01   2.0000000e+00   6.0000000e+00   2.4000000e+01   8.9210526e+00
   1.1844982e+03   3.2000000e+01   5.2000000e+01   5.9600000e+02   5.9000000e+01   2.9500000e+01   3.6428571e+01   1.4695652e+01   2.0000000e+00   7.0000000e+00   2.3000000e+01   8.9500000e+00
   1.2639812e+03   3.2000000e+01   5.5000000e+01   6.2000000e+02   5.9000000e+01   2.9500000e+01   3.6857143e+01   1.5869565e+01   2.0000000e+00   7.0000000e+00   2.3000000e+01   8.9277108e+00
   1.1021679e+03   2.7000000e+01   5.0000000e+01   5.2000000e+02   5.9000000e+01   2.9500000e+01   3.3666667e+01   1.6368421e+01   2.0000000e+00   6.0000000e+00   1.9000000e+01   8.5890411e+00
   1.0158146e+03   3.4000000e+01   4.0000000e+01   5.0300000e+02   5.7000000e+01   2.8500000e+01   2.4777778e+01   1.1521739e+01   2.0000000e+00   9.0000000e+00   2.3000000e+01   8.6086957e+00
   6.6758541e+02   2.4000000e+01   3.2000000e+01   3.6900000e+02   5.1000000e+01   2.5500000e+01   2.4500000e+01   1.2750000e+01   2.0000000e+00   6.0000000e+00   1.6000000e+01   8.4629630e+00
   1.1948821e+03   3.5000000e+01   5.2000000e+01   5.8600000e+02   5.9000000e+01   2.9500000e+01   3.6142857e+01   1.2769231e+01   2.0000000e+00   7.0000000e+00   2.6000000e+01   8.6962025e+00
   1.2144281e+03   2.8000000e+01   4.7000000e+01   5.0600000e+02   5.9000000e+01   2.9500000e+01   2.5125000e+01   1.6388889e+01   2.0000000e+00   8.0000000e+00   1.8000000e+01   8.8235294e+00
   9.6432493e+02   3.3000000e+01   3.7000000e+01   4.4100000e+02   4.9000000e+01   2.4500000e+01   2.5750000e+01   9.8695652e+00   2.0000000e+00   8.0000000e+00   2.3000000e+01   8.5967742e+00
   1.0003245e+03   2.8000000e+01   4.7000000e+01   5.3400000e+02   5.9000000e+01   2.9500000e+01   3.6833333e+01   1.5500000e+01   2.0000000e+00   6.0000000e+00   2.0000000e+01   9.0434783e+00
   9.9486448e+02   2.8000000e+01   3.8000000e+01   4.5800000e+02   6.0000000e+01   3.0000000e+01   2.5625000e+01   1.3000000e+01   2.0000000e+00   8.0000000e+00   1.8000000e+01   8.9152542e+00
   1.1527294e+03   2.9000000e+01   4.8000000e+01   5.1000000e+02   5.8000000e+01   2.9000000e+01   3.0500000e+01   1.5476190e+01   2.0000000e+00   6.0000000e+00   2.1000000e+01   8.2297297e+00
   1.1663252e+02   7.0000000e+00   7.0000000e+00   1.0100000e+02   3.7000000e+01   9.5000000e+00   3.7000000e+01   1.2750000e+01   2.0000000e+00   1.0000000e+00   4.0000000e+00   8.4166667e+00
   1.1966785e+03   3.6000000e+01   4.9000000e+01   5.8600000e+02   5.5000000e+01   2.7500000e+01   3.4285714e+01   1.2962963e+01   2.0000000e+00   7.0000000e+00   2.7000000e+01   8.9375000e+00
   8.9786505e+02   3.2000000e+01   4.1000000e+01   4.6500000e+02   5.9000000e+01   2.9500000e+01   3.0857143e+01   1.0347826e+01   2.0000000e+00   7.0000000e+00   2.3000000e+01   8.5142857e+00
   1.2513495e+03   3.0000000e+01   4.9000000e+01   5.4100000e+02   5.7000000e+01   2.8500000e+01   3.7666667e+01   1.4136364e+01   2.0000000e+00   6.0000000e+00   2.2000000e+01   8.8289474e+00
   1.1675844e+03   2.6000000e+01   4.5000000e+01   5.2100000e+02   5.9000000e+01   2.9500000e+01   3.9400000e+01   1.6684211e+01   2.0000000e+00   5.0000000e+00   1.9000000e+01   9.0895522e+00
   1.1207527e+03   3.0000000e+01   4.8000000e+01   5.0200000e+02   5.6000000e+01   2.8000000e+01   2.8285714e+01   1.4238095e+01   2.0000000e+00   7.0000000e+00   2.1000000e+01   8.5200000e+00
   1.3146389e+03   3.5000000e+01   5.1000000e+01   6.0100000e+02   5.8000000e+01   2.9000000e+01   3.0625000e+01   1.4360000e+01   2.0000000e+00   8.0000000e+00   2.5000000e+01   8.9382716e+00
   1.1422253e+03   3.3000000e+01   4.8000000e+01   5.4200000e+02   5.6000000e+01   2.8000000e+01   3.2000000e+01   1.3833333e+01   2.0000000e+00   7.0000000e+00   2.4000000e+01   8.6184211e+00
   1.0393961e+03   2.6000000e+01   4.1000000e+01   4.9500000e+02   5.7000000e+01   2.8500000e+01   3.5000000e+01   1.5388889e+01   2.0000000e+00   6.0000000e+00   1.8000000e+01   8.9375000e+00
   1.1739147e+03   3.7000000e+01   4.7000000e+01   5.1800000e+02   5.6000000e+01   2.8000000e+01   2.7555556e+01   1.0923077e+01   2.0000000e+00   9.0000000e+00   2.6000000e+01   8.6133333e+00
   1.2011724e+03   3.2000000e+01   4.5000000e+01   5.2700000e+02   5.6000000e+01   2.8000000e+01   3.1285714e+01   1.3565217e+01   2.0000000e+00   7.0000000e+00   2.3000000e+01   8.4722222e+00
   1.1419121e+03   3.5000000e+01   4.7000000e+01   5.3300000e+02   5.9000000e+01   2.9500000e+01   2.8250000e+01   1.2240000e+01   2.0000000e+00   8.0000000e+00   2.5000000e+01   8.6410256e+00
   1.2241643e+03   2.7000000e+01   4.8000000e+01   5.4100000e+02   6.2000000e+01   3.1000000e+01   3.5500000e+01   1.6578947e+01   2.0000000e+00   6.0000000e+00   1.9000000e+01   9.1571429e+00
   1.1802251e+02   1.3000000e+01   1.1000000e+01   1.8100000e+02   4.5000000e+01   2.2500000e+01   2.1250000e+01   8.7142857e+00   2.0000000e+00   4.0000000e+00   7.0000000e+00   9.9090909e+00
   4.6891616e+02   1.8000000e+01   2.2000000e+01   2.7300000e+02   5.4000000e+01   2.7000000e+01   2.1166667e+01   1.1300000e+01   2.0000000e+00   6.0000000e+00   1.0000000e+01   9.4594595e+00
   9.8416020e+02   2.6000000e+01   3.9000000e+01   4.8600000e+02   5.7000000e+01   2.8500000e+01   3.6500000e+01   1.4166667e+01   2.0000000e+00   6.0000000e+00   1.8000000e+01   9.4590164e+00
   1.2252194e+03   3.1000000e+01   4.5000000e+01   4.9600000e+02   5.6000000e+01   2.8000000e+01   2.5125000e+01   1.3952381e+01   2.0000000e+00   8.0000000e+00   2.1000000e+01   8.8450704e+00
   1.0251058e+03   3.1000000e+01   4.1000000e+01   5.0000000e+02   5.5000000e+01   2.7500000e+01   2.7285714e+01   1.3772727e+01   2.0000000e+00   7.0000000e+00   2.2000000e+01   8.8636364e+00
   1.1889190e+03   3.6000000e+01   5.1000000e+01   6.0400000e+02   6.0000000e+01   3.0000000e+01   3.2500000e+01   1.3038462e+01   2.0000000e+00   8.0000000e+00   2.6000000e+01   8.6867470e+00
   1.0679297e+03   2.9000000e+01   4.8000000e+01   5.1400000e+02   5.8000000e+01   2.9000000e+01   3.4833333e+01   1.4142857e+01   2.0000000e+00   6.0000000e+00   2.1000000e+01   8.6338028e+00
   4.9852065e+02   2.1000000e+01   2.9000000e+01   3.2700000e+02   5.5000000e+01   2.7500000e+01   3.1000000e+01   1.0357143e+01   2.0000000e+00   5.0000000e+00   1.4000000e+01   8.9111111e+00
   1.1933856e+03   3.7000000e+01   4.8000000e+01   5.6100000e+02   5.5000000e+01   2.7500000e+01   2.8888889e+01   1.1653846e+01   2.0000000e+00   9.0000000e+00   2.6000000e+01   8.3414634e+00
   3.3315363e+02   2.0000000e+01   2.1000000e+01   2.6300000e+02   5.0000000e+01   2.5000000e+01   2.4333333e+01   7.3333333e+00   2.0000000e+00   6.0000000e+00   1.2000000e+01   9.3157895e+00
   1.4853528e+02   9.0000000e+00   8.0000000e+00   1.2800000e+02   3.4000000e+01   1.7000000e+01   1.9000000e+01   1.1750000e+01   2.0000000e+00   3.0000000e+00   4.0000000e+00   8.7333333e+00
   1.7265863e+02   9.0000000e+00   8.0000000e+00   1.3200000e+02   4.7000000e+01   2.3500000e+01   1.6000000e+01   9.3333333e+00   2.0000000e+00   4.0000000e+00   3.0000000e+00   8.8000000e+00
   1.1964650e+03   2.9000000e+01   5.1000000e+01   5.5800000e+02   6.0000000e+01   3.0000000e+01   3.9400000e+01   1.6454545e+01   2.0000000e+00   5.0000000e+00   2.2000000e+01   8.7763158e+00
   1.4845760e+03   2.7000000e+01   4.9000000e+01   5.8400000e+02   6.4000000e+01   3.2000000e+01   4.1600000e+01   1.8100000e+01   2.0000000e+00   5.0000000e+00   2.0000000e+01   9.0136986e+00
   8.2700295e+02   2.5000000e+01   3.9000000e+01   4.3600000e+02   5.5000000e+01   2.7500000e+01   3.4400000e+01   1.3833333e+01   2.0000000e+00   5.0000000e+00   1.8000000e+01   8.9836066e+00
   7.3546613e+02   2.6000000e+01   4.0000000e+01   4.3700000e+02   5.7000000e+01   2.8500000e+01   3.2166667e+01   1.2944444e+01   2.0000000e+00   6.0000000e+00   1.8000000e+01   9.0158730e+00
   9.1360871e+02   3.2000000e+01   4.1000000e+01   5.0200000e+02   5.7000000e+01   2.8500000e+01   3.4857143e+01   1.0956522e+01   2.0000000e+00   7.0000000e+00   2.3000000e+01   8.8550725e+00
   1.3822932e+03   2.8000000e+01   5.4000000e+01   5.6900000e+02   6.1000000e+01   3.0500000e+01   3.1428571e+01   1.8105263e+01   2.0000000e+00   7.0000000e+00   1.9000000e+01   8.6794872e+00
   1.2467539e+03   3.2000000e+01   4.6000000e+01   5.5400000e+02   5.7000000e+01   2.8500000e+01   3.7333333e+01   1.3625000e+01   2.0000000e+00   6.0000000e+00   2.4000000e+01   8.7027027e+00
   9.8504925e+02   2.3000000e+01   4.4000000e+01   4.5200000e+02   5.8000000e+01   2.9000000e+01   3.5600000e+01   1.6625000e+01   2.0000000e+00   5.0000000e+00   1.6000000e+01   8.7000000e+00
   2.1756080e+02   1.1000000e+01   8.0000000e+00   1.5400000e+02   4.7000000e+01   2.3500000e+01   1.5400000e+01   9.5000000e+00   2.0000000e+00   5.0000000e+00   4.0000000e+00   9.2941176e+00
   1.3827090e+03   3.3000000e+01   5.1000000e+01   5.6200000e+02   5.5000000e+01   2.7500000e+01   3.4428571e+01   1.3875000e+01   2.0000000e+00   7.0000000e+00   2.4000000e+01   8.4625000e+00
   4.9419057e+02   2.7000000e+01   2.6000000e+01   3.0400000e+02   5.2000000e+01   2.6000000e+01   2.0857143e+01   8.1111111e+00   2.0000000e+00   7.0000000e+00   1.8000000e+01   8.5714286e+00
   1.0290668e+03   3.5000000e+01   4.5000000e+01   5.3000000e+02   5.5000000e+01   2.7500000e+01   2.9000000e+01   1.2000000e+01   2.0000000e+00   8.0000000e+00   2.5000000e+01   8.6623377e+00
   9.8876380e+02   2.8000000e+01   4.3000000e+01   4.6700000e+02   4.9000000e+01   2.4500000e+01   3.3333333e+01   1.3300000e+01   2.0000000e+00   6.0000000e+00   2.0000000e+01   8.7656250e+00
   1.0166072e+03   3.1000000e+01   4.3000000e+01   5.2000000e+02   5.6000000e+01   2.8000000e+01   3.3333333e+01   1.3565217e+01   2.0000000e+00   6.0000000e+00   2.3000000e+01   9.1617647e+00
   9.3232679e+02   2.3000000e+01   4.3000000e+01   4.1200000e+02   5.8000000e+01   2.9000000e+01   2.6666667e+01   1.5800000e+01   2.0000000e+00   6.0000000e+00   1.5000000e+01   8.2857143e+00
   1.0584511e+03   2.9000000e+01   3.8000000e+01   4.5100000e+02   5.4000000e+01   2.7000000e+01   3.7200000e+01   1.2409091e+01   2.0000000e+00   5.0000000e+00   2.2000000e+01   8.7580645e+00
   1.2560209e+02   1.0000000e+01   9.0000000e+00   1.3600000e+02   4.0000000e+01   2.0000000e+01   2.1000000e+01   9.8000000e+00   2.0000000e+00   3.0000000e+00   5.0000000e+00   8.8235294e+00
   1.0939591e+03   2.9000000e+01   4.6000000e+01   5.2300000e+02   5.9000000e+01   2.9500000e+01   3.6333333e+01   1.4047619e+01   2.0000000e+00   6.0000000e+00   2.1000000e+01   8.6376812e+00
   9.0781316e+02   2.3000000e+01   4.1000000e+01   4.7900000e+02   6.5000000e+01   3.2500000e+01   3.6600000e+01   1.7187500e+01   2.0000000e+00   5.0000000e+00   1.6000000e+01   8.9661017e+00
   1.3842880e+03   3.5000000e+01   5.4000000e+01   5.3100000e+02   5.7000000e+01   2.8500000e+01   2.9428571e+01   1.2846154e+01   2.0000000e+00   7.0000000e+00   2.6000000e+01   8.3855422e+00
   1.3028495e+03   4.2000000e+01   5.0000000e+01   5.9200000e+02   5.0000000e+01   2.5000000e+01   3.3500000e+01   1.0281250e+01   2.0000000e+00   8.0000000e+00   3.2000000e+01   8.0795455e+00
   1.2111617e+03   3.3000000e+01   5.1000000e+01   5.6900000e+02   5.9000000e+01   2.9500000e+01   3.1625000e+01   1.3565217e+01   2.0000000e+00   8.0000000e+00   2.3000000e+01   8.4683544e+00
   4.9886704e+02   2.2000000e+01   2.8000000e+01   3.1700000e+02   5.5000000e+01   2.7500000e+01   2.3857143e+01   9.3846154e+00   2.0000000e+00   7.0000000e+00   1.3000000e+01   8.6444444e+00
   1.1846754e+03   2.8000000e+01   5.0000000e+01   5.2900000e+02   5.9000000e+01   2.9500000e+01   3.9000000e+01   1.6000000e+01   2.0000000e+00   5.0000000e+00   2.1000000e+01   8.7123288e+00
   1.1988526e+03   2.8000000e+01   5.0000000e+01   5.2300000e+02   6.1000000e+01   3.0500000e+01   3.1428571e+01   1.5736842e+01   2.0000000e+00   7.0000000e+00   1.9000000e+01   8.7027027e+00
   1.5056018e+03   3.8000000e+01   5.7000000e+01   5.8900000e+02   5.4000000e+01   2.7000000e+01   3.1000000e+01   1.2750000e+01   2.0000000e+00   8.0000000e+00   2.8000000e+01   8.2747253e+00
   3.8170726e+02   2.3000000e+01   1.9000000e+01   2.8500000e+02   4.6000000e+01   2.3000000e+01   2.2142857e+01   7.3571429e+00   2.0000000e+00   7.0000000e+00   1.4000000e+01   9.1750000e+00
   1.5762009e+03   3.2000000e+01   6.3000000e+01   6.0000000e+02   6.2000000e+01   3.1000000e+01   3.7666667e+01   1.5833333e+01   2.0000000e+00   6.0000000e+00   2.4000000e+01   8.4431818e+00
   1.3409554e+03   2.7000000e+01   5.2000000e+01   5.6000000e+02   6.3000000e+01   3.1500000e+01   3.5666667e+01   1.7894737e+01   2.0000000e+00   6.0000000e+00   1.9000000e+01   8.9733333e+00
   1.2452631e+03   3.2000000e+01   4.8000000e+01   5.0100000e+02   5.8000000e+01   2.9000000e+01   3.0714286e+01   1.2565217e+01   2.0000000e+00   7.0000000e+00   2.3000000e+01   8.4868421e+00
   4.0713920e+02   2.0000000e+01   2.0000000e+01   2.3400000e+02   4.5000000e+01   2.2500000e+01   2.3000000e+01   7.6153846e+00   2.0000000e+00   5.0000000e+00   1.3000000e+01   8.2105263e+00
   6.0000004e+02   2.7000000e+01   3.3000000e+01   3.4100000e+02   5.2000000e+01   2.6000000e+01   2.4500000e+01   9.3684211e+00   2.0000000e+00   6.0000000e+00   1.9000000e+01   8.4444444e+00
   1.0525834e+03   3.2000000e+01   4.7000000e+01   5.4400000e+02   6.1000000e+01   3.0500000e+01   2.9000000e+01   1.3818182e+01   2.0000000e+00   8.0000000e+00   2.2000000e+01   8.9736842e+00
   1.0748035e+02   9.0000000e+00   8.0000000e+00   1.1600000e+02   4.0000000e+01   2.0000000e+01   1.5000000e+01   7.6666667e+00   2.0000000e+00   4.0000000e+00   3.0000000e+00   8.2857143e+00
   9.4913221e+02   2.7000000e+01   4.6000000e+01   5.0400000e+02   5.7000000e+01   2.8500000e+01   3.8800000e+01   1.5250000e+01   2.0000000e+00   5.0000000e+00   2.0000000e+01   8.6857143e+00
   1.2289912e+03   3.7000000e+01   4.9000000e+01   5.6200000e+02   5.5000000e+01   2.7500000e+01   3.0125000e+01   1.2037037e+01   2.0000000e+00   8.0000000e+00   2.7000000e+01   8.7108434e+00
   1.1155826e+03   3.2000000e+01   5.0000000e+01   5.2300000e+02   5.7000000e+01   2.8500000e+01   2.8750000e+01   1.3500000e+01   2.0000000e+00   8.0000000e+00   2.2000000e+01   8.3733333e+00
   1.0522467e+03   3.5000000e+01   4.6000000e+01   4.6000000e+02   5.1000000e+01   2.5500000e+01   2.6250000e+01   1.0280000e+01   2.0000000e+00   8.0000000e+00   2.5000000e+01   8.2432432e+00
   9.5092256e+02   2.8000000e+01   4.1000000e+01   4.6500000e+02   5.5000000e+01   2.7500000e+01   3.5500000e+01   1.2650000e+01   2.0000000e+00   6.0000000e+00   2.0000000e+01   8.7164179e+00
   9.4562527e+02   2.5000000e+01   4.1000000e+01   4.1900000e+02   5.8000000e+01   2.9000000e+01   2.8833333e+01   1.3882353e+01   2.0000000e+00   6.0000000e+00   1.7000000e+01   8.5901639e+00
   1.2321399e+03   3.3000000e+01   5.2000000e+01   6.2800000e+02   5.6000000e+01   2.8000000e+01   3.7142857e+01   1.5583333e+01   2.0000000e+00   7.0000000e+00   2.4000000e+01   9.0250000e+00
   1.2870321e+03   2.9000000e+01   5.4000000e+01   5.8200000e+02   6.1000000e+01   3.0500000e+01   3.7333333e+01   1.7285714e+01   2.0000000e+00   6.0000000e+00   2.1000000e+01   8.9876543e+00
   9.0896647e+02   2.4000000e+01   4.0000000e+01   4.5100000e+02   6.2000000e+01   3.1000000e+01   3.2166667e+01   1.5500000e+01   2.0000000e+00   6.0000000e+00   1.6000000e+01   8.6065574e+00
   1.2137654e+03   3.5000000e+01   4.7000000e+01   5.6300000e+02   4.9000000e+01   2.4500000e+01   3.3285714e+01   1.2961538e+01   2.0000000e+00   7.0000000e+00   2.6000000e+01   8.9367089e+00
   3.0846318e+02   1.7000000e+01   1.7000000e+01   2.1800000e+02   5.3000000e+01   2.6500000e+01   1.9666667e+01   7.0000000e+00   2.0000000e+00   6.0000000e+00   9.0000000e+00   9.1612903e+00
   8.3965671e+02   2.5000000e+01   3.8000000e+01   3.9500000e+02   5.6000000e+01   2.8000000e+01   2.9333333e+01   1.2470588e+01   2.0000000e+00   6.0000000e+00   1.7000000e+01   8.0983607e+00
   8.4870901e+02   2.6000000e+01   3.9000000e+01   4.5300000e+02   5.6000000e+01   2.8000000e+01   3.4600000e+01   1.4736842e+01   2.0000000e+00   5.0000000e+00   1.9000000e+01   9.0000000e+00
   1.1807114e+03   3.1000000e+01   4.8000000e+01   5.5000000e+02   5.9000000e+01   2.9500000e+01   3.3571429e+01   1.4545455e+01   2.0000000e+00   7.0000000e+00   2.2000000e+01   8.8904110e+00
   3.9065078e+02   1.8000000e+01   2.1000000e+01   2.5400000e+02   5.0000000e+01   2.5000000e+01   2.4800000e+01   9.0909091e+00   2.0000000e+00   5.0000000e+00   1.1000000e+01   9.0000000e+00
   1.5072772e+02   1.1000000e+01   9.0000000e+00   1.6200000e+02   4.3000000e+01   2.1500000e+01   1.9500000e+01   9.8000000e+00   2.0000000e+00   4.0000000e+00   5.0000000e+00   9.2777778e+00
   4.9002087e+02   2.0000000e+01   2.7000000e+01   3.0900000e+02   5.3000000e+01   2.6500000e+01   2.8000000e+01   1.1384615e+01   2.0000000e+00   5.0000000e+00   1.3000000e+01   8.5348837e+00
