   0.0000000e+00   0.0000000e+00   0.0000000e+00   0.0000000e+00   0.0000000e+00   0.0000000e+00   0.0000000e+00   0.0000000e+00   0.0000000e+00   0.0000000e+00   0.0000000e+00   0.0000000e+00
   0.0000000e+00   0.0000000e+00   0.0000000e+00   0.0000000e+00   0.0000000e+00   0.0000000e+00   0.0000000e+00   0.0000000e+00   0.0000000e+00   0.0000000e+00   0.0000000e+00   0.0000000e+00
   0.0000000e+00   0.0000000e+00   0.0000000e+00   0.0000000e+00   0.0000000e+00   0.0000000e+00   0.0000000e+00   0.0000000e+00   0.0000000e+00   0.0000000e+00   0.0000000e+00   0.0000000e+00
   0.0000000e+00   0.0000000e+00   0.0000000e+00   0.0000000e+00   0.0000000e+00   0.0000000e+00   0.0000000e+00   0.0000000e+00   0.0000000e+00   0.0000000e+00   0.0000000e+00   0.0000000e+00
   0.0000000e+00   0.0000000e+00   0.0000000e+00   0.0000000e+00   0.0000000e+00   0.0000000e+00   0.0000000e+00   0.0000000e+00   0.0000000e+00   0.0000000e+00   0.0000000e+00   0.0000000e+00
   0.0000000e+00   0.0000000e+00   0.0000000e+00   0.0000000e+00   0.0000000e+00   0.0000000e+00   0.0000000e+00   0.0000000e+00   0.0000000e+00   0.0000000e+00   0.0000000e+00   0.0000000e+00
   0.0000000e+00   0.0000000e+00   0.0000000e+00   0.0000000e+00   0.0000000e+00   0.0000000e+00   0.0000000e+00   0.0000000e+00   0.0000000e+00   0.0000000e+00   0.0000000e+00   0.0000000e+00
   0.0000000e+00   0.0000000e+00   0.0000000e+00   0.0000000e+00   0.0000000e+00   0.0000000e+00   0.0000000e+00   0.0000000e+00   0.0000000e+00   0.0000000e+00   0.0000000e+00   0.0000000e+00
   0.0000000e+00   0.0000000e+00   0.0000000e+00   0.0000000e+00   0.0000000e+00   0.0000000e+00   0.0000000e+00   0.0000000e+00   0.0000000e+00   0.0000000e+00   0.0000000e+00   0.0000000e+00
   0.0000000e+00   0.0000000e+00   0.0000000e+00   0.0000000e+00   0.0000000e+00   0.0000000e+00   0.0000000e+00   0.0000000e+00   0.0000000e+00   0.0000000e+00   0.0000000e+00   0.0000000e+00
   0.0000000e+00   0.0000000e+00   0.0000000e+00   0.0000000e+00   0.0000000e+00   0.0000000e+00   0.0000000e+00   0.0000000e+00   0.0000000e+00   0.0000000e+00   0.0000000e+00   0.0000000e+00
   0.0000000e+00   0.0000000e+00   0.0000000e+00   0.0000000e+00   0.0000000e+00   0.0000000e+00   0.0000000e+00   0.0000000e+00   0.0000000e+00   0.0000000e+00   0.0000000e+00   0.0000000e+00
   0.0000000e+00   0.0000000e+00   0.0000000e+00   0.0000000e+00   0.0000000e+00   0.0000000e+00   0.0000000e+00   0.0000000e+00   0.0000000e+00   0.0000000e+00   0.0000000e+00   0.0000000e+00
   0.0000000e+00   0.0000000e+00   0.0000000e+00   0.0000000e+00   0.0000000e+00   0.0000000e+00   0.0000000e+00   0.0000000e+00   0.0000000e+00   0.0000000e+00   0.0000000e+00   0.0000000e+00
   0.0000000e+00   0.0000000e+00   0.0000000e+00   0.0000000e+00   0.0000000e+00   0.0000000e+00   0.0000000e+00   0.0000000e+00   0.0000000e+00   0.0000000e+00   0.0000000e+00   0.0000000e+00
   0.0000000e+00   0.0000000e+00   0.0000000e+00   0.0000000e+00   0.0000000e+00   0.0000000e+00   0.0000000e+00   0.0000000e+00   0.0000000e+00   0.0000000e+00   0.0000000e+00   0.0000000e+00
   0.0000000e+00   0.0000000e+00   0.0000000e+00   0.0000000e+00   0.0000000e+00   0.0000000e+00   0.0000000e+00   0.0000000e+00   0.0000000e+00   0.0000000e+00   0.0000000e+00   0.0000000e+00
   0.0000000e+00   0.0000000e+00   0.0000000e+00   0.0000000e+00   0.0000000e+00   0.0000000e+00   0.0000000e+00   0.0000000e+00   0.0000000e+00   0.0000000e+00   0.0000000e+00   0.0000000e+00
   0.0000000e+00   0.0000000e+00   0.0000000e+00   0.0000000e+00   0.0000000e+00   0.0000000e+00   0.0000000e+00   0.0000000e+00   0.0000000e+00   0.0000000e+00   0.0000000e+00   0.0000000e+00
   0.0000000e+00   0.0000000e+00   0.0000000e+00   0.0000000e+00   0.0000000e+00   0.0000000e+00   0.0000000e+00   0.0000000e+00   0.0000000e+00   0.0000000e+00   0.0000000e+00   0.0000000e+00
   0.0000000e+00   0.0000000e+00   0.0000000e+00   0.0000000e+00   0.0000000e+00   0.0000000e+00   0.0000000e+00   0.0000000e+00   0.0000000e+00   0.0000000e+00   0.0000000e+00   0.0000000e+00
   0.0000000e+00   0.0000000e+00   0.0000000e+00   0.0000000e+00   0.0000000e+00   0.0000000e+00   0.0000000e+00   0.0000000e+00   0.0000000e+00   0.0000000e+00   0.0000000e+00   0.0000000e+00
   0.0000000e+00   0.0000000e+00   0.0000000e+00   0.0000000e+00   0.0000000e+00   0.0000000e+00   0.0000000e+00   0.0000000e+00   0.0000000e+00   0.0000000e+00   0.0000000e+00   0.0000000e+00
   0.0000000e+00   0.0000000e+00   0.0000000e+00   0.0000000e+00   0.0000000e+00   0.0000000e+00   0.0000000e+00   0.0000000e+00   0.0000000e+00   0.0000000e+00   0.0000000e+00   0.0000000e+00
   0.0000000e+00   0.0000000e+00   0.0000000e+00   0.0000000e+00   0.0000000e+00   0.0000000e+00   0.0000000e+00   0.0000000e+00   0.0000000e+00   0.0000000e+00   0.0000000e+00   0.0000000e+00
   0.0000000e+00   0.0000000e+00   0.0000000e+00   0.0000000e+00   0.0000000e+00   0.0000000e+00   0.0000000e+00   0.0000000e+00   0.0000000e+00   0.0000000e+00   0.0000000e+00   0.0000000e+00
   0.0000000e+00   0.0000000e+00   0.0000000e+00   0.0000000e+00   0.0000000e+00   0.0000000e+00   0.0000000e+00   0.0000000e+00   0.0000000e+00   0.0000000e+00   0.0000000e+00   0.0000000e+00
   0.0000000e+00   0.0000000e+00   0.0000000e+00   0.0000000e+00   0.0000000e+00   0.0000000e+00   0.0000000e+00   0.0000000e+00   0.0000000e+00   0.0000000e+00   0.0000000e+00   0.0000000e+00
   0.0000000e+00   0.0000000e+00   0.0000000e+00   0.0000000e+00   0.0000000e+00   0.0000000e+00   0.0000000e+00   0.0000000e+00   0.0000000e+00   0.0000000e+00   0.0000000e+00   0.0000000e+00
   0.0000000e+00   0.0000000e+00   0.0000000e+00   0.0000000e+00   0.0000000e+00   0.0000000e+00   0.0000000e+00   0.0000000e+00   0.0000000e+00   0.0000000e+00   0.0000000e+00   0.0000000e+00
   0.0000000e+00   0.0000000e+00   0.0000000e+00   0.0000000e+00   0.0000000e+00   0.0000000e+00   0.0000000e+00   0.0000000e+00   0.0000000e+00   0.0000000e+00   0.0000000e+00   0.0000000e+00
   0.0000000e+00   0.0000000e+00   0.0000000e+00   0.0000000e+00   0.0000000e+00   0.0000000e+00   0.0000000e+00   0.0000000e+00   0.0000000e+00   0.0000000e+00   0.0000000e+00   0.0000000e+00
   0.0000000e+00   0.0000000e+00   0.0000000e+00   0.0000000e+00   0.0000000e+00   0.0000000e+00   0.0000000e+00   0.0000000e+00   0.0000000e+00   0.0000000e+00   0.0000000e+00   0.0000000e+00
   1.1863143e+03   2.7000000e+01   4.4000000e+01   5.6800000e+02   6.2000000e+01   3.1000000e+01   4.0000000e+01   1.6526316e+01   2.0000000e+00   6.0000000e+00   1.9000000e+01   1.0059701e+01
   1.1144350e+03   2.3000000e+01   3.5000000e+01   4.9400000e+02   6.3000000e+01   3.1500000e+01   3.6800000e+01   1.8437500e+01   2.0000000e+00   5.0000000e+00   1.6000000e+01   1.1036364e+01
   1.2211915e+03   3.1000000e+01   4.2000000e+01   5.9900000e+02   6.2000000e+01   3.1000000e+01   3.7000000e+01   1.5869565e+01   2.0000000e+00   6.0000000e+00   2.3000000e+01   1.0985507e+01
   1.1344516e+03   3.1000000e+01   4.7000000e+01   6.0900000e+02   6.0000000e+01   3.0000000e+01   3.8142857e+01   1.5545455e+01   2.0000000e+00   7.0000000e+00   2.2000000e+01   1.0541667e+01
   9.0769013e+02   2.3000000e+01   4.2000000e+01   5.6400000e+02   6.5000000e+01   3.2500000e+01   4.3800000e+01   2.0437500e+01   2.0000000e+00   5.0000000e+00   1.6000000e+01   1.1269841e+01
   1.1183115e+03   2.4000000e+01   4.4000000e+01   5.8500000e+02   6.4000000e+01   3.2000000e+01   4.2800000e+01   2.0823529e+01   2.0000000e+00   5.0000000e+00   1.7000000e+01   1.1730159e+01
   9.3367774e+02   2.6000000e+01   3.7000000e+01   5.3700000e+02   6.2000000e+01   3.1000000e+01   3.3714286e+01   1.6294118e+01   2.0000000e+00   7.0000000e+00   1.7000000e+01   1.0864407e+01
   1.2642368e+03   3.1000000e+01   4.4000000e+01   6.2500000e+02   5.8000000e+01   2.9000000e+01   3.8285714e+01   1.6227273e+01   2.0000000e+00   7.0000000e+00   2.2000000e+01   1.0555556e+01
   1.1760351e+03   2.7000000e+01   4.0000000e+01   5.8800000e+02   6.0000000e+01   3.0000000e+01   3.9333333e+01   1.7894737e+01   2.0000000e+00   6.0000000e+00   1.9000000e+01   1.1015873e+01
   1.0088255e+03   3.0000000e+01   3.8000000e+01   5.8800000e+02   6.0000000e+01   3.0000000e+01   3.6571429e+01   1.5142857e+01   2.0000000e+00   7.0000000e+00   2.1000000e+01   1.0815385e+01
   1.0481318e+03   3.2000000e+01   3.8000000e+01   5.1200000e+02   5.6000000e+01   2.8000000e+01   2.9125000e+01   1.2409091e+01   2.0000000e+00   8.0000000e+00   2.2000000e+01   1.0545455e+01
   9.9812192e+02   2.2000000e+01   3.9000000e+01   5.4800000e+02   6.4000000e+01   3.2000000e+01   4.4600000e+01   2.0666667e+01   2.0000000e+00   5.0000000e+00   1.5000000e+01   1.1473684e+01
   1.3085135e+03   2.9000000e+01   4.2000000e+01   4.9600000e+02   5.0000000e+01   2.5000000e+01   3.2833333e+01   1.4142857e+01   2.0000000e+00   6.0000000e+00   2.1000000e+01   9.4264706e+00
   1.2098166e+03   3.3000000e+01   4.5000000e+01   6.1600000e+02   5.7000000e+01   2.8500000e+01   3.6714286e+01   1.4916667e+01   2.0000000e+00   7.0000000e+00   2.4000000e+01   1.0319444e+01
   1.1105503e+03   2.2000000e+01   3.7000000e+01   5.0700000e+02   6.3000000e+01   3.1500000e+01   4.5250000e+01   1.9500000e+01   2.0000000e+00   4.0000000e+00   1.6000000e+01   1.0727273e+01
   1.0104565e+03   2.5000000e+01   3.4000000e+01   5.1500000e+02   6.1000000e+01   3.0500000e+01   3.2000000e+01   1.6875000e+01   2.0000000e+00   7.0000000e+00   1.6000000e+01   1.1250000e+01
   1.0128655e+03   3.3000000e+01   4.0000000e+01   6.0500000e+02   6.3000000e+01   3.1500000e+01   3.3875000e+01   1.3565217e+01   2.0000000e+00   8.0000000e+00   2.3000000e+01   1.1342857e+01
   1.0763507e+03   2.6000000e+01   4.6000000e+01   6.1600000e+02   6.8000000e+01   3.4000000e+01   4.1833333e+01   1.9388889e+01   2.0000000e+00   6.0000000e+00   1.8000000e+01   1.0893939e+01
   1.0012849e+03   2.5000000e+01   4.2000000e+01   5.8000000e+02   5.8000000e+01   2.9000000e+01   3.8666667e+01   1.9941176e+01   2.0000000e+00   6.0000000e+00   1.7000000e+01   1.1187500e+01
   1.4722204e+03   2.6000000e+01   4.9000000e+01   5.8900000e+02   5.1000000e+01   2.5500000e+01   4.4400000e+01   1.9736842e+01   2.0000000e+00   5.0000000e+00   1.9000000e+01   1.0625000e+01
   1.0836340e+03   3.4000000e+01   4.3000000e+01   5.5600000e+02   5.5000000e+01   2.7500000e+01   3.4250000e+01   1.1750000e+01   2.0000000e+00   8.0000000e+00   2.4000000e+01   1.0724638e+01
   9.4821263e+02   2.1000000e+01   3.6000000e+01   5.4900000e+02   6.4000000e+01   3.2000000e+01   4.0000000e+01   2.3642857e+01   2.0000000e+00   5.0000000e+00   1.4000000e+01   1.2000000e+01
   8.9585672e+02   2.4000000e+01   4.0000000e+01   5.4100000e+02   6.2000000e+01   3.1000000e+01   3.3714286e+01   1.8866667e+01   2.0000000e+00   7.0000000e+00   1.5000000e+01   1.1413793e+01
   1.2389267e+03   3.0000000e+01   4.5000000e+01   5.6700000e+02   6.3000000e+01   3.1500000e+01   3.6142857e+01   1.4714286e+01   2.0000000e+00   7.0000000e+00   2.1000000e+01   1.0267606e+01
   1.2200575e+03   3.2000000e+01   4.2000000e+01   5.8800000e+02   5.7000000e+01   2.8500000e+01   3.5428571e+01   1.4739130e+01   2.0000000e+00   7.0000000e+00   2.3000000e+01   1.0450704e+01
   1.1168447e+03   2.6000000e+01   4.2000000e+01   5.6500000e+02   6.6000000e+01   3.3000000e+01   3.1428571e+01   1.9294118e+01   2.0000000e+00   7.0000000e+00   1.7000000e+01   1.1140625e+01
   1.4358270e+03   3.1000000e+01   5.2000000e+01   6.3800000e+02   6.7000000e+01   3.3500000e+01   3.6142857e+01   1.7136364e+01   2.0000000e+00   7.0000000e+00   2.2000000e+01   1.0569620e+01
   1.0540194e+03   2.6000000e+01   3.8000000e+01   5.3200000e+02   6.4000000e+01   3.2000000e+01   3.8333333e+01   1.5777778e+01   2.0000000e+00   6.0000000e+00   1.8000000e+01   1.1203390e+01
   1.1882125e+03   3.2000000e+01   4.5000000e+01   5.8200000e+02   6.0000000e+01   3.0000000e+01   3.3500000e+01   1.4318182e+01   2.0000000e+00   8.0000000e+00   2.2000000e+01   1.0550725e+01
   1.1146214e+03   2.8000000e+01   4.3000000e+01   6.1400000e+02   6.3000000e+01   3.1500000e+01   3.9333333e+01   1.8500000e+01   2.0000000e+00   6.0000000e+00   2.0000000e+01   1.1061538e+01
   7.6806892e+02   2.5000000e+01   3.5000000e+01   5.1700000e+02   5.9000000e+01   2.9500000e+01   3.3166667e+01   1.7764706e+01   2.0000000e+00   6.0000000e+00   1.7000000e+01   1.1400000e+01
   1.1246241e+03   2.2000000e+01   4.5000000e+01   5.9700000e+02   6.9000000e+01   3.4500000e+01   4.5800000e+01   2.3333333e+01   2.0000000e+00   5.0000000e+00   1.5000000e+01   1.1206349e+01
   1.0167895e+03   2.7000000e+01   4.0000000e+01   5.4900000e+02   6.6000000e+01   3.3000000e+01   3.5428571e+01   1.5444444e+01   2.0000000e+00   7.0000000e+00   1.8000000e+01   1.0790323e+01
   1.0099597e+03   2.6000000e+01   3.8000000e+01   5.3700000e+02   6.3000000e+01   3.1500000e+01   4.0200000e+01   1.6789474e+01   2.0000000e+00   5.0000000e+00   1.9000000e+01   1.0881356e+01
   1.1682236e+03   2.8000000e+01   4.5000000e+01   6.0900000e+02   6.6000000e+01   3.3000000e+01   3.6142857e+01   1.8052632e+01   2.0000000e+00   7.0000000e+00   1.9000000e+01   1.1130435e+01
   1.1833938e+03   2.9000000e+01   4.4000000e+01   5.6800000e+02   6.0000000e+01   3.0000000e+01   3.3571429e+01   1.6500000e+01   2.0000000e+00   7.0000000e+00   2.0000000e+01   1.0764706e+01
   1.3312516e+03   2.7000000e+01   4.7000000e+01   6.0700000e+02   6.3000000e+01   3.1500000e+01   4.2666667e+01   1.8105263e+01   2.0000000e+00   6.0000000e+00   1.9000000e+01   1.0285714e+01
   1.1021291e+03   2.3000000e+01   4.1000000e+01   5.8000000e+02   6.5000000e+01   3.2500000e+01   4.4400000e+01   2.0937500e+01   2.0000000e+00   5.0000000e+00   1.6000000e+01   1.1360656e+01
   1.2028663e+03   2.7000000e+01   4.4000000e+01   5.8600000e+02   6.4000000e+01   3.2000000e+01   3.6333333e+01   1.9000000e+01   2.0000000e+00   6.0000000e+00   1.9000000e+01   1.0560606e+01
   1.1376339e+03   2.5000000e+01   4.1000000e+01   5.6500000e+02   5.4000000e+01   2.7000000e+01   4.0200000e+01   1.9666667e+01   2.0000000e+00   5.0000000e+00   1.8000000e+01   1.0656250e+01
   1.0939267e+03   2.6000000e+01   3.8000000e+01   4.8600000e+02   5.7000000e+01   2.8500000e+01   2.9142857e+01   1.5647059e+01   2.0000000e+00   7.0000000e+00   1.7000000e+01   1.0300000e+01
   1.0864343e+03   3.2000000e+01   4.0000000e+01   6.2500000e+02   6.0000000e+01   3.0000000e+01   3.6857143e+01   1.5217391e+01   2.0000000e+00   7.0000000e+00   2.3000000e+01   1.1044118e+01
   1.1273442e+03   2.5000000e+01   4.2000000e+01   5.4900000e+02   6.4000000e+01   3.2000000e+01   3.9666667e+01   1.7647059e+01   2.0000000e+00   6.0000000e+00   1.7000000e+01   1.0906250e+01
   1.0780340e+03   2.7000000e+01   4.1000000e+01   6.0800000e+02   6.2000000e+01   3.1000000e+01   4.0000000e+01   1.8631579e+01   2.0000000e+00   6.0000000e+00   1.9000000e+01   1.0876923e+01
   1.0037406e+03   2.4000000e+01   3.4000000e+01   4.6000000e+02   6.3000000e+01   3.1500000e+01   3.1666667e+01   1.5500000e+01   2.0000000e+00   6.0000000e+00   1.6000000e+01   1.0436364e+01
   8.9797532e+02   2.6000000e+01   3.2000000e+01   4.8100000e+02   5.8000000e+01   2.9000000e+01   3.2285714e+01   1.3470588e+01   2.0000000e+00   7.0000000e+00   1.7000000e+01   1.0589286e+01
   1.1000316e+03   2.5000000e+01   4.1000000e+01   5.5600000e+02   6.2000000e+01   3.1000000e+01   3.8833333e+01   1.7941176e+01   2.0000000e+00   6.0000000e+00   1.7000000e+01   1.0850000e+01
   1.0688128e+03   1.7000000e+01   3.9000000e+01   5.3200000e+02   5.8000000e+01   2.3500000e+01   5.6333333e+01   2.9750000e+01   2.0000000e+00   3.0000000e+00   1.2000000e+01   1.0943396e+01
   1.1612019e+03   2.6000000e+01   3.9000000e+01   5.0700000e+02   6.0000000e+01   3.0000000e+01   3.5833333e+01   1.5166667e+01   2.0000000e+00   6.0000000e+00   1.8000000e+01   1.0639344e+01
   1.1518973e+03   2.4000000e+01   4.3000000e+01   5.7100000e+02   7.0000000e+01   3.5000000e+01   3.9200000e+01   2.0705882e+01   2.0000000e+00   5.0000000e+00   1.7000000e+01   1.1285714e+01
   1.0611547e+03   3.1000000e+01   4.1000000e+01   6.0800000e+02   5.9000000e+01   2.9500000e+01   3.5000000e+01   1.7086957e+01   2.0000000e+00   6.0000000e+00   2.3000000e+01   1.1338235e+01
   1.2005667e+03   2.6000000e+01   4.1000000e+01   5.3600000e+02   6.0000000e+01   3.0000000e+01   3.7600000e+01   1.7526316e+01   2.0000000e+00   5.0000000e+00   1.9000000e+01   1.0571429e+01
   9.4869557e+02   2.9000000e+01   4.2000000e+01   5.9200000e+02   6.1000000e+01   3.0500000e+01   4.1000000e+01   1.5857143e+01   2.0000000e+00   6.0000000e+00   2.1000000e+01   1.0939394e+01
   7.6638654e+02   2.7000000e+01   3.0000000e+01   4.7300000e+02   5.4000000e+01   2.7000000e+01   3.2000000e+01   1.3947368e+01   2.0000000e+00   6.0000000e+00   1.9000000e+01   1.1092593e+01
   9.5525232e+02   2.5000000e+01   4.0000000e+01   5.8400000e+02   6.8000000e+01   3.4000000e+01   4.2000000e+01   1.8000000e+01   2.0000000e+00   6.0000000e+00   1.7000000e+01   1.1131148e+01
   1.1006810e+03   2.4000000e+01   4.2000000e+01   5.9600000e+02   6.8000000e+01   3.4000000e+01   3.6714286e+01   2.1800000e+01   2.0000000e+00   7.0000000e+00   1.5000000e+01   1.1444444e+01
   1.1448005e+03   2.4000000e+01   4.4000000e+01   5.4800000e+02   6.4000000e+01   3.2000000e+01   4.1600000e+01   1.8882353e+01   2.0000000e+00   5.0000000e+00   1.7000000e+01   1.0714286e+01
   9.0142033e+02   2.2000000e+01   3.3000000e+01   5.2900000e+02   6.7000000e+01   3.3500000e+01   4.2600000e+01   1.9400000e+01   2.0000000e+00   5.0000000e+00   1.5000000e+01   1.1698113e+01
   1.1492683e+03   2.9000000e+01   4.4000000e+01   5.4200000e+02   5.9000000e+01   2.9500000e+01   3.2714286e+01   1.5500000e+01   2.0000000e+00   7.0000000e+00   2.0000000e+01   1.0573529e+01
   8.1418635e+02   2.4000000e+01   3.5000000e+01   5.1200000e+02   6.5000000e+01   3.2500000e+01   4.4000000e+01   1.6294118e+01   2.0000000e+00   5.0000000e+00   1.7000000e+01   1.1357143e+01
   1.1338246e+03   2.4000000e+01   4.0000000e+01   5.6100000e+02   6.2000000e+01   3.1000000e+01   3.9666667e+01   1.9062500e+01   2.0000000e+00   6.0000000e+00   1.6000000e+01   1.1145161e+01
   1.2553356e+03   3.3000000e+01   5.0000000e+01   6.5700000e+02   5.9000000e+01   2.9500000e+01   3.7142857e+01   1.6333333e+01   2.0000000e+00   7.0000000e+00   2.4000000e+01   1.0645570e+01
   1.1380265e+03   2.6000000e+01   4.4000000e+01   5.8400000e+02   6.2000000e+01   3.1000000e+01   4.1600000e+01   1.9631579e+01   2.0000000e+00   5.0000000e+00   1.9000000e+01   1.1253731e+01
   1.1554650e+03   2.3000000e+01   4.1000000e+01   5.4000000e+02   6.1000000e+01   3.0500000e+01   4.6250000e+01   2.0588235e+01   2.0000000e+00   4.0000000e+00   1.7000000e+01   1.0316667e+01
   1.1653675e+03   3.2000000e+01   4.3000000e+01   6.1000000e+02   5.6000000e+01   2.8000000e+01   3.9714286e+01   1.4217391e+01   2.0000000e+00   7.0000000e+00   2.3000000e+01   1.1056338e+01
   9.4402030e+02   2.7000000e+01   3.9000000e+01   5.0900000e+02   5.6000000e+01   2.8000000e+01   2.7571429e+01   1.7055556e+01   2.0000000e+00   7.0000000e+00   1.8000000e+01   1.0355932e+01
   1.1700821e+03   2.8000000e+01   4.4000000e+01   5.8600000e+02   6.6000000e+01   3.3000000e+01   3.5666667e+01   1.7750000e+01   2.0000000e+00   6.0000000e+00   2.0000000e+01   1.0954545e+01
