   5.7067487e+02   2.3000000e+01   2.8000000e+01   2.2000000e+02   3.6000000e+01   1.8000000e+01   1.6000000e+01   7.1428571e+00   2.0000000e+00   7.0000000e+00   1.4000000e+01   4.8775510e+00
   4.8303487e+02   2.4000000e+01   2.4000000e+01   1.9400000e+02   4.7000000e+01   2.3500000e+01   1.3625000e+01   4.7857143e+00   2.0000000e+00   8.0000000e+00   1.4000000e+01   5.0000000e+00
   4.2903386e+02   2.1000000e+01   2.3000000e+01   2.0100000e+02   4.1000000e+01   2.0500000e+01   1.0125000e+01   9.9090909e+00   2.0000000e+00   8.0000000e+00   1.1000000e+01   5.8536585e+00
   4.0978934e+02   2.1000000e+01   2.1000000e+01   1.8400000e+02   3.6000000e+01   1.8000000e+01   1.1777778e+01   6.6000000e+00   2.0000000e+00   9.0000000e+00   1.0000000e+01   5.1000000e+00
   3.9518634e+02   2.2000000e+01   2.0000000e+01   1.9400000e+02   5.2000000e+01   2.6000000e+01   1.3625000e+01   4.5833333e+00   2.0000000e+00   8.0000000e+00   1.2000000e+01   5.4615385e+00
   3.6303949e+02   1.9000000e+01   2.3000000e+01   2.0900000e+02   4.3000000e+01   2.1500000e+01   1.8000000e+01   7.7272727e+00   2.0000000e+00   6.0000000e+00   1.1000000e+01   5.9230769e+00
   4.2539838e+02   2.1000000e+01   2.2000000e+01   1.9800000e+02   3.9000000e+01   1.9500000e+01   1.4714286e+01   6.5833333e+00   2.0000000e+00   7.0000000e+00   1.2000000e+01   5.3902439e+00
   4.9661824e+02   2.6000000e+01   2.7000000e+01   2.6400000e+02   4.1000000e+01   2.0500000e+01   1.9857143e+01   6.6470588e+00   2.0000000e+00   7.0000000e+00   1.7000000e+01   5.6400000e+00
   3.8475015e+02   1.8000000e+01   2.1000000e+01   2.0900000e+02   4.8000000e+01   2.4000000e+01   1.5666667e+01   8.9000000e+00   2.0000000e+00   6.0000000e+00   1.0000000e+01   5.9459459e+00
   3.7282362e+02   1.9000000e+01   2.1000000e+01   1.9900000e+02   3.5000000e+01   1.7500000e+01   1.7333333e+01   7.8181818e+00   2.0000000e+00   6.0000000e+00   1.1000000e+01   5.9210526e+00
   5.4840292e+02   2.4000000e+01   2.5000000e+01   2.1200000e+02   3.4000000e+01   1.7000000e+01   1.6142857e+01   6.1333333e+00   2.0000000e+00   7.0000000e+00   1.5000000e+01   5.1956522e+00
   4.3553966e+02   2.1000000e+01   2.1000000e+01   2.0000000e+02   3.8000000e+01   1.9000000e+01   1.4857143e+01   6.5000000e+00   2.0000000e+00   7.0000000e+00   1.2000000e+01   5.5500000e+00
   5.2502084e+02   2.4000000e+01   3.0000000e+01   2.6900000e+02   4.3000000e+01   2.1500000e+01   1.8428571e+01   8.5333333e+00   2.0000000e+00   7.0000000e+00   1.5000000e+01   6.1568627e+00
   4.4142382e+02   2.2000000e+01   2.2000000e+01   1.8800000e+02   3.4000000e+01   1.7000000e+01   1.7333333e+01   5.9285714e+00   2.0000000e+00   6.0000000e+00   1.4000000e+01   5.1666667e+00
   4.8864219e+02   2.3000000e+01   2.4000000e+01   2.0900000e+02   3.5000000e+01   1.7500000e+01   1.7500000e+01   6.2000000e+00   2.0000000e+00   6.0000000e+00   1.5000000e+01   4.9772727e+00
   5.0908604e+02   2.1000000e+01   2.3000000e+01   1.9600000e+02   4.9000000e+01   2.4500000e+01   1.4428571e+01   5.9166667e+00   2.0000000e+00   7.0000000e+00   1.2000000e+01   5.1428571e+00
   6.0798191e+02   1.6000000e+01   2.9000000e+01   2.1500000e+02   3.7000000e+01   8.0000000e+00   3.6000000e+01   1.2916667e+01   2.0000000e+00   2.0000000e+00   1.2000000e+01   5.2325581e+00
   4.9245603e+02   2.5000000e+01   2.6000000e+01   2.2800000e+02   4.4000000e+01   2.2000000e+01   1.5375000e+01   6.0666667e+00   2.0000000e+00   8.0000000e+00   1.5000000e+01   5.4791667e+00
   3.6870511e+02   1.6000000e+01   2.1000000e+01   1.8300000e+02   3.5000000e+01   1.7500000e+01   1.7000000e+01   9.6666667e+00   2.0000000e+00   5.0000000e+00   9.0000000e+00   5.4857143e+00
   3.5798940e+02   1.9000000e+01   2.0000000e+01   1.9800000e+02   4.5000000e+01   2.2500000e+01   1.4428571e+01   7.2000000e+00   2.0000000e+00   7.0000000e+00   1.0000000e+01   5.8108108e+00
   4.8535002e+02   2.0000000e+01   2.5000000e+01   2.2100000e+02   3.9000000e+01   1.9500000e+01   2.1000000e+01   7.7692308e+00   2.0000000e+00   5.0000000e+00   1.3000000e+01   5.3720930e+00
   3.8865521e+02   1.9000000e+01   2.2000000e+01   2.0800000e+02   3.6000000e+01   1.5000000e+01   2.1750000e+01   8.9230769e+00   2.0000000e+00   4.0000000e+00   1.3000000e+01   6.0810811e+00
   4.1119436e+02   2.5000000e+01   2.6000000e+01   2.4400000e+02   4.5000000e+01   2.2500000e+01   1.5625000e+01   6.6666667e+00   2.0000000e+00   8.0000000e+00   1.5000000e+01   6.1086957e+00
   4.3408614e+02   1.7000000e+01   2.0000000e+01   1.7800000e+02   4.3000000e+01   2.1500000e+01   1.4833333e+01   7.2222222e+00   2.0000000e+00   6.0000000e+00   9.0000000e+00   5.3714286e+00
   4.0028924e+02   2.1000000e+01   2.3000000e+01   2.2200000e+02   4.1000000e+01   2.0500000e+01   1.7000000e+01   7.9230769e+00   2.0000000e+00   6.0000000e+00   1.3000000e+01   5.7560976e+00
   4.9757230e+02   2.0000000e+01   2.4000000e+01   2.1700000e+02   3.4000000e+01   1.7000000e+01   2.0000000e+01   7.4166667e+00   2.0000000e+00   6.0000000e+00   1.2000000e+01   5.6190476e+00
   4.4675024e+02   2.2000000e+01   2.3000000e+01   2.2100000e+02   3.6000000e+01   1.8000000e+01   1.9000000e+01   6.8571429e+00   2.0000000e+00   6.0000000e+00   1.4000000e+01   5.5348837e+00
   3.8878070e+02   2.4000000e+01   2.2000000e+01   2.1600000e+02   4.5000000e+01   2.2500000e+01   1.4750000e+01   5.4285714e+00   2.0000000e+00   8.0000000e+00   1.4000000e+01   5.5909091e+00
   5.2367912e+02   2.1000000e+01   2.4000000e+01   2.0900000e+02   3.6000000e+01   1.8000000e+01   1.7833333e+01   6.9230769e+00   2.0000000e+00   6.0000000e+00   1.3000000e+01   5.4634146e+00
   4.1291809e+02   2.5000000e+01   2.7000000e+01   2.6700000e+02   5.0000000e+01   2.5000000e+01   2.0285714e+01   6.5000000e+00   2.0000000e+00   7.0000000e+00   1.6000000e+01   5.8750000e+00
   4.0459500e+02   1.6000000e+01   2.1000000e+01   1.6700000e+02   4.1000000e+01   2.0500000e+01   1.3833333e+01   8.1250000e+00   2.0000000e+00   6.0000000e+00   8.0000000e+00   5.0588235e+00
   4.0656659e+02   1.9000000e+01   2.3000000e+01   2.2100000e+02   4.1000000e+01   2.0500000e+01   1.6166667e+01   9.8181818e+00   2.0000000e+00   6.0000000e+00   1.1000000e+01   5.9487179e+00
   4.1025025e+02   2.0000000e+01   2.4000000e+01   2.3300000e+02   3.6000000e+01   1.8000000e+01   2.4200000e+01   7.7692308e+00   2.0000000e+00   5.0000000e+00   1.3000000e+01   5.8536585e+00
   1.0432236e+03   2.9000000e+01   3.6000000e+01   2.6300000e+02   4.7000000e+01   2.3500000e+01   1.9571429e+01   5.8500000e+00   2.0000000e+00   7.0000000e+00   2.0000000e+01   5.5593220e+00
   5.9000669e+02   2.2000000e+01   2.8000000e+01   2.2800000e+02   4.7000000e+01   2.3500000e+01   1.5285714e+01   7.9230769e+00   2.0000000e+00   7.0000000e+00   1.3000000e+01   5.1739130e+00
   4.2568627e+02   2.3000000e+01   2.4000000e+01   2.1200000e+02   3.5000000e+01   1.7500000e+01   1.6833333e+01   6.8000000e+00   2.0000000e+00   6.0000000e+00   1.5000000e+01   5.5777778e+00
   4.1803131e+02   2.3000000e+01   2.0000000e+01   2.0000000e+02   3.9000000e+01   1.9500000e+01   1.5833333e+01   5.6666667e+00   2.0000000e+00   6.0000000e+00   1.5000000e+01   5.2000000e+00
   4.3981838e+02   1.7000000e+01   2.1000000e+01   1.8300000e+02   3.8000000e+01   1.9000000e+01   1.5333333e+01   8.3333333e+00   2.0000000e+00   6.0000000e+00   9.0000000e+00   5.3611111e+00
   3.6259390e+02   1.9000000e+01   2.1000000e+01   1.8300000e+02   3.3000000e+01   1.6500000e+01   1.8400000e+01   6.6666667e+00   2.0000000e+00   5.0000000e+00   1.2000000e+01   5.2162162e+00
   3.9945300e+02   2.2000000e+01   2.3000000e+01   2.5500000e+02   3.7000000e+01   1.8500000e+01   2.2200000e+01   8.6666667e+00   2.0000000e+00   5.0000000e+00   1.5000000e+01   6.2325581e+00
   3.4818053e+02   2.2000000e+01   2.0000000e+01   1.9100000e+02   4.5000000e+01   2.2500000e+01   1.2222222e+01   5.0909091e+00   2.0000000e+00   9.0000000e+00   1.1000000e+01   5.4615385e+00
   5.7004621e+02   2.4000000e+01   2.8000000e+01   2.4800000e+02   4.0000000e+01   2.0000000e+01   1.9000000e+01   7.3333333e+00   2.0000000e+00   7.0000000e+00   1.5000000e+01   5.6530612e+00
   4.1279984e+02   1.7000000e+01   2.1000000e+01   1.8200000e+02   3.6000000e+01   1.8000000e+01   1.5800000e+01   8.8000000e+00   2.0000000e+00   5.0000000e+00   1.0000000e+01   5.4285714e+00
   4.4605910e+02   2.1000000e+01   2.5000000e+01   2.1200000e+02   3.6000000e+01   1.8000000e+01   2.2000000e+01   7.0000000e+00   2.0000000e+00   5.0000000e+00   1.4000000e+01   5.6428571e+00
   4.8168415e+02   2.2000000e+01   2.3000000e+01   1.9500000e+02   4.3000000e+01   2.1500000e+01   1.6000000e+01   6.0714286e+00   2.0000000e+00   6.0000000e+00   1.4000000e+01   5.1904762e+00
   4.8703828e+02   2.2000000e+01   2.1000000e+01   1.9100000e+02   3.8000000e+01   1.9000000e+01   1.4500000e+01   6.2142857e+00   2.0000000e+00   6.0000000e+00   1.4000000e+01   5.0975610e+00
   4.6970624e+02   2.0000000e+01   2.3000000e+01   1.8200000e+02   3.9000000e+01   1.9500000e+01   1.3714286e+01   6.2727273e+00   2.0000000e+00   7.0000000e+00   1.1000000e+01   5.3076923e+00
   3.3316218e+02   2.3000000e+01   2.0000000e+01   2.1300000e+02   3.3000000e+01   1.6500000e+01   1.6000000e+01   6.6428571e+00   2.0000000e+00   7.0000000e+00   1.4000000e+01   5.6000000e+00
   4.8108185e+02   2.3000000e+01   2.4000000e+01   2.1000000e+02   4.0000000e+01   2.0000000e+01   1.6714286e+01   5.5714286e+00   2.0000000e+00   7.0000000e+00   1.4000000e+01   5.1136364e+00
   3.8697320e+02   1.8000000e+01   2.1000000e+01   2.0000000e+02   3.2000000e+01   1.6000000e+01   1.5166667e+01   9.7000000e+00   2.0000000e+00   6.0000000e+00   1.0000000e+01   5.6216216e+00
   4.4981084e+02   2.5000000e+01   2.5000000e+01   2.2800000e+02   4.2000000e+01   2.1000000e+01   1.5333333e+01   5.5000000e+00   2.0000000e+00   9.0000000e+00   1.4000000e+01   5.4468085e+00
   4.6873567e+02   1.9000000e+01   2.0000000e+01   1.4900000e+02   3.8000000e+01   1.9000000e+01   1.2333333e+01   5.0909091e+00   2.0000000e+00   6.0000000e+00   1.1000000e+01   4.6571429e+00
   4.5204225e+02   2.0000000e+01   2.5000000e+01   2.0200000e+02   2.6000000e+01   1.3000000e+01   2.4000000e+01   7.5000000e+00   2.0000000e+00   4.0000000e+00   1.4000000e+01   5.2142857e+00
   1.4825419e+03   2.3000000e+01   4.8000000e+01   3.0400000e+02   3.8000000e+01   5.5000000e+00   3.6000000e+01   1.3333333e+01   2.0000000e+00   3.0000000e+00   1.8000000e+01   5.1384615e+00
   4.2696520e+02   1.9000000e+01   2.3000000e+01   1.9900000e+02   3.7000000e+01   1.8500000e+01   2.0200000e+01   7.2500000e+00   2.0000000e+00   5.0000000e+00   1.2000000e+01   5.6500000e+00
   4.3137731e+02   2.2000000e+01   2.5000000e+01   2.1300000e+02   3.7000000e+01   1.8500000e+01   1.7500000e+01   6.8571429e+00   2.0000000e+00   6.0000000e+00   1.4000000e+01   5.4444444e+00
   4.8391770e+02   2.3000000e+01   2.2000000e+01   1.8500000e+02   4.2000000e+01   2.1000000e+01   1.3428571e+01   5.5000000e+00   2.0000000e+00   7.0000000e+00   1.4000000e+01   4.6511628e+00
   4.6489120e+02   2.1000000e+01   2.2000000e+01   1.9600000e+02   3.4000000e+01   1.7000000e+01   1.5000000e+01   6.7500000e+00   2.0000000e+00   7.0000000e+00   1.2000000e+01   5.1707317e+00
   4.5163342e+02   2.4000000e+01   2.8000000e+01   2.6900000e+02   5.3000000e+01   2.6500000e+01   2.0000000e+01   7.3333333e+00   2.0000000e+00   7.0000000e+00   1.5000000e+01   6.0000000e+00
   4.1949699e+02   1.8000000e+01   2.1000000e+01   1.7100000e+02   4.3000000e+01   2.1500000e+01   1.4833333e+01   6.1000000e+00   2.0000000e+00   6.0000000e+00   1.0000000e+01   4.9444444e+00
   5.1854860e+02   1.9000000e+01   2.4000000e+01   1.9800000e+02   3.9000000e+01   1.9500000e+01   1.5333333e+01   8.2727273e+00   2.0000000e+00   6.0000000e+00   1.1000000e+01   5.2926829e+00
   5.3624419e+02   2.3000000e+01   2.6000000e+01   2.1200000e+02   3.9000000e+01   1.9500000e+01   1.5857143e+01   6.4285714e+00   2.0000000e+00   7.0000000e+00   1.4000000e+01   5.2978723e+00
   4.1769254e+02   2.4000000e+01   2.2000000e+01   2.4000000e+02   3.4000000e+01   1.7000000e+01   2.2500000e+01   5.8750000e+00   2.0000000e+00   6.0000000e+00   1.6000000e+01   5.8139535e+00
   4.7801317e+02   2.1000000e+01   2.3000000e+01   1.7900000e+02   3.8000000e+01   1.9000000e+01   1.6333333e+01   5.4615385e+00   2.0000000e+00   6.0000000e+00   1.3000000e+01   4.8809524e+00
   4.2303620e+02   1.9000000e+01   2.5000000e+01   2.2100000e+02   4.6000000e+01   2.3000000e+01   1.8166667e+01   8.3636364e+00   2.0000000e+00   6.0000000e+00   1.1000000e+01   5.9024390e+00
   3.6309167e+02   2.1000000e+01   2.2000000e+01   2.0000000e+02   3.6000000e+01   1.8000000e+01   2.0800000e+01   5.9285714e+00   2.0000000e+00   5.0000000e+00   1.4000000e+01   5.4390244e+00
   4.2378237e+02   2.2000000e+01   2.6000000e+01   2.4100000e+02   4.7000000e+01   2.3500000e+01   1.6428571e+01   8.7692308e+00   2.0000000e+00   7.0000000e+00   1.3000000e+01   5.9555556e+00
   4.8662389e+02   2.1000000e+01   2.5000000e+01   2.2500000e+02   4.1000000e+01   2.0500000e+01   1.5571429e+01   8.5833333e+00   2.0000000e+00   7.0000000e+00   1.2000000e+01   5.7727273e+00
   4.7485218e+02   2.7000000e+01   2.7000000e+01   2.3900000e+02   4.4000000e+01   2.2000000e+01   1.6000000e+01   6.1666667e+00   2.0000000e+00   7.0000000e+00   1.8000000e+01   5.3265306e+00
   1.5960987e+03   2.4000000e+01   4.5000000e+01   3.0300000e+02   3.3000000e+01   1.4000000e+01   2.7250000e+01   1.1777778e+01   2.0000000e+00   4.0000000e+00   1.8000000e+01   5.5538462e+00
   4.4589957e+02   2.5000000e+01   2.7000000e+01   2.4000000e+02   4.3000000e+01   2.1500000e+01   1.4125000e+01   7.5333333e+00   2.0000000e+00   8.0000000e+00   1.5000000e+01   5.5306122e+00
   4.1483531e+02   2.0000000e+01   2.3000000e+01   2.0400000e+02   2.9000000e+01   1.4000000e+01   2.2200000e+01   7.0000000e+00   2.0000000e+00   5.0000000e+00   1.3000000e+01   5.2750000e+00
   4.4089801e+02   1.9000000e+01   2.6000000e+01   2.3900000e+02   3.5000000e+01   1.7500000e+01   2.1600000e+01   1.0333333e+01   2.0000000e+00   5.0000000e+00   1.2000000e+01   6.0930233e+00
   9.8996479e+02   1.5000000e+01   3.2000000e+01   2.1300000e+02   3.4000000e+01   4.0000000e+00   3.2000000e+01   1.5636364e+01   2.0000000e+00   2.0000000e+00   1.1000000e+01   5.3953488e+00
   1.7668415e+03   3.5000000e+01   5.6000000e+01   4.0900000e+02   5.0000000e+01   2.5000000e+01   2.4000000e+01   9.3600000e+00   2.0000000e+00   8.0000000e+00   2.5000000e+01   5.8235294e+00
   4.2848723e+02   2.7000000e+01   2.5000000e+01   2.4700000e+02   3.8000000e+01   1.9000000e+01   2.0142857e+01   5.4444444e+00   2.0000000e+00   7.0000000e+00   1.8000000e+01   5.5918367e+00
   4.4359984e+02   2.5000000e+01   2.2000000e+01   2.1500000e+02   3.9000000e+01   1.9500000e+01   1.2900000e+01   5.3846154e+00   2.0000000e+00   1.0000000e+01   1.3000000e+01   5.4000000e+00
   3.7158140e+02   1.5000000e+01   1.9000000e+01   1.6500000e+02   3.9000000e+01   1.9500000e+01   1.4200000e+01   9.2500000e+00   2.0000000e+00   5.0000000e+00   8.0000000e+00   5.5312500e+00
   3.5882537e+02   2.4000000e+01   2.0000000e+01   1.9400000e+02   3.8000000e+01   1.9000000e+01   1.3285714e+01   5.7333333e+00   2.0000000e+00   7.0000000e+00   1.5000000e+01   5.1666667e+00
   4.1155420e+02   2.0000000e+01   2.3000000e+01   1.8700000e+02   3.5000000e+01   1.7500000e+01   1.8800000e+01   6.5384615e+00   2.0000000e+00   5.0000000e+00   1.3000000e+01   5.2307692e+00
   5.2790377e+02   2.2000000e+01   2.5000000e+01   2.1000000e+02   3.7000000e+01   1.8500000e+01   1.2428571e+01   8.4615385e+00   2.0000000e+00   7.0000000e+00   1.3000000e+01   5.1136364e+00
   4.9341444e+02   2.3000000e+01   2.4000000e+01   2.0900000e+02   4.5000000e+01   2.2500000e+01   1.7833333e+01   5.4000000e+00   2.0000000e+00   6.0000000e+00   1.5000000e+01   5.3863636e+00
   5.2532394e+02   2.3000000e+01   2.4000000e+01   2.0600000e+02   3.7000000e+01   1.8500000e+01   1.9166667e+01   5.2666667e+00   2.0000000e+00   6.0000000e+00   1.5000000e+01   4.9111111e+00
   3.7042462e+02   1.7000000e+01   2.0000000e+01   1.9200000e+02   3.3000000e+01   1.6500000e+01   1.7200000e+01   9.4000000e+00   2.0000000e+00   5.0000000e+00   1.0000000e+01   5.7352941e+00
   4.8463025e+02   2.3000000e+01   2.6000000e+01   2.4400000e+02   4.4000000e+01   2.2000000e+01   2.0166667e+01   7.0000000e+00   2.0000000e+00   6.0000000e+00   1.5000000e+01   5.9574468e+00
   4.9937405e+02   2.2000000e+01   2.8000000e+01   2.5100000e+02   4.3000000e+01   2.1500000e+01   2.0800000e+01   8.9333333e+00   2.0000000e+00   5.0000000e+00   1.5000000e+01   5.6808511e+00
   5.0165883e+02   2.7000000e+01   2.8000000e+01   2.6000000e+02   4.7000000e+01   2.3500000e+01   2.0857143e+01   5.3333333e+00   2.0000000e+00   7.0000000e+00   1.8000000e+01   5.9607843e+00
   4.2575591e+02   1.9000000e+01   2.4000000e+01   1.9600000e+02   3.4000000e+01   1.7000000e+01   1.5833333e+01   8.2727273e+00   2.0000000e+00   6.0000000e+00   1.1000000e+01   5.3902439e+00
   4.6747179e+02   2.2000000e+01   2.3000000e+01   1.8500000e+02   3.8000000e+01   1.9000000e+01   1.4714286e+01   5.3846154e+00   2.0000000e+00   7.0000000e+00   1.3000000e+01   4.9047619e+00
   3.8639844e+02   1.5000000e+01   2.2000000e+01   1.7900000e+02   3.4000000e+01   1.6000000e+01   1.8000000e+01   1.0666667e+01   2.0000000e+00   4.0000000e+00   9.0000000e+00   5.5000000e+00
   5.2185871e+02   2.0000000e+01   2.3000000e+01   1.9200000e+02   3.6000000e+01   1.8000000e+01   1.5500000e+01   7.2500000e+00   2.0000000e+00   6.0000000e+00   1.2000000e+01   5.0243902e+00
   3.7896730e+02   2.1000000e+01   2.0000000e+01   1.7400000e+02   4.1000000e+01   2.0500000e+01   1.4000000e+01   5.6153846e+00   2.0000000e+00   6.0000000e+00   1.3000000e+01   5.5384615e+00
   5.8183074e+02   2.5000000e+01   3.1000000e+01   2.3800000e+02   4.6000000e+01   2.3000000e+01   1.6571429e+01   6.7500000e+00   2.0000000e+00   7.0000000e+00   1.6000000e+01   5.4038462e+00
   6.4676111e+02   2.8000000e+01   2.9000000e+01   2.4700000e+02   4.0000000e+01   2.0000000e+01   1.6625000e+01   5.7222222e+00   2.0000000e+00   8.0000000e+00   1.8000000e+01   5.1296296e+00
   5.7008819e+02   1.9000000e+01   3.3000000e+01   2.3900000e+02   3.3000000e+01   7.0000000e+00   3.2333333e+01   1.1571429e+01   2.0000000e+00   3.0000000e+00   1.4000000e+01   5.6956522e+00
   4.9408975e+02   2.4000000e+01   3.0000000e+01   2.7300000e+02   4.4000000e+01   2.2000000e+01   2.0333333e+01   8.5625000e+00   2.0000000e+00   6.0000000e+00   1.6000000e+01   6.0392157e+00
   3.2768345e+02   1.8000000e+01   1.8000000e+01   1.7000000e+02   3.6000000e+01   1.8000000e+01   1.5200000e+01   6.8181818e+00   2.0000000e+00   5.0000000e+00   1.1000000e+01   5.3823529e+00
   4.1995145e+02   2.1000000e+01   2.2000000e+01   1.8400000e+02   3.1000000e+01   1.5500000e+01   1.9200000e+01   5.7142857e+00   2.0000000e+00   5.0000000e+00   1.4000000e+01   4.9268293e+00
   3.7868308e+02   1.9000000e+01   2.0000000e+01   1.8500000e+02   3.6000000e+01   1.8000000e+01   1.7000000e+01   6.1818182e+00   2.0000000e+00   6.0000000e+00   1.1000000e+01   5.3055556e+00
   4.9518512e+02   2.3000000e+01   2.5000000e+01   2.3200000e+02   3.5000000e+01   1.7500000e+01   2.1200000e+01   7.7500000e+00   2.0000000e+00   5.0000000e+00   1.6000000e+01   5.8043478e+00
