   3.6000000e+01   2.0000000e+00   1.0000000e+00   6.0000000e+00   6.0000000e+00   3.0000000e+00   0.0000000e+00   0.0000000e+00   2.0000000e+00   0.0000000e+00   0.0000000e+00   6.0000000e+00
   3.9000000e+01   3.0000000e+00   2.0000000e+00   3.7000000e+01   2.2000000e+01   1.1000000e+01   1.6000000e+01   0.0000000e+00   2.0000000e+00   1.0000000e+00   0.0000000e+00   1.2333333e+01
   3.9000000e+01   3.0000000e+00   2.0000000e+00   2.7000000e+01   1.7000000e+01   8.5000000e+00   1.1000000e+01   0.0000000e+00   2.0000000e+00   1.0000000e+00   0.0000000e+00   9.0000000e+00
   1.0922555e+03   3.6000000e+01   5.5000000e+01   5.6400000e+02   5.7000000e+01   2.8500000e+01   3.3571429e+01   1.2407407e+01   2.0000000e+00   7.0000000e+00   2.7000000e+01   8.3333333e+00
   4.2502792e+01   4.0000000e+00   3.0000000e+00   6.6000000e+01   3.8000000e+01   1.9000000e+01   1.5000000e+01   0.0000000e+00   2.0000000e+00   2.0000000e+00   0.0000000e+00   1.3200000e+01
   6.3000000e+01   3.0000000e+00   2.0000000e+00   2.1000000e+01   1.5000000e+01   7.5000000e+00   7.0000000e+00   0.0000000e+00   2.0000000e+00   1.0000000e+00   0.0000000e+00   7.0000000e+00
   3.9000000e+01   4.0000000e+00   2.0000000e+00   4.4000000e+01   1.9000000e+01   9.5000000e+00   1.3000000e+01   0.0000000e+00   2.0000000e+00   2.0000000e+00   0.0000000e+00   1.1000000e+01
   3.9000000e+01   3.0000000e+00   2.0000000e+00   3.1000000e+01   1.9000000e+01   9.5000000e+00   1.3000000e+01   0.0000000e+00   2.0000000e+00   1.0000000e+00   0.0000000e+00   1.0333333e+01
   4.2650145e+01   4.0000000e+00   3.0000000e+00   5.6000000e+01   3.3000000e+01   1.6500000e+01   1.2500000e+01   0.0000000e+00   2.0000000e+00   2.0000000e+00   0.0000000e+00   1.1200000e+01
   3.9000000e+01   3.0000000e+00   2.0000000e+00   3.7000000e+01   2.2000000e+01   1.1000000e+01   1.6000000e+01   0.0000000e+00   2.0000000e+00   1.0000000e+00   0.0000000e+00   1.2333333e+01
   1.1622769e+03   3.6000000e+01   5.9000000e+01   6.1300000e+02   6.0000000e+01   3.0000000e+01   3.3571429e+01   1.4185185e+01   2.0000000e+00   7.0000000e+00   2.7000000e+01   8.8681319e+00
   3.9000000e+01   3.0000000e+00   2.0000000e+00   3.3000000e+01   2.0000000e+01   1.0000000e+01   1.4000000e+01   0.0000000e+00   2.0000000e+00   1.0000000e+00   0.0000000e+00   1.1000000e+01
   3.9000000e+01   4.0000000e+00   2.0000000e+00   3.5000000e+01   1.6000000e+01   8.0000000e+00   1.0000000e+01   0.0000000e+00   2.0000000e+00   2.0000000e+00   0.0000000e+00   8.7500000e+00
   8.3868619e+02   2.6000000e+01   5.1000000e+01   5.1600000e+02   6.7000000e+01   3.3500000e+01   3.4800000e+01   1.7578947e+01   2.0000000e+00   5.0000000e+00   1.9000000e+01   8.9285714e+00
   6.3000000e+01   4.0000000e+00   2.0000000e+00   1.9000000e+01   1.2000000e+01   6.0000000e+00   4.0000000e+00   0.0000000e+00   2.0000000e+00   2.0000000e+00   0.0000000e+00   4.7500000e+00
   6.6537823e+01   5.0000000e+00   3.0000000e+00   5.5000000e+01   2.0000000e+01   1.0000000e+01   1.6000000e+01   5.0000000e+00   2.0000000e+00   2.0000000e+00   1.0000000e+00   9.1666667e+00
   1.1348925e+03   3.6000000e+01   5.7000000e+01   5.7700000e+02   5.5000000e+01   2.7500000e+01   3.3125000e+01   1.2500000e+01   2.0000000e+00   8.0000000e+00   2.6000000e+01   8.1954023e+00
   6.6599418e+01   4.0000000e+00   3.0000000e+00   4.8000000e+01   2.9000000e+01   1.4500000e+01   1.0500000e+01   0.0000000e+00   2.0000000e+00   2.0000000e+00   0.0000000e+00   9.6000000e+00
   6.3000000e+01   3.0000000e+00   2.0000000e+00   1.9000000e+01   1.4000000e+01   7.0000000e+00   6.0000000e+00   0.0000000e+00   2.0000000e+00   1.0000000e+00   0.0000000e+00   6.3333333e+00
   6.3000000e+01   3.0000000e+00   2.0000000e+00   2.1000000e+01   1.5000000e+01   7.5000000e+00   7.0000000e+00   0.0000000e+00   2.0000000e+00   1.0000000e+00   0.0000000e+00   7.0000000e+00
   3.9000000e+01   3.0000000e+00   2.0000000e+00   2.9000000e+01   1.8000000e+01   9.0000000e+00   1.2000000e+01   0.0000000e+00   2.0000000e+00   1.0000000e+00   0.0000000e+00   9.6666667e+00
   9.1910503e+02   3.2000000e+01   5.1000000e+01   5.7200000e+02   6.2000000e+01   3.1000000e+01   3.3500000e+01   1.3636364e+01   2.0000000e+00   8.0000000e+00   2.2000000e+01   9.1898734e+00
   6.3000000e+01   4.0000000e+00   2.0000000e+00   2.2000000e+01   1.3000000e+01   6.5000000e+00   5.0000000e+00   0.0000000e+00   2.0000000e+00   2.0000000e+00   0.0000000e+00   5.5000000e+00
   3.9000000e+01   3.0000000e+00   2.0000000e+00   3.5000000e+01   2.1000000e+01   1.0500000e+01   1.5000000e+01   0.0000000e+00   2.0000000e+00   1.0000000e+00   0.0000000e+00   1.1666667e+01
   3.9000000e+01   3.0000000e+00   2.0000000e+00   3.7000000e+01   2.2000000e+01   1.1000000e+01   1.6000000e+01   0.0000000e+00   2.0000000e+00   1.0000000e+00   0.0000000e+00   1.2333333e+01
   6.1593911e+02   2.7000000e+01   4.1000000e+01   4.8000000e+02   6.0000000e+01   3.0000000e+01   3.7166667e+01   1.2947368e+01   2.0000000e+00   6.0000000e+00   1.9000000e+01   9.4920635e+00
   3.9000000e+01   3.0000000e+00   2.0000000e+00   3.7000000e+01   2.2000000e+01   1.1000000e+01   1.6000000e+01   0.0000000e+00   2.0000000e+00   1.0000000e+00   0.0000000e+00   1.2333333e+01
   1.0914774e+03   3.2000000e+01   5.2000000e+01   5.2000000e+02   5.4000000e+01   2.7000000e+01   2.9000000e+01   1.3869565e+01   2.0000000e+00   7.0000000e+00   2.3000000e+01   8.2179487e+00
   6.6614091e+01   4.0000000e+00   3.0000000e+00   4.4000000e+01   2.0000000e+01   9.5000000e+00   2.0000000e+01   7.0000000e+00   2.0000000e+00   1.0000000e+00   1.0000000e+00   8.8000000e+00
   1.2010823e+03   3.5000000e+01   6.0000000e+01   6.0900000e+02   5.8000000e+01   2.9000000e+01   3.6428571e+01   1.4230769e+01   2.0000000e+00   7.0000000e+00   2.6000000e+01   8.4888889e+00
   6.6599418e+01   4.0000000e+00   3.0000000e+00   4.2000000e+01   2.6000000e+01   1.3000000e+01   9.0000000e+00   0.0000000e+00   2.0000000e+00   2.0000000e+00   0.0000000e+00   8.4000000e+00
   6.6335446e+01   4.0000000e+00   3.0000000e+00   5.0000000e+01   3.0000000e+01   1.5000000e+01   1.1000000e+01   0.0000000e+00   2.0000000e+00   2.0000000e+00   0.0000000e+00   1.0000000e+01
   6.3000000e+01   4.0000000e+00   2.0000000e+00   2.5000000e+01   1.4000000e+01   7.0000000e+00   6.0000000e+00   0.0000000e+00   2.0000000e+00   2.0000000e+00   0.0000000e+00   6.2500000e+00
   3.9000000e+01   3.0000000e+00   2.0000000e+00   2.9000000e+01   1.8000000e+01   9.0000000e+00   1.2000000e+01   0.0000000e+00   2.0000000e+00   1.0000000e+00   0.0000000e+00   9.6666667e+00
   1.1123750e+03   3.6000000e+01   5.4000000e+01   5.7000000e+02   5.6000000e+01   2.8000000e+01   3.1000000e+01   1.1800000e+01   2.0000000e+00   9.0000000e+00   2.5000000e+01   8.2235294e+00
   3.9000000e+01   3.0000000e+00   2.0000000e+00   3.5000000e+01   2.1000000e+01   1.0500000e+01   1.5000000e+01   0.0000000e+00   2.0000000e+00   1.0000000e+00   0.0000000e+00   1.1666667e+01
   6.3000000e+01   3.0000000e+00   2.0000000e+00   2.1000000e+01   1.5000000e+01   7.5000000e+00   7.0000000e+00   0.0000000e+00   2.0000000e+00   1.0000000e+00   0.0000000e+00   7.0000000e+00
   6.3000000e+01   3.0000000e+00   2.0000000e+00   2.1000000e+01   1.5000000e+01   7.5000000e+00   7.0000000e+00   0.0000000e+00   2.0000000e+00   1.0000000e+00   0.0000000e+00   7.0000000e+00
   1.0613203e+03   3.9000000e+01   5.8000000e+01   6.3900000e+02   5.6000000e+01   2.8000000e+01   2.9200000e+01   1.3629630e+01   2.0000000e+00   1.0000000e+01   2.7000000e+01   9.0898876e+00
   4.2219394e+01   4.0000000e+00   3.0000000e+00   5.8000000e+01   3.4000000e+01   1.7000000e+01   1.3000000e+01   0.0000000e+00   2.0000000e+00   2.0000000e+00   0.0000000e+00   1.1600000e+01
   3.9000000e+01   3.0000000e+00   2.0000000e+00   3.5000000e+01   2.1000000e+01   1.0500000e+01   1.5000000e+01   0.0000000e+00   2.0000000e+00   1.0000000e+00   0.0000000e+00   1.1666667e+01
   6.6547805e+01   4.0000000e+00   3.0000000e+00   4.4000000e+01   2.7000000e+01   1.3500000e+01   9.5000000e+00   0.0000000e+00   2.0000000e+00   2.0000000e+00   0.0000000e+00   8.8000000e+00
   3.9000000e+01   4.0000000e+00   2.0000000e+00   4.4000000e+01   1.9000000e+01   9.5000000e+00   1.3000000e+01   0.0000000e+00   2.0000000e+00   2.0000000e+00   0.0000000e+00   1.1000000e+01
   3.9000000e+01   3.0000000e+00   2.0000000e+00   3.5000000e+01   2.1000000e+01   1.0500000e+01   1.5000000e+01   0.0000000e+00   2.0000000e+00   1.0000000e+00   0.0000000e+00   1.1666667e+01
   3.9000000e+01   3.0000000e+00   2.0000000e+00   2.7000000e+01   1.7000000e+01   8.5000000e+00   1.1000000e+01   0.0000000e+00   2.0000000e+00   1.0000000e+00   0.0000000e+00   9.0000000e+00
   9.9613326e+02   3.1000000e+01   5.3000000e+01   5.3800000e+02   5.9000000e+01   2.9500000e+01   3.3571429e+01   1.3681818e+01   2.0000000e+00   7.0000000e+00   2.2000000e+01   8.3580247e+00
   9.4860901e+02   3.2000000e+01   5.4000000e+01   5.8700000e+02   6.0000000e+01   3.0000000e+01   3.3000000e+01   1.5304348e+01   2.0000000e+00   7.0000000e+00   2.3000000e+01   8.9756098e+00
   8.1244598e+02   2.7000000e+01   4.1000000e+01   4.2900000e+02   5.7000000e+01   2.8500000e+01   2.7333333e+01   1.3578947e+01   2.0000000e+00   6.0000000e+00   1.9000000e+01   8.4090909e+00
   1.0206383e+03   3.0000000e+01   4.8000000e+01   5.0300000e+02   5.7000000e+01   2.8500000e+01   3.0571429e+01   1.3761905e+01   2.0000000e+00   7.0000000e+00   2.1000000e+01   8.4210526e+00
   3.9000000e+01   3.0000000e+00   2.0000000e+00   2.7000000e+01   1.7000000e+01   8.5000000e+00   1.1000000e+01   0.0000000e+00   2.0000000e+00   1.0000000e+00   0.0000000e+00   9.0000000e+00
   6.3000000e+01   3.0000000e+00   2.0000000e+00   1.7000000e+01   1.3000000e+01   6.5000000e+00   5.0000000e+00   0.0000000e+00   2.0000000e+00   1.0000000e+00   0.0000000e+00   5.6666667e+00
   3.9000000e+01   3.0000000e+00   2.0000000e+00   2.7000000e+01   1.7000000e+01   8.5000000e+00   1.1000000e+01   0.0000000e+00   2.0000000e+00   1.0000000e+00   0.0000000e+00   9.0000000e+00
   3.9000000e+01   3.0000000e+00   2.0000000e+00   2.3000000e+01   1.5000000e+01   7.5000000e+00   9.0000000e+00   0.0000000e+00   2.0000000e+00   1.0000000e+00   0.0000000e+00   7.6666667e+00
   6.3000000e+01   4.0000000e+00   2.0000000e+00   2.2000000e+01   1.3000000e+01   6.5000000e+00   5.0000000e+00   0.0000000e+00   2.0000000e+00   2.0000000e+00   0.0000000e+00   5.5000000e+00
   6.3000000e+01   3.0000000e+00   2.0000000e+00   1.9000000e+01   1.4000000e+01   7.0000000e+00   6.0000000e+00   0.0000000e+00   2.0000000e+00   1.0000000e+00   0.0000000e+00   6.3333333e+00
   1.1579806e+03   3.1000000e+01   6.0000000e+01   6.1000000e+02   5.8000000e+01   2.9000000e+01   3.9166667e+01   1.7000000e+01   2.0000000e+00   6.0000000e+00   2.3000000e+01   8.4942529e+00
   8.9675298e+02   2.5000000e+01   5.1000000e+01   5.5500000e+02   6.8000000e+01   3.4000000e+01   3.2333333e+01   2.0705882e+01   2.0000000e+00   6.0000000e+00   1.7000000e+01   9.2054795e+00
   6.3000000e+01   3.0000000e+00   2.0000000e+00   1.7000000e+01   1.3000000e+01   6.5000000e+00   5.0000000e+00   0.0000000e+00   2.0000000e+00   1.0000000e+00   0.0000000e+00   5.6666667e+00
   5.8644990e+02   2.6000000e+01   3.8000000e+01   4.8700000e+02   5.8000000e+01   2.9000000e+01   3.9200000e+01   1.4263158e+01   2.0000000e+00   5.0000000e+00   1.9000000e+01   9.5737705e+00
   6.3000000e+01   3.0000000e+00   2.0000000e+00   2.1000000e+01   1.5000000e+01   7.5000000e+00   7.0000000e+00   0.0000000e+00   2.0000000e+00   1.0000000e+00   0.0000000e+00   7.0000000e+00
   9.3874345e+02   2.9000000e+01   4.9000000e+01   4.9000000e+02   5.5000000e+01   2.7500000e+01   3.8600000e+01   1.3363636e+01   2.0000000e+00   5.0000000e+00   2.2000000e+01   8.3918919e+00
   6.3000000e+01   4.0000000e+00   2.0000000e+00   2.8000000e+01   1.5000000e+01   7.5000000e+00   7.0000000e+00   0.0000000e+00   2.0000000e+00   2.0000000e+00   0.0000000e+00   7.0000000e+00
   6.3000000e+01   4.0000000e+00   2.0000000e+00   1.9000000e+01   1.2000000e+01   6.0000000e+00   4.0000000e+00   0.0000000e+00   2.0000000e+00   2.0000000e+00   0.0000000e+00   4.7500000e+00
   9.0658034e+02   3.0000000e+01   4.4000000e+01   4.7100000e+02   5.7000000e+01   2.8500000e+01   3.4833333e+01   1.1818182e+01   2.0000000e+00   6.0000000e+00   2.2000000e+01   8.3098592e+00
   7.8405602e+02   2.7000000e+01   4.5000000e+01   5.6200000e+02   6.4000000e+01   3.2000000e+01   3.5714286e+01   1.6388889e+01   2.0000000e+00   7.0000000e+00   1.8000000e+01   9.9264706e+00
   4.2185274e+01   4.0000000e+00   3.0000000e+00   5.8000000e+01   3.4000000e+01   1.7000000e+01   1.3000000e+01   0.0000000e+00   2.0000000e+00   2.0000000e+00   0.0000000e+00   1.1600000e+01
   7.1559715e+02   2.4000000e+01   4.5000000e+01   5.3600000e+02   6.4000000e+01   3.2000000e+01   3.7500000e+01   1.8625000e+01   2.0000000e+00   6.0000000e+00   1.6000000e+01   9.8923077e+00
   6.3000000e+01   3.0000000e+00   2.0000000e+00   2.1000000e+01   1.5000000e+01   7.5000000e+00   7.0000000e+00   0.0000000e+00   2.0000000e+00   1.0000000e+00   0.0000000e+00   7.0000000e+00
   4.2219394e+01   4.0000000e+00   3.0000000e+00   5.0000000e+01   3.0000000e+01   1.5000000e+01   1.1000000e+01   0.0000000e+00   2.0000000e+00   2.0000000e+00   0.0000000e+00   1.0000000e+01
   3.9000000e+01   3.0000000e+00   2.0000000e+00   3.1000000e+01   1.9000000e+01   9.5000000e+00   1.3000000e+01   0.0000000e+00   2.0000000e+00   1.0000000e+00   0.0000000e+00   1.0333333e+01
   6.3000000e+01   3.0000000e+00   2.0000000e+00   1.7000000e+01   1.3000000e+01   6.5000000e+00   5.0000000e+00   0.0000000e+00   2.0000000e+00   1.0000000e+00   0.0000000e+00   5.6666667e+00
   6.6474559e+01   4.0000000e+00   3.0000000e+00   4.8000000e+01   2.9000000e+01   1.4500000e+01   1.0500000e+01   0.0000000e+00   2.0000000e+00   2.0000000e+00   0.0000000e+00   9.6000000e+00
   9.1181465e+02   3.4000000e+01   4.8000000e+01   5.5400000e+02   5.6000000e+01   2.8000000e+01   3.6333333e+01   1.3038462e+01   2.0000000e+00   6.0000000e+00   2.6000000e+01   8.7000000e+00
   6.3000000e+01   3.0000000e+00   2.0000000e+00   1.9000000e+01   1.4000000e+01   7.0000000e+00   6.0000000e+00   0.0000000e+00   2.0000000e+00   1.0000000e+00   0.0000000e+00   6.3333333e+00
   6.3000000e+01   3.0000000e+00   2.0000000e+00   2.1000000e+01   1.5000000e+01   7.5000000e+00   7.0000000e+00   0.0000000e+00   2.0000000e+00   1.0000000e+00   0.0000000e+00   7.0000000e+00
   9.4580556e+02   3.0000000e+01   5.1000000e+01   5.5400000e+02   5.8000000e+01   2.9000000e+01   3.7833333e+01   1.5181818e+01   2.0000000e+00   6.0000000e+00   2.2000000e+01   8.9350649e+00
   1.0045939e+03   3.1000000e+01   5.2000000e+01   5.3200000e+02   6.3000000e+01   3.1500000e+01   3.0571429e+01   1.4545455e+01   2.0000000e+00   7.0000000e+00   2.2000000e+01   8.2405063e+00
   6.3000000e+01   3.0000000e+00   2.0000000e+00   1.7000000e+01   1.3000000e+01   6.5000000e+00   5.0000000e+00   0.0000000e+00   2.0000000e+00   1.0000000e+00   0.0000000e+00   5.6666667e+00
   3.9000000e+01   3.0000000e+00   2.0000000e+00   3.5000000e+01   2.1000000e+01   1.0500000e+01   1.5000000e+01   0.0000000e+00   2.0000000e+00   1.0000000e+00   0.0000000e+00   1.1666667e+01
   3.9000000e+01   4.0000000e+00   2.0000000e+00   5.3000000e+01   2.2000000e+01   1.1000000e+01   1.6000000e+01   0.0000000e+00   2.0000000e+00   2.0000000e+00   0.0000000e+00   1.3250000e+01
   6.6587473e+01   4.0000000e+00   3.0000000e+00   4.6000000e+01   2.1000000e+01   1.0000000e+01   2.1000000e+01   7.0000000e+00   2.0000000e+00   1.0000000e+00   1.0000000e+00   9.2000000e+00
   3.9000000e+01   4.0000000e+00   2.0000000e+00   3.2000000e+01   1.5000000e+01   7.5000000e+00   9.0000000e+00   0.0000000e+00   2.0000000e+00   2.0000000e+00   0.0000000e+00   8.0000000e+00
   8.1901311e+02   3.0000000e+01   4.8000000e+01   5.5300000e+02   6.7000000e+01   3.3500000e+01   3.7666667e+01   1.4181818e+01   2.0000000e+00   6.0000000e+00   2.2000000e+01   9.0140845e+00
   3.9000000e+01   3.0000000e+00   2.0000000e+00   2.7000000e+01   1.7000000e+01   8.5000000e+00   1.1000000e+01   0.0000000e+00   2.0000000e+00   1.0000000e+00   0.0000000e+00   9.0000000e+00
   6.6069140e+01   4.0000000e+00   3.0000000e+00   4.4000000e+01   2.7000000e+01   1.3500000e+01   9.5000000e+00   0.0000000e+00   2.0000000e+00   2.0000000e+00   0.0000000e+00   8.8000000e+00
   7.3343534e+02   3.6000000e+01   4.3000000e+01   4.9400000e+02   5.2000000e+01   2.6000000e+01   2.4800000e+01   1.0041667e+01   2.0000000e+00   1.0000000e+01   2.4000000e+01   8.4459459e+00
   6.3007001e+02   2.8000000e+01   3.9000000e+01   4.6900000e+02   6.0000000e+01   3.0000000e+01   2.9285714e+01   1.3473684e+01   2.0000000e+00   7.0000000e+00   1.9000000e+01   9.4769231e+00
   6.3000000e+01   3.0000000e+00   2.0000000e+00   1.9000000e+01   1.4000000e+01   7.0000000e+00   6.0000000e+00   0.0000000e+00   2.0000000e+00   1.0000000e+00   0.0000000e+00   6.3333333e+00
   6.3000000e+01   3.0000000e+00   2.0000000e+00   1.7000000e+01   1.3000000e+01   6.5000000e+00   5.0000000e+00   0.0000000e+00   2.0000000e+00   1.0000000e+00   0.0000000e+00   5.6666667e+00
   3.9000000e+01   3.0000000e+00   2.0000000e+00   2.3000000e+01   1.5000000e+01   7.5000000e+00   9.0000000e+00   0.0000000e+00   2.0000000e+00   1.0000000e+00   0.0000000e+00   7.6666667e+00
   4.2403744e+01   5.0000000e+00   3.0000000e+00   5.1000000e+01   1.9000000e+01   8.0000000e+00   1.4000000e+01   9.0000000e+00   2.0000000e+00   2.0000000e+00   1.0000000e+00   8.5000000e+00
   3.9000000e+01   3.0000000e+00   2.0000000e+00   3.3000000e+01   2.0000000e+01   1.0000000e+01   1.4000000e+01   0.0000000e+00   2.0000000e+00   1.0000000e+00   0.0000000e+00   1.1000000e+01
   8.2291796e+02   3.1000000e+01   4.9000000e+01   5.5700000e+02   6.1000000e+01   3.0500000e+01   3.4714286e+01   1.4636364e+01   2.0000000e+00   7.0000000e+00   2.2000000e+01   9.3289474e+00
   3.9000000e+01   3.0000000e+00   2.0000000e+00   3.1000000e+01   1.9000000e+01   9.5000000e+00   1.3000000e+01   0.0000000e+00   2.0000000e+00   1.0000000e+00   0.0000000e+00   1.0333333e+01
   9.9588713e+02   3.0000000e+01   5.2000000e+01   5.4600000e+02   5.6000000e+01   2.8000000e+01   3.6333333e+01   1.5045455e+01   2.0000000e+00   6.0000000e+00   2.2000000e+01   8.4750000e+00
   3.9000000e+01   3.0000000e+00   2.0000000e+00   2.3000000e+01   1.5000000e+01   7.5000000e+00   9.0000000e+00   0.0000000e+00   2.0000000e+00   1.0000000e+00   0.0000000e+00   7.6666667e+00
   4.2458767e+01   4.0000000e+00   3.0000000e+00   5.6000000e+01   3.3000000e+01   1.6500000e+01   1.2500000e+01   0.0000000e+00   2.0000000e+00   2.0000000e+00   0.0000000e+00   1.1200000e+01
   6.3000000e+01   3.0000000e+00   2.0000000e+00   1.9000000e+01   1.4000000e+01   7.0000000e+00   6.0000000e+00   0.0000000e+00   2.0000000e+00   1.0000000e+00   0.0000000e+00   6.3333333e+00
   6.3000000e+01   3.0000000e+00   2.0000000e+00   1.9000000e+01   1.4000000e+01   7.0000000e+00   6.0000000e+00   0.0000000e+00   2.0000000e+00   1.0000000e+00   0.0000000e+00   6.3333333e+00
   3.9000000e+01   4.0000000e+00   2.0000000e+00   3.5000000e+01   1.6000000e+01   8.0000000e+00   1.0000000e+01   0.0000000e+00   2.0000000e+00   2.0000000e+00   0.0000000e+00   8.7500000e+00
