   8.9023598e+02   2.3000000e+01   3.7000000e+01   5.7000000e+02   6.9000000e+01   3.4500000e+01   4.1800000e+01   2.0812500e+01   2.0000000e+00   5.0000000e+00   1.6000000e+01   1.1754386e+01
   1.0054341e+03   3.0000000e+01   4.6000000e+01   6.4300000e+02   6.3000000e+01   3.1500000e+01   3.8571429e+01   1.7476190e+01   2.0000000e+00   7.0000000e+00   2.1000000e+01   1.1246575e+01
   1.0062177e+03   2.6000000e+01   4.0000000e+01   5.6500000e+02   6.6000000e+01   3.3000000e+01   3.9333333e+01   1.7222222e+01   2.0000000e+00   6.0000000e+00   1.8000000e+01   1.1622951e+01
   8.7132090e+02   2.4000000e+01   3.8000000e+01   5.7300000e+02   6.3000000e+01   3.1500000e+01   4.4600000e+01   1.9529412e+01   2.0000000e+00   5.0000000e+00   1.7000000e+01   1.2033898e+01
   1.0353837e+03   2.4000000e+01   4.1000000e+01   5.5200000e+02   7.0000000e+01   3.5000000e+01   3.7000000e+01   1.9312500e+01   2.0000000e+00   6.0000000e+00   1.6000000e+01   1.1233333e+01
   8.2381482e+02   2.4000000e+01   3.6000000e+01   5.1700000e+02   6.2000000e+01   3.1000000e+01   3.1571429e+01   1.8800000e+01   2.0000000e+00   7.0000000e+00   1.5000000e+01   1.1637931e+01
   8.7350340e+02   2.3000000e+01   3.6000000e+01   5.3700000e+02   6.4000000e+01   3.2000000e+01   4.2800000e+01   1.9125000e+01   2.0000000e+00   5.0000000e+00   1.6000000e+01   1.2200000e+01
   8.7588436e+02   3.0000000e+01   4.1000000e+01   6.2900000e+02   5.7000000e+01   2.8500000e+01   3.8857143e+01   1.6666667e+01   2.0000000e+00   7.0000000e+00   2.1000000e+01   1.1698413e+01
   9.0343054e+02   2.7000000e+01   3.8000000e+01   5.9100000e+02   6.1000000e+01   3.0500000e+01   4.1333333e+01   1.7000000e+01   2.0000000e+00   6.0000000e+00   1.9000000e+01   1.1737705e+01
   9.5778919e+02   2.4000000e+01   3.6000000e+01   5.6400000e+02   7.0000000e+01   3.5000000e+01   3.7000000e+01   1.9437500e+01   2.0000000e+00   6.0000000e+00   1.6000000e+01   1.2210526e+01
   8.4489930e+02   2.3000000e+01   3.1000000e+01   4.9400000e+02   6.4000000e+01   3.2000000e+01   3.0714286e+01   1.7571429e+01   2.0000000e+00   7.0000000e+00   1.4000000e+01   1.1862745e+01
   1.1369725e+03   2.8000000e+01   4.3000000e+01   6.4100000e+02   6.2000000e+01   3.1000000e+01   4.0500000e+01   1.9300000e+01   2.0000000e+00   6.0000000e+00   2.0000000e+01   1.1850746e+01
   1.1481656e+03   3.1000000e+01   4.0000000e+01   5.8400000e+02   5.6000000e+01   2.8000000e+01   3.6142857e+01   1.4772727e+01   2.0000000e+00   7.0000000e+00   2.2000000e+01   1.1227273e+01
   1.0405469e+03   2.2000000e+01   4.2000000e+01   6.0000000e+02   7.0000000e+01   3.5000000e+01   4.2600000e+01   2.4666667e+01   2.0000000e+00   5.0000000e+00   1.5000000e+01   1.1393443e+01
   1.0505954e+03   2.4000000e+01   4.1000000e+01   5.9600000e+02   6.8000000e+01   3.4000000e+01   4.4000000e+01   2.0588235e+01   2.0000000e+00   5.0000000e+00   1.7000000e+01   1.1633333e+01
   1.0372584e+03   2.6000000e+01   3.9000000e+01   5.3600000e+02   6.4000000e+01   3.2000000e+01   3.9500000e+01   1.5444444e+01   2.0000000e+00   6.0000000e+00   1.8000000e+01   1.1081967e+01
   9.3333030e+02   2.7000000e+01   3.7000000e+01   5.8900000e+02   6.2000000e+01   3.1000000e+01   4.0000000e+01   1.7473684e+01   2.0000000e+00   6.0000000e+00   1.9000000e+01   1.1900000e+01
   1.0031327e+03   2.6000000e+01   4.2000000e+01   5.6600000e+02   6.5000000e+01   3.2500000e+01   3.7166667e+01   1.8277778e+01   2.0000000e+00   6.0000000e+00   1.8000000e+01   1.1546875e+01
   9.1763864e+02   2.7000000e+01   3.6000000e+01   5.9700000e+02   6.3000000e+01   3.1500000e+01   3.6428571e+01   1.8055556e+01   2.0000000e+00   7.0000000e+00   1.8000000e+01   1.2338983e+01
   8.7954723e+02   2.6000000e+01   3.6000000e+01   6.0100000e+02   6.3000000e+01   3.1500000e+01   3.6571429e+01   1.8823529e+01   2.0000000e+00   7.0000000e+00   1.7000000e+01   1.2440678e+01
   9.4939046e+02   2.6000000e+01   3.8000000e+01   5.2100000e+02   6.2000000e+01   3.1000000e+01   3.7200000e+01   1.6684211e+01   2.0000000e+00   5.0000000e+00   1.9000000e+01   1.1982456e+01
   8.1104664e+02   2.6000000e+01   3.5000000e+01   5.5200000e+02   6.5000000e+01   3.2500000e+01   3.8000000e+01   1.6888889e+01   2.0000000e+00   6.0000000e+00   1.8000000e+01   1.1559322e+01
   7.8444263e+02   2.4000000e+01   3.2000000e+01   4.9900000e+02   6.2000000e+01   3.1000000e+01   3.5000000e+01   1.6687500e+01   2.0000000e+00   6.0000000e+00   1.6000000e+01   1.1537037e+01
   9.9036523e+02   2.4000000e+01   4.1000000e+01   6.2200000e+02   6.6000000e+01   3.3000000e+01   4.4800000e+01   2.2294118e+01   2.0000000e+00   5.0000000e+00   1.7000000e+01   1.2147541e+01
   7.9325515e+02   2.8000000e+01   3.6000000e+01   5.9700000e+02   6.2000000e+01   3.1000000e+01   3.6000000e+01   1.7000000e+01   2.0000000e+00   7.0000000e+00   1.9000000e+01   1.2677966e+01
   9.3809986e+02   2.4000000e+01   3.9000000e+01   5.7500000e+02   6.4000000e+01   3.2000000e+01   4.2600000e+01   2.0235294e+01   2.0000000e+00   5.0000000e+00   1.7000000e+01   1.1900000e+01
   1.0759600e+03   3.0000000e+01   4.7000000e+01   6.3600000e+02   6.3000000e+01   3.1500000e+01   3.8714286e+01   1.7000000e+01   2.0000000e+00   7.0000000e+00   2.1000000e+01   1.1722222e+01
   1.3124641e+03   2.6000000e+01   4.8000000e+01   6.1200000e+02   6.6000000e+01   3.3000000e+01   4.2600000e+01   2.0315789e+01   2.0000000e+00   5.0000000e+00   1.9000000e+01   1.0727273e+01
   1.0642819e+03   3.2000000e+01   4.2000000e+01   6.1800000e+02   6.4000000e+01   3.2000000e+01   3.9000000e+01   1.4304348e+01   2.0000000e+00   7.0000000e+00   2.3000000e+01   1.1391304e+01
   1.1678064e+03   2.9000000e+01   4.6000000e+01   6.2900000e+02   6.5000000e+01   3.2500000e+01   4.1166667e+01   1.7952381e+01   2.0000000e+00   6.0000000e+00   2.1000000e+01   1.0930556e+01
   9.8035083e+02   3.1000000e+01   3.7000000e+01   6.0800000e+02   6.2000000e+01   3.1000000e+01   3.6125000e+01   1.4285714e+01   2.0000000e+00   8.0000000e+00   2.1000000e+01   1.1578125e+01
   9.3639716e+02   2.4000000e+01   3.9000000e+01   5.6100000e+02   6.9000000e+01   3.4500000e+01   3.8166667e+01   1.9250000e+01   2.0000000e+00   6.0000000e+00   1.6000000e+01   1.1466667e+01
   1.0164922e+03   2.5000000e+01   4.1000000e+01   6.0500000e+02   6.9000000e+01   3.4500000e+01   3.9833333e+01   2.0176471e+01   2.0000000e+00   6.0000000e+00   1.7000000e+01   1.2096774e+01
   9.2356053e+02   2.7000000e+01   4.1000000e+01   5.9300000e+02   6.4000000e+01   3.2000000e+01   4.0333333e+01   1.7421053e+01   2.0000000e+00   6.0000000e+00   1.9000000e+01   1.1730159e+01
   1.0550460e+03   2.8000000e+01   4.3000000e+01   5.9300000e+02   6.0000000e+01   3.0000000e+01   3.3625000e+01   1.7500000e+01   2.0000000e+00   8.0000000e+00   1.8000000e+01   1.1303030e+01
   9.0748470e+02   2.2000000e+01   4.0000000e+01   5.9300000e+02   6.9000000e+01   3.4500000e+01   4.8750000e+01   2.3437500e+01   2.0000000e+00   4.0000000e+00   1.6000000e+01   1.1928571e+01
   9.5094793e+02   2.2000000e+01   4.3000000e+01   5.5300000e+02   6.9000000e+01   3.4500000e+01   4.3000000e+01   2.1000000e+01   2.0000000e+00   5.0000000e+00   1.5000000e+01   1.1508197e+01
   1.2035224e+03   2.3000000e+01   4.3000000e+01   5.7300000e+02   6.8000000e+01   3.4000000e+01   4.3200000e+01   2.0812500e+01   2.0000000e+00   5.0000000e+00   1.6000000e+01   1.0953125e+01
   1.0280016e+03   2.3000000e+01   3.9000000e+01   5.7700000e+02   6.5000000e+01   3.2500000e+01   4.3800000e+01   2.0937500e+01   2.0000000e+00   5.0000000e+00   1.6000000e+01   1.2135593e+01
   1.2121751e+03   2.6000000e+01   4.6000000e+01   6.1600000e+02   6.6000000e+01   3.3000000e+01   4.4000000e+01   1.9055556e+01   2.0000000e+00   6.0000000e+00   1.8000000e+01   1.1029412e+01
   7.9553663e+02   2.5000000e+01   3.6000000e+01   5.9900000e+02   6.7000000e+01   3.3500000e+01   3.6285714e+01   2.0000000e+01   2.0000000e+00   7.0000000e+00   1.6000000e+01   1.2824561e+01
   9.0566792e+02   2.9000000e+01   3.7000000e+01   5.6000000e+02   5.9000000e+01   2.9500000e+01   3.1375000e+01   1.5684211e+01   2.0000000e+00   8.0000000e+00   1.9000000e+01   1.1112903e+01
   1.0814554e+03   3.2000000e+01   4.1000000e+01   6.1800000e+02   5.9000000e+01   2.9500000e+01   3.4375000e+01   1.5318182e+01   2.0000000e+00   8.0000000e+00   2.2000000e+01   1.1042857e+01
   8.7575460e+02   2.0000000e+01   3.9000000e+01   5.7400000e+02   6.8000000e+01   3.4000000e+01   4.5400000e+01   2.4538462e+01   2.0000000e+00   5.0000000e+00   1.3000000e+01   1.2267857e+01
   1.1870906e+03   2.6000000e+01   4.0000000e+01   6.0400000e+02   6.4000000e+01   3.2000000e+01   4.2600000e+01   1.9578947e+01   2.0000000e+00   5.0000000e+00   1.9000000e+01   1.0953125e+01
   1.0664309e+03   2.6000000e+01   3.7000000e+01   5.2000000e+02   6.2000000e+01   3.1000000e+01   3.5166667e+01   1.6555556e+01   2.0000000e+00   6.0000000e+00   1.8000000e+01   1.1220339e+01
   9.5935867e+02   2.1000000e+01   3.4000000e+01   5.0800000e+02   6.8000000e+01   3.4000000e+01   3.5000000e+01   2.1571429e+01   2.0000000e+00   5.0000000e+00   1.4000000e+01   1.1326923e+01
   8.2699489e+02   2.4000000e+01   3.2000000e+01   4.8800000e+02   6.0000000e+01   3.0000000e+01   3.5600000e+01   1.6588235e+01   2.0000000e+00   5.0000000e+00   1.7000000e+01   1.1692308e+01
   9.4099951e+02   2.9000000e+01   3.6000000e+01   5.2000000e+02   6.0000000e+01   3.0000000e+01   2.6857143e+01   1.6100000e+01   2.0000000e+00   7.0000000e+00   2.0000000e+01   1.1457627e+01
   8.6405317e+02   2.0000000e+01   3.7000000e+01   5.6200000e+02   6.9000000e+01   3.4500000e+01   4.0600000e+01   2.5153846e+01   2.0000000e+00   5.0000000e+00   1.3000000e+01   1.2134615e+01
   8.5099577e+02   2.5000000e+01   3.7000000e+01   5.1100000e+02   6.5000000e+01   3.2500000e+01   3.3285714e+01   1.5750000e+01   2.0000000e+00   7.0000000e+00   1.6000000e+01   1.1586207e+01
   9.8998649e+02   2.8000000e+01   4.1000000e+01   5.7500000e+02   6.3000000e+01   3.1500000e+01   3.6285714e+01   1.5894737e+01   2.0000000e+00   7.0000000e+00   1.9000000e+01   1.0953846e+01
   9.2482121e+02   3.4000000e+01   4.2000000e+01   6.4200000e+02   5.7000000e+01   2.8500000e+01   3.5000000e+01   1.4916667e+01   2.0000000e+00   8.0000000e+00   2.4000000e+01   1.1957746e+01
   1.0076302e+03   2.2000000e+01   3.9000000e+01   5.4400000e+02   6.5000000e+01   3.2500000e+01   4.4400000e+01   2.0066667e+01   2.0000000e+00   5.0000000e+00   1.5000000e+01   1.1389831e+01
   9.0647573e+02   2.3000000e+01   3.7000000e+01   5.5300000e+02   6.8000000e+01   3.4000000e+01   4.6750000e+01   1.9882353e+01   2.0000000e+00   4.0000000e+00   1.7000000e+01   1.2087719e+01
   1.0124011e+03   2.4000000e+01   4.2000000e+01   5.9000000e+02   6.9000000e+01   3.4500000e+01   3.7500000e+01   2.1437500e+01   2.0000000e+00   6.0000000e+00   1.6000000e+01   1.1533333e+01
   8.5569366e+02   1.8000000e+01   3.2000000e+01   4.6500000e+02   7.2000000e+01   3.6000000e+01   3.8800000e+01   2.1545455e+01   2.0000000e+00   5.0000000e+00   1.1000000e+01   1.2173913e+01
   1.0161447e+03   2.7000000e+01   4.3000000e+01   6.2400000e+02   6.5000000e+01   3.2500000e+01   4.0333333e+01   1.9210526e+01   2.0000000e+00   6.0000000e+00   1.9000000e+01   1.1619048e+01
   7.0412527e+02   2.3000000e+01   2.8000000e+01   5.0200000e+02   6.6000000e+01   3.3000000e+01   3.2142857e+01   1.7428571e+01   2.0000000e+00   7.0000000e+00   1.4000000e+01   1.2468085e+01
   1.0134763e+03   3.3000000e+01   4.1000000e+01   5.9800000e+02   6.0000000e+01   3.0000000e+01   3.6714286e+01   1.3958333e+01   2.0000000e+00   7.0000000e+00   2.4000000e+01   1.0873239e+01
   1.0522088e+03   2.6000000e+01   4.0000000e+01   5.9600000e+02   6.8000000e+01   3.4000000e+01   4.3333333e+01   1.7333333e+01   2.0000000e+00   6.0000000e+00   1.8000000e+01   1.1920635e+01
   8.6675084e+02   2.8000000e+01   3.9000000e+01   5.9600000e+02   5.8000000e+01   2.9000000e+01   3.8500000e+01   1.7800000e+01   2.0000000e+00   6.0000000e+00   2.0000000e+01   1.1596774e+01
   6.5632834e+02   2.2000000e+01   2.8000000e+01   4.5300000e+02   6.0000000e+01   3.0000000e+01   3.1000000e+01   1.6928571e+01   2.0000000e+00   6.0000000e+00   1.4000000e+01   1.1702128e+01
   8.4652416e+02   2.5000000e+01   3.6000000e+01   6.0000000e+02   6.5000000e+01   3.2500000e+01   4.1000000e+01   2.0388889e+01   2.0000000e+00   5.0000000e+00   1.8000000e+01   1.2322034e+01
   1.0378250e+03   2.6000000e+01   4.0000000e+01   5.8600000e+02   6.5000000e+01   3.2500000e+01   3.6666667e+01   1.9166667e+01   2.0000000e+00   6.0000000e+00   1.8000000e+01   1.1671875e+01
   1.0640696e+03   2.5000000e+01   3.7000000e+01   5.6000000e+02   6.0000000e+01   3.0000000e+01   4.3600000e+01   1.8000000e+01   2.0000000e+00   5.0000000e+00   1.8000000e+01   1.1758621e+01
   7.8118661e+02   2.6000000e+01   3.4000000e+01   4.8600000e+02   6.1000000e+01   3.0500000e+01   2.8166667e+01   1.6333333e+01   2.0000000e+00   6.0000000e+00   1.8000000e+01   1.1686275e+01
   7.5159491e+02   2.8000000e+01   3.7000000e+01   5.7600000e+02   6.0000000e+01   3.0000000e+01   3.7571429e+01   1.5736842e+01   2.0000000e+00   7.0000000e+00   1.9000000e+01   1.1610169e+01
   1.1044019e+03   2.9000000e+01   4.9000000e+01   6.4900000e+02   6.5000000e+01   3.2500000e+01   4.0142857e+01   1.7950000e+01   2.0000000e+00   7.0000000e+00   2.0000000e+01   1.1351351e+01
   9.9618336e+02   2.9000000e+01   4.3000000e+01   6.3400000e+02   6.6000000e+01   3.3000000e+01   3.9142857e+01   1.7000000e+01   2.0000000e+00   7.0000000e+00   2.0000000e+01   1.1507246e+01
   1.0100414e+03   2.2000000e+01   3.7000000e+01   5.6300000e+02   6.9000000e+01   3.4500000e+01   4.5600000e+01   2.0600000e+01   2.0000000e+00   5.0000000e+00   1.5000000e+01   1.1963636e+01
   9.4678568e+02   2.6000000e+01   4.3000000e+01   5.9300000e+02   6.2000000e+01   3.1000000e+01   4.1200000e+01   1.9578947e+01   2.0000000e+00   5.0000000e+00   1.9000000e+01   1.1393939e+01
   8.4195278e+02   2.6000000e+01   3.3000000e+01   5.4300000e+02   6.3000000e+01   3.1500000e+01   3.3857143e+01   1.6411765e+01   2.0000000e+00   7.0000000e+00   1.7000000e+01   1.2625000e+01
   9.2684720e+02   2.1000000e+01   3.5000000e+01   5.2100000e+02   7.1000000e+01   3.5500000e+01   3.8600000e+01   2.0928571e+01   2.0000000e+00   5.0000000e+00   1.4000000e+01   1.1788462e+01
   9.5454112e+02   2.2000000e+01   3.5000000e+01   5.2500000e+02   6.8000000e+01   3.4000000e+01   4.3000000e+01   1.8866667e+01   2.0000000e+00   5.0000000e+00   1.5000000e+01   1.1611111e+01
   8.5454910e+02   2.4000000e+01   3.5000000e+01   4.9800000e+02   5.9000000e+01   2.9500000e+01   2.9571429e+01   1.8400000e+01   2.0000000e+00   7.0000000e+00   1.5000000e+01   1.1036364e+01
   8.4378152e+02   2.3000000e+01   3.9000000e+01   6.1100000e+02   7.0000000e+01   3.5000000e+01   4.2500000e+01   2.1866667e+01   2.0000000e+00   6.0000000e+00   1.5000000e+01   1.2745763e+01
   9.1396163e+02   2.8000000e+01   3.5000000e+01   5.6800000e+02   6.4000000e+01   3.2000000e+01   3.9000000e+01   1.5500000e+01   2.0000000e+00   6.0000000e+00   2.0000000e+01   1.1557377e+01
   8.9285537e+02   2.4000000e+01   3.4000000e+01   4.9500000e+02   5.8000000e+01   2.9000000e+01   3.3000000e+01   1.7062500e+01   2.0000000e+00   6.0000000e+00   1.6000000e+01   1.0685185e+01
   8.3564349e+02   2.7000000e+01   3.7000000e+01   5.8400000e+02   6.7000000e+01   3.3500000e+01   3.3428571e+01   1.8222222e+01   2.0000000e+00   7.0000000e+00   1.8000000e+01   1.2193548e+01
   1.0428260e+03   2.9000000e+01   4.0000000e+01   6.0300000e+02   6.1000000e+01   3.0500000e+01   4.0285714e+01   1.5150000e+01   2.0000000e+00   7.0000000e+00   2.0000000e+01   1.1984127e+01
   8.3761422e+02   2.2000000e+01   3.1000000e+01   4.8400000e+02   6.5000000e+01   3.2500000e+01   4.1800000e+01   1.6333333e+01   2.0000000e+00   5.0000000e+00   1.5000000e+01   1.1725490e+01
   1.1901630e+03   2.3000000e+01   4.2000000e+01   5.8100000e+02   6.8000000e+01   3.4000000e+01   4.4000000e+01   2.1562500e+01   2.0000000e+00   5.0000000e+00   1.6000000e+01   1.1459016e+01
   9.8512268e+02   2.6000000e+01   4.0000000e+01   5.6600000e+02   6.3000000e+01   3.1500000e+01   4.1333333e+01   1.6888889e+01   2.0000000e+00   6.0000000e+00   1.8000000e+01   1.1428571e+01
   1.1469542e+03   2.6000000e+01   4.5000000e+01   6.2700000e+02   6.5000000e+01   3.2500000e+01   4.2666667e+01   2.0000000e+01   2.0000000e+00   6.0000000e+00   1.8000000e+01   1.1590909e+01
   1.0185300e+03   2.5000000e+01   4.0000000e+01   6.0200000e+02   5.7000000e+01   2.8500000e+01   4.6500000e+01   2.1000000e+01   2.0000000e+00   4.0000000e+00   1.9000000e+01   1.1393443e+01
   1.1376869e+03   3.4000000e+01   4.1000000e+01   6.1600000e+02   5.8000000e+01   2.9000000e+01   3.9166667e+01   1.4307692e+01   2.0000000e+00   6.0000000e+00   2.6000000e+01   1.1128571e+01
   8.4622491e+02   2.5000000e+01   3.7000000e+01   5.5300000e+02   6.6000000e+01   3.3000000e+01   3.7666667e+01   1.7882353e+01   2.0000000e+00   6.0000000e+00   1.7000000e+01   1.1614035e+01
   9.8251272e+02   2.5000000e+01   3.6000000e+01   5.2800000e+02   6.6000000e+01   3.3000000e+01   4.2400000e+01   1.7277778e+01   2.0000000e+00   5.0000000e+00   1.8000000e+01   1.1607143e+01
   7.9606264e+02   2.3000000e+01   3.0000000e+01   4.9700000e+02   6.4000000e+01   3.2000000e+01   2.9285714e+01   1.8642857e+01   2.0000000e+00   7.0000000e+00   1.4000000e+01   1.1860000e+01
   8.4398622e+02   2.6000000e+01   3.7000000e+01   6.0000000e+02   6.0000000e+01   3.0000000e+01   4.2166667e+01   1.8555556e+01   2.0000000e+00   6.0000000e+00   1.8000000e+01   1.1900000e+01
   1.0119002e+03   3.2000000e+01   4.1000000e+01   6.3000000e+02   6.0000000e+01   3.0000000e+01   3.6125000e+01   1.4818182e+01   2.0000000e+00   8.0000000e+00   2.2000000e+01   1.1942029e+01
   8.2943236e+02   2.4000000e+01   3.8000000e+01   5.3300000e+02   6.4000000e+01   3.2000000e+01   3.9000000e+01   1.8470588e+01   2.0000000e+00   5.0000000e+00   1.7000000e+01   1.1428571e+01
   9.6334482e+02   2.9000000e+01   3.6000000e+01   5.4200000e+02   5.9000000e+01   2.9500000e+01   3.4571429e+01   1.4550000e+01   2.0000000e+00   7.0000000e+00   2.0000000e+01   1.1065574e+01
   1.0432449e+03   2.7000000e+01   4.0000000e+01   6.2200000e+02   6.1000000e+01   3.0500000e+01   4.4600000e+01   1.9650000e+01   2.0000000e+00   5.0000000e+00   2.0000000e+01   1.2147541e+01
   1.0288931e+03   2.6000000e+01   3.6000000e+01   5.4900000e+02   5.8000000e+01   2.9000000e+01   3.1000000e+01   1.7937500e+01   2.0000000e+00   8.0000000e+00   1.6000000e+01   1.1900000e+01
   9.5776020e+02   2.5000000e+01   3.7000000e+01   5.7900000e+02   6.6000000e+01   3.3000000e+01   4.3400000e+01   1.9111111e+01   2.0000000e+00   5.0000000e+00   1.8000000e+01   1.1783333e+01
   7.3399943e+02   2.5000000e+01   3.5000000e+01   5.8400000e+02   5.9000000e+01   2.9500000e+01   4.3200000e+01   1.9333333e+01   2.0000000e+00   5.0000000e+00   1.8000000e+01   1.2137931e+01
   9.5105499e+02   2.5000000e+01   3.2000000e+01   5.0600000e+02   6.0000000e+01   3.0000000e+01   3.5000000e+01   1.6588235e+01   2.0000000e+00   6.0000000e+00   1.7000000e+01   1.2240741e+01
   7.8108329e+02   2.3000000e+01   3.3000000e+01   5.1700000e+02   6.5000000e+01   3.2500000e+01   4.2000000e+01   1.7375000e+01   2.0000000e+00   5.0000000e+00   1.6000000e+01   1.2568627e+01
