   2.1274735e+03   3.7000000e+01   5.9000000e+01   5.4000000e+02   5.4000000e+01   2.7000000e+01   3.3142857e+01   1.1750000e+01   2.0000000e+00   7.0000000e+00   2.8000000e+01   7.0224719e+00
   9.6010643e+01   4.0000000e+00   4.0000000e+00   3.7000000e+01   1.5000000e+01   6.0000000e+00   1.3000000e+01   1.5000000e+01   2.0000000e+00   1.0000000e+00   1.0000000e+00   6.1666667e+00
   1.1171919e+03   4.0000000e+01   6.0000000e+01   5.1300000e+02   5.0000000e+01   2.5000000e+01   2.5555556e+01   1.0413793e+01   2.0000000e+00   9.0000000e+00   2.9000000e+01   6.6956522e+00
   9.7684883e+02   3.6000000e+01   5.6000000e+01   4.6800000e+02   5.3000000e+01   2.6500000e+01   2.6250000e+01   1.0692308e+01   2.0000000e+00   8.0000000e+00   2.6000000e+01   6.6511628e+00
   9.9939189e+02   2.9000000e+01   5.8000000e+01   4.7100000e+02   5.4000000e+01   2.7000000e+01   2.5714286e+01   1.4750000e+01   2.0000000e+00   7.0000000e+00   2.0000000e+01   6.8518519e+00
   1.1468623e+03   3.6000000e+01   6.2000000e+01   5.2500000e+02   5.2000000e+01   2.6000000e+01   2.8375000e+01   1.2230769e+01   2.0000000e+00   8.0000000e+00   2.6000000e+01   6.6774194e+00
   1.1136574e+03   3.2000000e+01   6.0000000e+01   4.6800000e+02   5.1000000e+01   2.5500000e+01   2.7142857e+01   1.2739130e+01   2.0000000e+00   7.0000000e+00   2.3000000e+01   6.6705882e+00
   1.1001572e+03   4.4000000e+01   6.8000000e+01   5.8400000e+02   5.1000000e+01   2.5500000e+01   3.2500000e+01   1.0764706e+01   2.0000000e+00   8.0000000e+00   3.4000000e+01   6.8269231e+00
   7.2826394e+01   5.0000000e+00   4.0000000e+00   4.3000000e+01   2.7000000e+01   1.3500000e+01   6.3333333e+00   0.0000000e+00   2.0000000e+00   3.0000000e+00   0.0000000e+00   6.1428571e+00
   8.5510455e+02   2.9000000e+01   4.6000000e+01   3.8900000e+02   5.4000000e+01   2.7000000e+01   2.3714286e+01   1.1100000e+01   2.0000000e+00   7.0000000e+00   2.0000000e+01   6.5857143e+00
   1.0602784e+03   4.4000000e+01   6.0000000e+01   5.5600000e+02   5.2000000e+01   2.6000000e+01   3.1125000e+01   9.8529412e+00   2.0000000e+00   8.0000000e+00   3.4000000e+01   6.9795918e+00
   1.0549842e+03   4.3000000e+01   5.6000000e+01   5.0500000e+02   5.0000000e+01   2.5000000e+01   2.3400000e+01   9.3225806e+00   2.0000000e+00   1.0000000e+01   3.1000000e+01   6.8602151e+00
   1.3067770e+03   3.4000000e+01   7.3000000e+01   6.0600000e+02   5.9000000e+01   2.9500000e+01   3.2285714e+01   1.6160000e+01   2.0000000e+00   7.0000000e+00   2.5000000e+01   7.0594059e+00
   7.2132500e+01   5.0000000e+00   4.0000000e+00   3.9000000e+01   2.5000000e+01   1.2500000e+01   5.6666667e+00   0.0000000e+00   2.0000000e+00   3.0000000e+00   0.0000000e+00   5.5714286e+00
   9.4508478e+02   3.6000000e+01   5.8000000e+01   5.2000000e+02   5.3000000e+01   2.6500000e+01   3.4333333e+01   1.2214286e+01   2.0000000e+00   6.0000000e+00   2.8000000e+01   6.9662921e+00
   3.0892309e+02   2.1000000e+01   2.3000000e+01   2.3600000e+02   4.1000000e+01   2.0500000e+01   2.2500000e+01   6.4615385e+00   2.0000000e+00   6.0000000e+00   1.3000000e+01   7.6842105e+00
   9.6529100e+01   8.0000000e+00   4.0000000e+00   7.1000000e+01   2.4000000e+01   1.2000000e+01   1.0000000e+01   5.0000000e+00   2.0000000e+00   4.0000000e+00   2.0000000e+00   7.1000000e+00
   1.3270824e+03   4.4000000e+01   6.8000000e+01   5.6800000e+02   5.2000000e+01   2.6000000e+01   2.9000000e+01   1.0121212e+01   2.0000000e+00   9.0000000e+00   3.3000000e+01   6.6571429e+00
   1.2369441e+03   3.4000000e+01   6.8000000e+01   5.5100000e+02   5.6000000e+01   2.8000000e+01   3.5666667e+01   1.3615385e+01   2.0000000e+00   6.0000000e+00   2.6000000e+01   6.8105263e+00
   9.4773941e+02   3.8000000e+01   5.8000000e+01   5.1100000e+02   5.8000000e+01   2.9000000e+01   3.0125000e+01   1.0214286e+01   2.0000000e+00   8.0000000e+00   2.8000000e+01   7.2307692e+00
   1.2173352e+03   3.7000000e+01   6.4000000e+01   5.1400000e+02   5.1000000e+01   2.5500000e+01   2.6000000e+01   1.2185185e+01   2.0000000e+00   8.0000000e+00   2.7000000e+01   6.6458333e+00
   1.2725794e+03   3.9000000e+01   6.8000000e+01   5.6100000e+02   5.3000000e+01   2.6500000e+01   3.4428571e+01   1.1666667e+01   2.0000000e+00   7.0000000e+00   3.0000000e+01   6.6138614e+00
   1.0137558e+03   3.8000000e+01   5.5000000e+01   5.1100000e+02   5.3000000e+01   2.6500000e+01   2.5000000e+01   1.0814815e+01   2.0000000e+00   9.0000000e+00   2.7000000e+01   6.7816092e+00
   9.6026519e+01   5.0000000e+00   4.0000000e+00   3.7000000e+01   1.9000000e+01   9.5000000e+00   8.5000000e+00   4.0000000e+00   2.0000000e+00   2.0000000e+00   1.0000000e+00   5.2857143e+00
   5.7487753e+02   2.5000000e+01   3.5000000e+01   2.7800000e+02   4.9000000e+01   2.4500000e+01   2.6200000e+01   7.5555556e+00   2.0000000e+00   5.0000000e+00   1.8000000e+01   6.4905660e+00
   1.2321786e+03   3.7000000e+01   6.3000000e+01   4.9000000e+02   5.3000000e+01   2.6500000e+01   2.9142857e+01   1.0964286e+01   2.0000000e+00   7.0000000e+00   2.8000000e+01   6.4239130e+00
   1.1708055e+03   4.4000000e+01   6.9000000e+01   5.2600000e+02   5.1000000e+01   2.5500000e+01   2.9750000e+01   9.6764706e+00   2.0000000e+00   8.0000000e+00   3.4000000e+01   6.1981132e+00
   9.8398002e+02   4.2000000e+01   5.4000000e+01   4.8600000e+02   5.0000000e+01   2.5000000e+01   2.4700000e+01   8.2333333e+00   2.0000000e+00   1.0000000e+01   3.0000000e+01   6.6373626e+00
   5.6366212e+02   2.4000000e+01   3.7000000e+01   3.1100000e+02   4.8000000e+01   2.4000000e+01   2.5000000e+01   9.4375000e+00   2.0000000e+00   6.0000000e+00   1.6000000e+01   6.9636364e+00
   2.7635064e+02   1.9000000e+01   1.6000000e+01   1.6500000e+02   3.7000000e+01   1.8500000e+01   1.5000000e+01   4.8181818e+00   2.0000000e+00   6.0000000e+00   1.1000000e+01   6.1818182e+00
   9.7403392e+02   3.6000000e+01   5.9000000e+01   5.6100000e+02   5.9000000e+01   2.9500000e+01   3.3714286e+01   1.2407407e+01   2.0000000e+00   7.0000000e+00   2.7000000e+01   7.4065934e+00
   1.1157058e+03   3.5000000e+01   6.0000000e+01   5.1900000e+02   5.7000000e+01   2.8500000e+01   2.7285714e+01   1.3115385e+01   2.0000000e+00   7.0000000e+00   2.6000000e+01   6.6451613e+00
   1.0535929e+03   4.2000000e+01   5.9000000e+01   5.4800000e+02   5.5000000e+01   2.7500000e+01   3.0625000e+01   1.0156250e+01   2.0000000e+00   8.0000000e+00   3.2000000e+01   6.8556701e+00
   1.3035768e+03   4.3000000e+01   7.3000000e+01   5.8800000e+02   5.4000000e+01   2.7000000e+01   3.0500000e+01   1.1303030e+01   2.0000000e+00   8.0000000e+00   3.3000000e+01   6.6448598e+00
   1.1396151e+03   3.8000000e+01   6.9000000e+01   5.6200000e+02   5.3000000e+01   2.6500000e+01   3.4428571e+01   1.2137931e+01   2.0000000e+00   7.0000000e+00   2.9000000e+01   6.8854167e+00
   1.0115154e+03   4.0000000e+01   6.3000000e+01   5.7300000e+02   5.7000000e+01   2.8500000e+01   3.2500000e+01   1.0833333e+01   2.0000000e+00   8.0000000e+00   3.0000000e+01   7.3510638e+00
   1.2016807e+03   4.3000000e+01   6.5000000e+01   5.4900000e+02   5.4000000e+01   2.7000000e+01   3.0625000e+01   1.0090909e+01   2.0000000e+00   8.0000000e+00   3.3000000e+01   6.5000000e+00
   9.1838120e+02   4.2000000e+01   5.2000000e+01   4.8200000e+02   5.2000000e+01   2.6000000e+01   3.0000000e+01   8.5454545e+00   2.0000000e+00   7.0000000e+00   3.3000000e+01   6.9318182e+00
   1.0425155e+03   3.8000000e+01   6.1000000e+01   5.6000000e+02   6.1000000e+01   3.0500000e+01   2.7444444e+01   1.2000000e+01   2.0000000e+00   9.0000000e+00   2.7000000e+01   7.1702128e+00
   9.8812590e+02   3.8000000e+01   5.8000000e+01   5.3100000e+02   5.5000000e+01   2.7500000e+01   3.1428571e+01   1.1068966e+01   2.0000000e+00   7.0000000e+00   2.9000000e+01   7.1847826e+00
   7.2493255e+01   5.0000000e+00   4.0000000e+00   5.1000000e+01   3.1000000e+01   1.5500000e+01   7.6666667e+00   0.0000000e+00   2.0000000e+00   3.0000000e+00   0.0000000e+00   7.2857143e+00
   1.3016644e+03   3.8000000e+01   6.5000000e+01   5.2400000e+02   5.3000000e+01   2.6500000e+01   3.3285714e+01   1.0655172e+01   2.0000000e+00   7.0000000e+00   2.9000000e+01   6.3092784e+00
   7.2101730e+01   5.0000000e+00   4.0000000e+00   6.1000000e+01   2.4000000e+01   1.2000000e+01   1.4500000e+01   1.1000000e+01   2.0000000e+00   2.0000000e+00   1.0000000e+00   8.7142857e+00
   1.2094256e+03   4.1000000e+01   7.0000000e+01   5.5100000e+02   5.3000000e+01   2.6500000e+01   3.2250000e+01   1.0612903e+01   2.0000000e+00   8.0000000e+00   3.1000000e+01   6.5500000e+00
   8.0152549e+02   2.8000000e+01   4.8000000e+01   4.3500000e+02   5.2000000e+01   2.6000000e+01   2.7666667e+01   1.3700000e+01   2.0000000e+00   6.0000000e+00   2.0000000e+01   7.1971831e+00
   1.2802835e+03   3.7000000e+01   7.2000000e+01   6.0700000e+02   5.5000000e+01   2.7500000e+01   3.2857143e+01   1.4285714e+01   2.0000000e+00   7.0000000e+00   2.8000000e+01   6.8235294e+00
   9.8875475e+02   3.8000000e+01   5.6000000e+01   5.0600000e+02   5.4000000e+01   2.7000000e+01   2.4375000e+01   1.1571429e+01   2.0000000e+00   8.0000000e+00   2.8000000e+01   6.9090909e+00
   1.3929143e+03   4.4000000e+01   7.4000000e+01   5.8800000e+02   5.2000000e+01   2.6000000e+01   3.3375000e+01   1.0705882e+01   2.0000000e+00   8.0000000e+00   3.4000000e+01   6.6181818e+00
   9.4230128e+02   3.6000000e+01   5.3000000e+01   4.4400000e+02   5.5000000e+01   2.7500000e+01   2.9142857e+01   1.0000000e+01   2.0000000e+00   7.0000000e+00   2.7000000e+01   6.9880952e+00
   7.2229180e+01   6.0000000e+00   4.0000000e+00   6.1000000e+01   2.6000000e+01   6.0000000e+00   2.6000000e+01   8.6666667e+00   2.0000000e+00   1.0000000e+00   3.0000000e+00   7.8750000e+00
   1.1166478e+03   4.2000000e+01   5.9000000e+01   5.2700000e+02   5.3000000e+01   2.6500000e+01   2.9500000e+01   9.6875000e+00   2.0000000e+00   8.0000000e+00   3.2000000e+01   6.7653061e+00
   1.2912619e+03   4.7000000e+01   6.9000000e+01   5.7000000e+02   5.1000000e+01   2.5500000e+01   2.7666667e+01   9.9722222e+00   2.0000000e+00   9.0000000e+00   3.6000000e+01   6.6226415e+00
   1.1810875e+03   4.1000000e+01   6.8000000e+01   5.9100000e+02   5.4000000e+01   2.7000000e+01   2.7111111e+01   1.2633333e+01   2.0000000e+00   9.0000000e+00   3.0000000e+01   6.9326923e+00
   3.3346832e+02   1.7000000e+01   1.8000000e+01   1.7000000e+02   4.4000000e+01   2.2000000e+01   1.7600000e+01   5.5000000e+00   2.0000000e+00   5.0000000e+00   1.0000000e+01   6.4687500e+00
   9.6545591e+01   6.0000000e+00   4.0000000e+00   4.9000000e+01   2.1000000e+01   1.0500000e+01   9.0000000e+00   4.0000000e+00   2.0000000e+00   3.0000000e+00   1.0000000e+00   6.1250000e+00
   1.0210207e+03   3.9000000e+01   6.0000000e+01   5.3700000e+02   5.3000000e+01   2.6500000e+01   2.8714286e+01   1.1833333e+01   2.0000000e+00   7.0000000e+00   3.0000000e+01   6.7065217e+00
   8.6873736e+02   3.8000000e+01   5.4000000e+01   5.1800000e+02   5.2000000e+01   2.6000000e+01   3.1625000e+01   1.0285714e+01   2.0000000e+00   8.0000000e+00   2.8000000e+01   7.1411765e+00
   1.1595656e+03   3.7000000e+01   6.2000000e+01   4.8100000e+02   5.8000000e+01   2.9000000e+01   2.2750000e+01   1.2074074e+01   2.0000000e+00   8.0000000e+00   2.7000000e+01   6.4193548e+00
   9.2608679e+01   4.0000000e+00   3.0000000e+00   2.5000000e+01   1.2000000e+01   6.0000000e+00   1.1000000e+01   4.0000000e+00   2.0000000e+00   1.0000000e+00   1.0000000e+00   5.0000000e+00
   1.1344166e+03   3.8000000e+01   6.5000000e+01   5.3400000e+02   5.4000000e+01   2.7000000e+01   2.9375000e+01   1.1428571e+01   2.0000000e+00   8.0000000e+00   2.8000000e+01   6.7291667e+00
   7.7611126e+02   2.9000000e+01   4.1000000e+01   3.5200000e+02   5.0000000e+01   2.5000000e+01   2.4714286e+01   8.7000000e+00   2.0000000e+00   7.0000000e+00   2.0000000e+01   6.8030303e+00
   1.2614047e+03   3.9000000e+01   6.9000000e+01   5.6000000e+02   5.7000000e+01   2.8500000e+01   2.9625000e+01   1.1793103e+01   2.0000000e+00   8.0000000e+00   2.9000000e+01   6.6213592e+00
   9.9832304e+02   3.5000000e+01   5.7000000e+01   5.2600000e+02   6.0000000e+01   3.0000000e+01   2.5222222e+01   1.2625000e+01   2.0000000e+00   9.0000000e+00   2.4000000e+01   6.9425287e+00
   9.2221262e+02   3.3000000e+01   4.9000000e+01   4.3000000e+02   5.6000000e+01   2.8000000e+01   2.5142857e+01   1.0458333e+01   2.0000000e+00   7.0000000e+00   2.4000000e+01   6.6410256e+00
   7.0761400e+01   4.0000000e+00   3.0000000e+00   3.5000000e+01   2.2000000e+01   1.1000000e+01   7.5000000e+00   0.0000000e+00   2.0000000e+00   2.0000000e+00   0.0000000e+00   7.0000000e+00
   9.6683151e+01   6.0000000e+00   3.0000000e+00   3.8000000e+01   1.2000000e+01   6.0000000e+00   9.0000000e+00   5.0000000e+00   2.0000000e+00   2.0000000e+00   2.0000000e+00   5.4285714e+00
   1.1150489e+03   4.0000000e+01   6.0000000e+01   5.4900000e+02   5.6000000e+01   2.8000000e+01   2.6888889e+01   1.1137931e+01   2.0000000e+00   9.0000000e+00   2.9000000e+01   6.7789474e+00
   1.2951350e+03   4.1000000e+01   6.6000000e+01   5.4400000e+02   5.6000000e+01   2.8000000e+01   2.7888889e+01   1.0700000e+01   2.0000000e+00   9.0000000e+00   3.0000000e+01   6.8235294e+00
   9.6573215e+01   5.0000000e+00   4.0000000e+00   4.3000000e+01   2.1000000e+01   1.0500000e+01   1.0000000e+01   5.0000000e+00   2.0000000e+00   2.0000000e+00   1.0000000e+00   6.1428571e+00
   1.1242438e+03   3.7000000e+01   6.6000000e+01   5.4000000e+02   5.5000000e+01   2.7500000e+01   2.9000000e+01   1.2500000e+01   2.0000000e+00   7.0000000e+00   2.8000000e+01   6.6063830e+00
   1.2666308e+03   3.7000000e+01   6.3000000e+01   5.1900000e+02   5.3000000e+01   2.6500000e+01   2.9714286e+01   1.1571429e+01   2.0000000e+00   7.0000000e+00   2.8000000e+01   6.5208333e+00
   7.2162739e+01   6.0000000e+00   4.0000000e+00   5.9000000e+01   3.1000000e+01   1.5500000e+01   7.7500000e+00   0.0000000e+00   2.0000000e+00   4.0000000e+00   0.0000000e+00   7.3750000e+00
   1.1806061e+03   4.1000000e+01   6.1000000e+01   5.3900000e+02   5.1000000e+01   2.5500000e+01   3.0250000e+01   1.0000000e+01   2.0000000e+00   8.0000000e+00   3.1000000e+01   6.6701031e+00
   3.9995574e+02   1.7000000e+01   2.5000000e+01   1.9900000e+02   4.6000000e+01   2.3000000e+01   2.1400000e+01   7.0000000e+00   2.0000000e+00   5.0000000e+00   1.0000000e+01   6.7105263e+00
   1.2568940e+03   3.7000000e+01   7.7000000e+01   5.8100000e+02   6.2000000e+01   3.1000000e+01   2.9125000e+01   1.3814815e+01   2.0000000e+00   8.0000000e+00   2.7000000e+01   6.6788991e+00
   7.2568241e+01   5.0000000e+00   4.0000000e+00   5.9000000e+01   2.4000000e+01   1.2000000e+01   1.4000000e+01   1.0000000e+01   2.0000000e+00   2.0000000e+00   1.0000000e+00   8.4285714e+00
   1.2213647e+03   3.7000000e+01   6.7000000e+01   5.3900000e+02   5.5000000e+01   2.7500000e+01   3.3285714e+01   1.2035714e+01   2.0000000e+00   7.0000000e+00   2.8000000e+01   6.7216495e+00
   7.0884692e+02   1.1000000e+01   4.0000000e+01   2.9500000e+02   5.8000000e+01   4.5000000e+00   5.8000000e+01   3.3375000e+01   2.0000000e+00   1.0000000e+00   8.0000000e+00   6.9782609e+00
   1.3548159e+03   4.1000000e+01   7.4000000e+01   5.8700000e+02   5.4000000e+01   2.7000000e+01   3.4285714e+01   1.2031250e+01   2.0000000e+00   7.0000000e+00   3.2000000e+01   6.4907407e+00
   9.5793571e+01   4.0000000e+00   4.0000000e+00   3.7000000e+01   1.4000000e+01   6.0000000e+00   1.4000000e+01   1.4000000e+01   2.0000000e+00   1.0000000e+00   1.0000000e+00   6.1666667e+00
   1.2209683e+03   3.9000000e+01   7.5000000e+01   5.8800000e+02   5.5000000e+01   2.7500000e+01   3.3142857e+01   1.3333333e+01   2.0000000e+00   7.0000000e+00   3.0000000e+01   6.7547170e+00
   9.9431209e+02   3.3000000e+01   5.9000000e+01   4.9800000e+02   5.2000000e+01   2.6000000e+01   2.9571429e+01   1.3000000e+01   2.0000000e+00   7.0000000e+00   2.4000000e+01   7.0232558e+00
   8.4339626e+02   3.3000000e+01   5.1000000e+01   4.4700000e+02   5.3000000e+01   2.6500000e+01   2.9714286e+01   1.0291667e+01   2.0000000e+00   7.0000000e+00   2.4000000e+01   6.9493671e+00
   9.8461650e+02   3.3000000e+01   5.4000000e+01   4.3100000e+02   5.2000000e+01   2.6000000e+01   2.8142857e+01   1.0125000e+01   2.0000000e+00   7.0000000e+00   2.4000000e+01   6.4146341e+00
   1.2662860e+03   3.3000000e+01   7.0000000e+01   5.5400000e+02   5.5000000e+01   2.7500000e+01   3.6833333e+01   1.4240000e+01   2.0000000e+00   6.0000000e+00   2.5000000e+01   6.8247423e+00
   1.1112661e+03   3.4000000e+01   7.1000000e+01   5.8700000e+02   5.6000000e+01   2.8000000e+01   3.0500000e+01   1.5333333e+01   2.0000000e+00   8.0000000e+00   2.4000000e+01   7.2291667e+00
   7.2827889e+01   4.0000000e+00   3.0000000e+00   3.1000000e+01   2.0000000e+01   1.0000000e+01   6.5000000e+00   0.0000000e+00   2.0000000e+00   2.0000000e+00   0.0000000e+00   6.2000000e+00
   8.5699124e+02   2.9000000e+01   4.4000000e+01   3.7800000e+02   5.1000000e+01   2.5500000e+01   2.4000000e+01   1.1380952e+01   2.0000000e+00   6.0000000e+00   2.1000000e+01   6.5757576e+00
   1.1444902e+03   3.6000000e+01   6.5000000e+01   5.3700000e+02   5.6000000e+01   2.8000000e+01   3.2857143e+01   1.2370370e+01   2.0000000e+00   7.0000000e+00   2.7000000e+01   6.7234043e+00
   1.3214471e+03   3.7000000e+01   7.0000000e+01   5.2500000e+02   5.6000000e+01   2.8000000e+01   2.9000000e+01   1.2428571e+01   2.0000000e+00   7.0000000e+00   2.8000000e+01   6.4500000e+00
   8.1101716e+02   3.1000000e+01   4.8000000e+01   3.8200000e+02   5.3000000e+01   2.6500000e+01   2.5000000e+01   9.9130435e+00   2.0000000e+00   6.0000000e+00   2.3000000e+01   6.5270270e+00
   1.1573948e+03   4.0000000e+01   6.6000000e+01   5.7800000e+02   5.7000000e+01   2.8500000e+01   3.0375000e+01   1.1833333e+01   2.0000000e+00   8.0000000e+00   3.0000000e+01   7.0588235e+00
   1.0912278e+03   4.2000000e+01   6.6000000e+01   5.4400000e+02   5.4000000e+01   2.7000000e+01   3.0375000e+01   1.0468750e+01   2.0000000e+00   8.0000000e+00   3.2000000e+01   6.8775510e+00
   1.1801984e+03   4.2000000e+01   6.7000000e+01   5.7800000e+02   5.3000000e+01   2.6500000e+01   2.8777778e+01   1.1258065e+01   2.0000000e+00   9.0000000e+00   3.1000000e+01   6.8712871e+00
   9.9861410e+02   3.6000000e+01   5.5000000e+01   4.8700000e+02   5.1000000e+01   2.5500000e+01   3.2285714e+01   1.0296296e+01   2.0000000e+00   7.0000000e+00   2.7000000e+01   7.0361446e+00
   1.0650609e+03   3.4000000e+01   5.5000000e+01   4.5900000e+02   5.4000000e+01   2.7000000e+01   2.9142857e+01   1.0840000e+01   2.0000000e+00   7.0000000e+00   2.5000000e+01   6.7560976e+00
   1.1538860e+03   3.3000000e+01   6.9000000e+01   5.9700000e+02   5.4000000e+01   2.7000000e+01   3.7333333e+01   1.5920000e+01   2.0000000e+00   6.0000000e+00   2.5000000e+01   7.0816327e+00
   9.5349670e+02   3.1000000e+01   5.6000000e+01   4.9000000e+02   5.3000000e+01   2.6500000e+01   2.9857143e+01   1.3590909e+01   2.0000000e+00   7.0000000e+00   2.2000000e+01   6.8809524e+00
   1.0774735e+03   3.5000000e+01   6.5000000e+01   5.0200000e+02   5.8000000e+01   2.9000000e+01   2.6625000e+01   1.2040000e+01   2.0000000e+00   8.0000000e+00   2.5000000e+01   6.5531915e+00
   1.0444475e+03   3.2000000e+01   6.2000000e+01   5.2100000e+02   5.4000000e+01   2.7000000e+01   3.0666667e+01   1.4625000e+01   2.0000000e+00   6.0000000e+00   2.4000000e+01   6.6333333e+00
