   1.6792835e+03   3.3000000e+01   5.0000000e+01   4.9400000e+02   5.1000000e+01   2.5500000e+01   2.8500000e+01   1.1869565e+01   2.0000000e+00   8.0000000e+00   2.3000000e+01   7.7012987e+00
   1.6018088e+03   3.5000000e+01   5.8000000e+01   5.5400000e+02   5.5000000e+01   2.7500000e+01   3.3857143e+01   1.2884615e+01   2.0000000e+00   7.0000000e+00   2.6000000e+01   7.6781609e+00
   1.5015284e+03   3.4000000e+01   5.8000000e+01   6.0100000e+02   5.4000000e+01   2.7000000e+01   3.5285714e+01   1.4760000e+01   2.0000000e+00   7.0000000e+00   2.5000000e+01   8.3448276e+00
   1.8189320e+03   2.9000000e+01   5.3000000e+01   5.6700000e+02   6.0000000e+01   3.0000000e+01   3.7000000e+01   1.6190476e+01   2.0000000e+00   6.0000000e+00   2.1000000e+01   8.2025316e+00
   1.4926470e+03   3.0000000e+01   4.8000000e+01   4.8600000e+02   5.5000000e+01   2.7500000e+01   3.0166667e+01   1.3863636e+01   2.0000000e+00   6.0000000e+00   2.2000000e+01   7.7857143e+00
   1.8765125e+03   3.3000000e+01   5.9000000e+01   5.8400000e+02   6.0000000e+01   3.0000000e+01   3.6428571e+01   1.4166667e+01   2.0000000e+00   7.0000000e+00   2.4000000e+01   8.1395349e+00
   1.2984182e+03   2.7000000e+01   4.8000000e+01   4.8400000e+02   5.7000000e+01   2.8500000e+01   3.2500000e+01   1.5000000e+01   2.0000000e+00   6.0000000e+00   1.9000000e+01   7.9154930e+00
   1.6003415e+03   3.7000000e+01   4.9000000e+01   5.5500000e+02   5.5000000e+01   2.7500000e+01   3.0625000e+01   1.1814815e+01   2.0000000e+00   8.0000000e+00   2.7000000e+01   8.1463415e+00
   1.5427551e+03   3.1000000e+01   5.9000000e+01   5.9100000e+02   6.1000000e+01   3.0500000e+01   3.8166667e+01   1.6043478e+01   2.0000000e+00   6.0000000e+00   2.3000000e+01   8.0238095e+00
   1.6349600e+03   3.4000000e+01   6.2000000e+01   5.8100000e+02   6.0000000e+01   3.0000000e+01   3.3000000e+01   1.4600000e+01   2.0000000e+00   7.0000000e+00   2.5000000e+01   8.0967742e+00
   1.5092556e+03   2.9000000e+01   4.9000000e+01   5.1800000e+02   6.1000000e+01   3.0500000e+01   3.3000000e+01   1.4952381e+01   2.0000000e+00   6.0000000e+00   2.1000000e+01   8.1917808e+00
   1.7554610e+03   2.9000000e+01   5.1000000e+01   4.9600000e+02   6.0000000e+01   3.0000000e+01   3.1000000e+01   1.4523810e+01   2.0000000e+00   6.0000000e+00   2.1000000e+01   8.0833333e+00
   1.4638201e+03   3.4000000e+01   5.2000000e+01   5.5900000e+02   5.8000000e+01   2.9000000e+01   3.2714286e+01   1.3520000e+01   2.0000000e+00   7.0000000e+00   2.5000000e+01   7.9756098e+00
   1.7333021e+03   3.7000000e+01   5.7000000e+01   5.6600000e+02   5.8000000e+01   2.9000000e+01   3.0000000e+01   1.2821429e+01   2.0000000e+00   7.0000000e+00   2.8000000e+01   8.1648352e+00
   1.7110743e+03   3.3000000e+01   5.8000000e+01   5.5300000e+02   5.9000000e+01   2.9500000e+01   3.3333333e+01   1.4280000e+01   2.0000000e+00   6.0000000e+00   2.5000000e+01   8.0000000e+00
   1.7827437e+03   3.8000000e+01   5.9000000e+01   5.8000000e+02   5.2000000e+01   2.6000000e+01   2.9888889e+01   1.2074074e+01   2.0000000e+00   9.0000000e+00   2.7000000e+01   7.9239130e+00
   1.4902250e+03   3.7000000e+01   5.0000000e+01   5.3200000e+02   5.4000000e+01   2.7000000e+01   3.1000000e+01   1.1428571e+01   2.0000000e+00   7.0000000e+00   2.8000000e+01   7.8795181e+00
   1.7245365e+03   3.0000000e+01   5.9000000e+01   5.8200000e+02   6.1000000e+01   3.0500000e+01   3.5166667e+01   1.7045455e+01   2.0000000e+00   6.0000000e+00   2.2000000e+01   8.3214286e+00
   1.4403550e+03   2.9000000e+01   4.6000000e+01   4.6700000e+02   6.0000000e+01   3.0000000e+01   2.7250000e+01   1.2631579e+01   2.0000000e+00   8.0000000e+00   1.9000000e+01   7.6571429e+00
   1.9016943e+03   3.3000000e+01   5.8000000e+01   5.2700000e+02   5.8000000e+01   2.9000000e+01   3.0714286e+01   1.3500000e+01   2.0000000e+00   7.0000000e+00   2.4000000e+01   7.4367816e+00
   1.5409602e+03   3.2000000e+01   5.0000000e+01   5.1700000e+02   5.2000000e+01   2.6000000e+01   3.1428571e+01   1.3086957e+01   2.0000000e+00   7.0000000e+00   2.3000000e+01   7.9864865e+00
   1.6936297e+03   3.6000000e+01   6.0000000e+01   5.8200000e+02   5.5000000e+01   2.7500000e+01   3.2571429e+01   1.3629630e+01   2.0000000e+00   7.0000000e+00   2.7000000e+01   7.7252747e+00
   1.8824035e+03   3.6000000e+01   6.0000000e+01   5.8900000e+02   5.7000000e+01   2.8500000e+01   3.5714286e+01   1.3185185e+01   2.0000000e+00   7.0000000e+00   2.7000000e+01   7.7303371e+00
   1.8012780e+03   3.7000000e+01   5.8000000e+01   5.9000000e+02   5.7000000e+01   2.8500000e+01   3.4125000e+01   1.2296296e+01   2.0000000e+00   8.0000000e+00   2.7000000e+01   8.0227273e+00
   1.4214250e+03   3.0000000e+01   5.1000000e+01   4.9800000e+02   5.7000000e+01   2.8500000e+01   3.0833333e+01   1.4500000e+01   2.0000000e+00   6.0000000e+00   2.2000000e+01   7.7402597e+00
   1.3531221e+03   2.9000000e+01   5.2000000e+01   4.9700000e+02   6.1000000e+01   3.0500000e+01   3.4833333e+01   1.3523810e+01   2.0000000e+00   6.0000000e+00   2.1000000e+01   8.2027027e+00
   1.3947854e+03   2.8000000e+01   5.3000000e+01   5.2300000e+02   5.9000000e+01   2.9500000e+01   3.9200000e+01   1.5714286e+01   2.0000000e+00   5.0000000e+00   2.1000000e+01   8.2533333e+00
   1.5889104e+03   3.0000000e+01   5.1000000e+01   5.2300000e+02   5.8000000e+01   2.9000000e+01   2.8857143e+01   1.5142857e+01   2.0000000e+00   7.0000000e+00   2.1000000e+01   8.2820513e+00
   1.6505632e+03   3.6000000e+01   5.1000000e+01   4.9500000e+02   5.5000000e+01   2.7500000e+01   3.0571429e+01   1.0814815e+01   2.0000000e+00   7.0000000e+00   2.7000000e+01   7.6202532e+00
   1.6521564e+03   3.8000000e+01   5.2000000e+01   5.2800000e+02   5.4000000e+01   2.7000000e+01   3.0750000e+01   1.0535714e+01   2.0000000e+00   8.0000000e+00   2.8000000e+01   7.6309524e+00
   1.7102907e+03   2.9000000e+01   5.1000000e+01   5.3200000e+02   5.9000000e+01   2.9500000e+01   3.2500000e+01   1.6142857e+01   2.0000000e+00   6.0000000e+00   2.1000000e+01   8.2236842e+00
   1.6814701e+03   2.9000000e+01   4.9000000e+01   5.2400000e+02   6.1000000e+01   3.0500000e+01   3.5166667e+01   1.4952381e+01   2.0000000e+00   6.0000000e+00   2.1000000e+01   8.2837838e+00
   1.5819465e+03   3.3000000e+01   5.1000000e+01   5.1200000e+02   5.7000000e+01   2.8500000e+01   3.0285714e+01   1.2583333e+01   2.0000000e+00   7.0000000e+00   2.4000000e+01   8.0519481e+00
   1.7189178e+03   3.1000000e+01   5.4000000e+01   5.1900000e+02   5.6000000e+01   2.8000000e+01   3.6166667e+01   1.3217391e+01   2.0000000e+00   6.0000000e+00   2.3000000e+01   7.6625000e+00
   1.3113247e+03   2.9000000e+01   4.8000000e+01   5.0300000e+02   5.8000000e+01   2.9000000e+01   3.6600000e+01   1.4272727e+01   2.0000000e+00   5.0000000e+00   2.2000000e+01   8.3239437e+00
   1.3382345e+03   3.1000000e+01   5.7000000e+01   5.7700000e+02   6.1000000e+01   3.0500000e+01   3.6428571e+01   1.4818182e+01   2.0000000e+00   7.0000000e+00   2.2000000e+01   8.1975309e+00
   1.5353093e+03   3.1000000e+01   4.8000000e+01   5.2200000e+02   5.6000000e+01   2.8000000e+01   2.8875000e+01   1.3714286e+01   2.0000000e+00   8.0000000e+00   2.1000000e+01   8.1052632e+00
   1.4285825e+03   3.0000000e+01   4.3000000e+01   4.6200000e+02   5.5000000e+01   2.7500000e+01   2.4000000e+01   1.3050000e+01   2.0000000e+00   8.0000000e+00   2.0000000e+01   8.2608696e+00
   1.6646997e+03   3.4000000e+01   6.3000000e+01   5.9700000e+02   5.7000000e+01   2.8500000e+01   3.6571429e+01   1.4320000e+01   2.0000000e+00   7.0000000e+00   2.5000000e+01   7.7888889e+00
   1.4027322e+03   3.6000000e+01   5.1000000e+01   5.2200000e+02   5.2000000e+01   2.6000000e+01   2.5222222e+01   1.1840000e+01   2.0000000e+00   9.0000000e+00   2.5000000e+01   7.8902439e+00
   1.8868665e+03   2.9000000e+01   5.3000000e+01   5.4200000e+02   6.2000000e+01   3.1000000e+01   3.7666667e+01   1.4904762e+01   2.0000000e+00   6.0000000e+00   2.1000000e+01   7.8987342e+00
   1.7132688e+03   3.1000000e+01   5.9000000e+01   5.7700000e+02   6.1000000e+01   3.0500000e+01   3.4142857e+01   1.5909091e+01   2.0000000e+00   7.0000000e+00   2.2000000e+01   8.0465116e+00
   1.7388863e+03   3.5000000e+01   6.1000000e+01   5.8500000e+02   5.7000000e+01   2.8500000e+01   3.1375000e+01   1.3920000e+01   2.0000000e+00   8.0000000e+00   2.5000000e+01   7.8863636e+00
   1.6628194e+03   3.1000000e+01   5.1000000e+01   5.1200000e+02   5.8000000e+01   2.9000000e+01   2.9571429e+01   1.3954545e+01   2.0000000e+00   7.0000000e+00   2.2000000e+01   7.7922078e+00
   1.5798482e+03   2.8000000e+01   5.3000000e+01   5.1100000e+02   6.0000000e+01   3.0000000e+01   4.0800000e+01   1.4523810e+01   2.0000000e+00   5.0000000e+00   2.1000000e+01   7.8400000e+00
   1.5076383e+03   3.5000000e+01   5.8000000e+01   5.6100000e+02   5.8000000e+01   2.9000000e+01   3.4142857e+01   1.2692308e+01   2.0000000e+00   7.0000000e+00   2.6000000e+01   7.8620690e+00
   1.5364137e+03   3.1000000e+01   4.5000000e+01   5.0700000e+02   5.7000000e+01   2.8500000e+01   3.1571429e+01   1.2863636e+01   2.0000000e+00   7.0000000e+00   2.2000000e+01   7.9305556e+00
   1.6008065e+03   3.1000000e+01   5.4000000e+01   5.5800000e+02   5.7000000e+01   2.8500000e+01   3.7000000e+01   1.5086957e+01   2.0000000e+00   6.0000000e+00   2.3000000e+01   8.1111111e+00
   1.5250018e+03   3.1000000e+01   6.0000000e+01   5.6500000e+02   5.8000000e+01   2.9000000e+01   3.7500000e+01   1.5434783e+01   2.0000000e+00   6.0000000e+00   2.3000000e+01   7.8313253e+00
   1.4808808e+03   3.2000000e+01   4.9000000e+01   5.3400000e+02   6.0000000e+01   3.0000000e+01   3.6500000e+01   1.2875000e+01   2.0000000e+00   6.0000000e+00   2.4000000e+01   8.0909091e+00
   1.5813030e+03   3.0000000e+01   5.9000000e+01   5.4600000e+02   5.9000000e+01   2.9500000e+01   3.5166667e+01   1.5727273e+01   2.0000000e+00   6.0000000e+00   2.2000000e+01   7.6309524e+00
   1.4450261e+03   3.6000000e+01   5.4000000e+01   5.7600000e+02   5.6000000e+01   2.8000000e+01   3.6000000e+01   1.2481481e+01   2.0000000e+00   7.0000000e+00   2.7000000e+01   8.2560976e+00
   1.4724112e+03   3.5000000e+01   5.1000000e+01   5.3300000e+02   5.9000000e+01   2.9500000e+01   3.4000000e+01   1.1576923e+01   2.0000000e+00   7.0000000e+00   2.6000000e+01   8.1500000e+00
   1.8200677e+03   2.7000000e+01   5.5000000e+01   5.1600000e+02   6.3000000e+01   3.1500000e+01   3.1500000e+01   1.7157895e+01   2.0000000e+00   6.0000000e+00   1.9000000e+01   7.9487179e+00
   1.6438023e+03   3.2000000e+01   5.6000000e+01   5.2700000e+02   5.6000000e+01   2.8000000e+01   3.0142857e+01   1.4304348e+01   2.0000000e+00   7.0000000e+00   2.3000000e+01   7.8354430e+00
   1.5388926e+03   3.3000000e+01   5.6000000e+01   5.5300000e+02   5.5000000e+01   2.7500000e+01   3.4857143e+01   1.3375000e+01   2.0000000e+00   7.0000000e+00   2.4000000e+01   7.8292683e+00
   1.7143599e+03   3.5000000e+01   5.8000000e+01   5.8800000e+02   5.8000000e+01   2.9000000e+01   3.5428571e+01   1.3461538e+01   2.0000000e+00   7.0000000e+00   2.6000000e+01   7.9885057e+00
   1.5597695e+03   3.8000000e+01   5.3000000e+01   5.3900000e+02   5.8000000e+01   2.9000000e+01   2.6777778e+01   1.1296296e+01   2.0000000e+00   9.0000000e+00   2.7000000e+01   7.7857143e+00
   1.4278881e+03   2.9000000e+01   4.2000000e+01   4.8100000e+02   5.8000000e+01   2.9000000e+01   2.6428571e+01   1.4250000e+01   2.0000000e+00   7.0000000e+00   2.0000000e+01   8.6000000e+00
   1.5275442e+03   4.0000000e+01   4.7000000e+01   5.0500000e+02   5.3000000e+01   2.6500000e+01   2.6636364e+01   8.2962963e+00   2.0000000e+00   1.1000000e+01   2.7000000e+01   7.8414634e+00
   1.8432531e+03   3.5000000e+01   6.1000000e+01   5.8300000e+02   6.0000000e+01   3.0000000e+01   3.6833333e+01   1.3777778e+01   2.0000000e+00   6.0000000e+00   2.7000000e+01   7.9101124e+00
   1.6144883e+03   3.2000000e+01   5.1000000e+01   5.1600000e+02   5.5000000e+01   2.7500000e+01   3.5833333e+01   1.3291667e+01   2.0000000e+00   6.0000000e+00   2.4000000e+01   7.9000000e+00
   1.6714692e+03   3.6000000e+01   6.2000000e+01   6.1100000e+02   5.7000000e+01   2.8500000e+01   3.5714286e+01   1.4185185e+01   2.0000000e+00   7.0000000e+00   2.7000000e+01   7.8586957e+00
   1.5318541e+03   2.8000000e+01   4.7000000e+01   5.0400000e+02   5.8000000e+01   2.9000000e+01   3.2666667e+01   1.5650000e+01   2.0000000e+00   6.0000000e+00   2.0000000e+01   8.1250000e+00
   2.1186872e+03   3.6000000e+01   6.7000000e+01   6.1700000e+02   6.1000000e+01   3.0500000e+01   3.5000000e+01   1.4222222e+01   2.0000000e+00   7.0000000e+00   2.7000000e+01   7.6458333e+00
   1.3673057e+03   3.1000000e+01   4.9000000e+01   5.0900000e+02   5.3000000e+01   2.6500000e+01   3.3833333e+01   1.3826087e+01   2.0000000e+00   6.0000000e+00   2.3000000e+01   8.2567568e+00
   1.6154812e+03   3.2000000e+01   5.0000000e+01   5.2600000e+02   5.5000000e+01   2.7500000e+01   3.1857143e+01   1.3260870e+01   2.0000000e+00   7.0000000e+00   2.3000000e+01   8.1518987e+00
   1.4453422e+03   3.5000000e+01   4.8000000e+01   5.2100000e+02   5.3000000e+01   2.6500000e+01   3.3285714e+01   1.1076923e+01   2.0000000e+00   7.0000000e+00   2.6000000e+01   8.0126582e+00
   1.6191158e+03   3.4000000e+01   5.3000000e+01   5.3400000e+02   5.6000000e+01   2.8000000e+01   3.4285714e+01   1.2280000e+01   2.0000000e+00   7.0000000e+00   2.5000000e+01   7.9634146e+00
   1.7063534e+03   3.0000000e+01   5.0000000e+01   4.8700000e+02   5.5000000e+01   2.7500000e+01   2.7000000e+01   1.3952381e+01   2.0000000e+00   7.0000000e+00   2.1000000e+01   7.6538462e+00
   1.2737362e+03   2.4000000e+01   3.7000000e+01   4.2300000e+02   5.9000000e+01   2.9500000e+01   2.7166667e+01   1.5062500e+01   2.0000000e+00   6.0000000e+00   1.6000000e+01   8.3859649e+00
   1.6539550e+03   3.8000000e+01   5.6000000e+01   6.0600000e+02   5.4000000e+01   2.7000000e+01   3.2750000e+01   1.2857143e+01   2.0000000e+00   8.0000000e+00   2.8000000e+01   8.1954023e+00
   1.4069362e+03   3.2000000e+01   5.3000000e+01   5.0000000e+02   5.9000000e+01   2.9500000e+01   3.1833333e+01   1.3125000e+01   2.0000000e+00   6.0000000e+00   2.4000000e+01   7.8571429e+00
   2.0843638e+03   3.5000000e+01   6.3000000e+01   6.0200000e+02   6.3000000e+01   3.1500000e+01   3.5714286e+01   1.4269231e+01   2.0000000e+00   7.0000000e+00   2.6000000e+01   7.8681319e+00
   1.8879411e+03   3.4000000e+01   6.3000000e+01   6.2600000e+02   6.2000000e+01   3.1000000e+01   3.7333333e+01   1.6038462e+01   2.0000000e+00   6.0000000e+00   2.6000000e+01   7.9462366e+00
   1.5853830e+03   3.1000000e+01   5.6000000e+01   5.3800000e+02   5.8000000e+01   2.9000000e+01   3.3166667e+01   1.4826087e+01   2.0000000e+00   6.0000000e+00   2.3000000e+01   7.9875000e+00
   1.2814241e+03   3.2000000e+01   4.9000000e+01   4.9800000e+02   5.4000000e+01   2.7000000e+01   3.3571429e+01   1.1478261e+01   2.0000000e+00   7.0000000e+00   2.3000000e+01   7.9487179e+00
   1.4142836e+03   3.0000000e+01   5.3000000e+01   5.5000000e+02   6.1000000e+01   3.0500000e+01   3.3142857e+01   1.5380952e+01   2.0000000e+00   7.0000000e+00   2.1000000e+01   8.5454545e+00
   1.5763657e+03   2.8000000e+01   5.2000000e+01   4.9300000e+02   5.9000000e+01   2.9500000e+01   3.2166667e+01   1.5200000e+01   2.0000000e+00   6.0000000e+00   2.0000000e+01   8.1066667e+00
   1.2937680e+03   3.4000000e+01   5.3000000e+01   5.7300000e+02   5.8000000e+01   2.9000000e+01   3.4142857e+01   1.3640000e+01   2.0000000e+00   7.0000000e+00   2.5000000e+01   8.3780488e+00
   1.9541687e+03   3.5000000e+01   6.0000000e+01   5.8700000e+02   5.5000000e+01   2.7500000e+01   3.4857143e+01   1.3576923e+01   2.0000000e+00   7.0000000e+00   2.6000000e+01   7.9560440e+00
   1.3831320e+03   2.9000000e+01   4.6000000e+01   4.9600000e+02   5.7000000e+01   2.8500000e+01   3.4166667e+01   1.3809524e+01   2.0000000e+00   6.0000000e+00   2.1000000e+01   7.9166667e+00
   1.4269043e+03   3.4000000e+01   5.3000000e+01   5.4700000e+02   5.8000000e+01   2.9000000e+01   3.0857143e+01   1.3520000e+01   2.0000000e+00   7.0000000e+00   2.5000000e+01   7.7530864e+00
   1.6728593e+03   3.3000000e+01   5.5000000e+01   5.5600000e+02   5.9000000e+01   2.9500000e+01   3.4833333e+01   1.3800000e+01   2.0000000e+00   6.0000000e+00   2.5000000e+01   8.0375000e+00
   1.6268267e+03   3.1000000e+01   5.4000000e+01   5.8400000e+02   6.0000000e+01   3.0000000e+01   3.8333333e+01   1.5565217e+01   2.0000000e+00   6.0000000e+00   2.3000000e+01   8.3456790e+00
   1.3394733e+03   3.1000000e+01   4.8000000e+01   5.0500000e+02   5.6000000e+01   2.8000000e+01   2.7000000e+01   1.3857143e+01   2.0000000e+00   8.0000000e+00   2.1000000e+01   7.9733333e+00
   1.5106793e+03   2.9000000e+01   5.2000000e+01   5.3400000e+02   5.5000000e+01   2.7500000e+01   3.6833333e+01   1.4857143e+01   2.0000000e+00   6.0000000e+00   2.1000000e+01   8.1282051e+00
   1.5559134e+03   3.6000000e+01   5.4000000e+01   5.4100000e+02   5.4000000e+01   2.7000000e+01   3.4833333e+01   1.2642857e+01   2.0000000e+00   6.0000000e+00   2.8000000e+01   7.9634146e+00
   1.3797618e+03   3.1000000e+01   5.4000000e+01   5.4300000e+02   5.8000000e+01   2.9000000e+01   3.7000000e+01   1.3913043e+01   2.0000000e+00   6.0000000e+00   2.3000000e+01   8.3243243e+00
   1.4719342e+03   2.6000000e+01   4.9000000e+01   5.1000000e+02   6.2000000e+01   3.1000000e+01   3.7800000e+01   1.6684211e+01   2.0000000e+00   5.0000000e+00   1.9000000e+01   8.0833333e+00
   1.5274930e+03   3.5000000e+01   5.0000000e+01   5.3400000e+02   5.5000000e+01   2.7500000e+01   3.2000000e+01   1.1720000e+01   2.0000000e+00   8.0000000e+00   2.5000000e+01   7.9268293e+00
   1.7717368e+03   3.9000000e+01   5.3000000e+01   6.0400000e+02   5.6000000e+01   2.8000000e+01   3.2222222e+01   1.1642857e+01   2.0000000e+00   9.0000000e+00   2.8000000e+01   8.0561798e+00
   1.5776309e+03   3.3000000e+01   5.3000000e+01   5.2000000e+02   5.9000000e+01   2.9500000e+01   3.0571429e+01   1.2958333e+01   2.0000000e+00   7.0000000e+00   2.4000000e+01   7.5897436e+00
   1.5492592e+03   3.0000000e+01   4.9000000e+01   4.7800000e+02   5.8000000e+01   2.9000000e+01   3.1166667e+01   1.3227273e+01   2.0000000e+00   6.0000000e+00   2.2000000e+01   7.5945946e+00
   1.4816486e+03   3.8000000e+01   5.3000000e+01   5.2700000e+02   5.5000000e+01   2.7500000e+01   2.8000000e+01   1.1035714e+01   2.0000000e+00   8.0000000e+00   2.8000000e+01   7.6976744e+00
   1.5105932e+03   3.4000000e+01   4.8000000e+01   4.8200000e+02   5.0000000e+01   2.5000000e+01   2.8625000e+01   1.0958333e+01   2.0000000e+00   8.0000000e+00   2.4000000e+01   7.5000000e+00
   1.4010988e+03   3.3000000e+01   5.1000000e+01   5.2700000e+02   5.7000000e+01   2.8500000e+01   3.5200000e+01   1.3846154e+01   2.0000000e+00   5.0000000e+00   2.6000000e+01   7.8987342e+00
   1.6771851e+03   3.0000000e+01   5.9000000e+01   5.6300000e+02   5.7000000e+01   2.8500000e+01   3.4666667e+01   1.6409091e+01   2.0000000e+00   6.0000000e+00   2.2000000e+01   7.9634146e+00
   1.4556700e+03   3.2000000e+01   5.4000000e+01   5.2800000e+02   5.5000000e+01   2.7500000e+01   3.2571429e+01   1.3173913e+01   2.0000000e+00   7.0000000e+00   2.3000000e+01   7.9125000e+00
   1.6949201e+03   3.7000000e+01   5.7000000e+01   5.7900000e+02   5.8000000e+01   2.9000000e+01   2.8125000e+01   1.3555556e+01   2.0000000e+00   8.0000000e+00   2.7000000e+01   7.9659091e+00
