   1.1630602e+03   3.3000000e+01   5.0000000e+01   4.1400000e+02   5.2000000e+01   2.6000000e+01   2.6285714e+01   9.5416667e+00   2.0000000e+00   7.0000000e+00   2.4000000e+01   6.1410256e+00
   1.5361405e+03   4.1000000e+01   6.8000000e+01   5.6000000e+02   5.4000000e+01   2.7000000e+01   3.1750000e+01   1.0580645e+01   2.0000000e+00   8.0000000e+00   3.1000000e+01   6.3469388e+00
   1.5864563e+03   3.7000000e+01   6.6000000e+01   5.0300000e+02   5.5000000e+01   2.7500000e+01   2.6375000e+01   1.1962963e+01   2.0000000e+00   8.0000000e+00   2.7000000e+01   6.0808081e+00
   1.3307678e+03   3.5000000e+01   5.4000000e+01   4.3700000e+02   5.1000000e+01   2.5500000e+01   2.7142857e+01   9.8076923e+00   2.0000000e+00   7.0000000e+00   2.6000000e+01   6.2470588e+00
   1.9051084e+03   4.1000000e+01   7.3000000e+01   5.7200000e+02   5.2000000e+01   2.6000000e+01   3.0250000e+01   1.1677419e+01   2.0000000e+00   8.0000000e+00   3.1000000e+01   6.2452830e+00
   1.4823640e+03   3.6000000e+01   5.4000000e+01   4.4500000e+02   5.2000000e+01   2.6000000e+01   2.6125000e+01   9.5000000e+00   2.0000000e+00   8.0000000e+00   2.6000000e+01   6.2470588e+00
   1.3137631e+03   3.9000000e+01   5.9000000e+01   4.8500000e+02   5.1000000e+01   2.5500000e+01   2.7375000e+01   9.5172414e+00   2.0000000e+00   8.0000000e+00   2.9000000e+01   6.1489362e+00
   1.4994053e+03   3.9000000e+01   5.9000000e+01   4.7400000e+02   5.2000000e+01   2.6000000e+01   2.7222222e+01   8.7857143e+00   2.0000000e+00   9.0000000e+00   2.8000000e+01   6.2555556e+00
   1.8153809e+03   3.7000000e+01   7.1000000e+01   4.9700000e+02   5.2000000e+01   2.6000000e+01   2.7714286e+01   1.1892857e+01   2.0000000e+00   7.0000000e+00   2.8000000e+01   5.9895833e+00
   1.3554698e+03   3.7000000e+01   4.6000000e+01   4.0500000e+02   5.2000000e+01   2.6000000e+01   2.6142857e+01   8.0357143e+00   2.0000000e+00   7.0000000e+00   2.8000000e+01   6.1025641e+00
   1.9946660e+03   4.0000000e+01   7.9000000e+01   6.0300000e+02   5.6000000e+01   2.8000000e+01   3.2714286e+01   1.3064516e+01   2.0000000e+00   7.0000000e+00   3.1000000e+01   6.1061947e+00
   1.6109074e+03   3.7000000e+01   6.2000000e+01   4.6800000e+02   5.3000000e+01   2.6500000e+01   2.7500000e+01   1.0222222e+01   2.0000000e+00   8.0000000e+00   2.7000000e+01   5.9010989e+00
   1.7985501e+02   1.2000000e+01   1.5000000e+01   1.2600000e+02   3.1000000e+01   1.5500000e+01   1.2400000e+01   9.4000000e+00   2.0000000e+00   5.0000000e+00   5.0000000e+00   6.1250000e+00
   2.1370183e+03   4.4000000e+01   8.6000000e+01   5.6800000e+02   5.4000000e+01   2.7000000e+01   3.1250000e+01   1.0882353e+01   2.0000000e+00   8.0000000e+00   3.4000000e+01   5.8780488e+00
   1.7336885e+03   4.2000000e+01   6.7000000e+01   5.1100000e+02   5.1000000e+01   2.5500000e+01   2.8125000e+01   9.8125000e+00   2.0000000e+00   8.0000000e+00   3.2000000e+01   5.9100000e+00
   1.5710413e+03   4.3000000e+01   5.8000000e+01   4.5500000e+02   5.4000000e+01   2.7000000e+01   2.1555556e+01   8.3125000e+00   2.0000000e+00   9.0000000e+00   3.2000000e+01   5.8631579e+00
   1.8354661e+03   3.5000000e+01   7.3000000e+01   5.3900000e+02   5.5000000e+01   2.7500000e+01   3.4166667e+01   1.3925926e+01   2.0000000e+00   6.0000000e+00   2.7000000e+01   6.1176471e+00
   1.4734957e+03   3.7000000e+01   6.0000000e+01   4.8000000e+02   5.6000000e+01   2.8000000e+01   2.5875000e+01   1.0555556e+01   2.0000000e+00   8.0000000e+00   2.7000000e+01   6.3068182e+00
   1.3735826e+03   3.2000000e+01   4.7000000e+01   4.0100000e+02   5.3000000e+01   2.6500000e+01   2.8142857e+01   9.0869565e+00   2.0000000e+00   7.0000000e+00   2.3000000e+01   6.2236842e+00
   1.6038570e+03   4.5000000e+01   6.4000000e+01   5.0900000e+02   5.3000000e+01   2.6500000e+01   2.9500000e+01   8.5428571e+00   2.0000000e+00   8.0000000e+00   3.5000000e+01   6.0673077e+00
   9.2038301e+02   2.8000000e+01   3.7000000e+01   3.0800000e+02   5.3000000e+01   2.6500000e+01   1.9875000e+01   7.4444444e+00   2.0000000e+00   8.0000000e+00   1.8000000e+01   5.9677419e+00
   1.6215806e+03   4.1000000e+01   6.4000000e+01   5.2000000e+02   5.3000000e+01   2.6500000e+01   2.5444444e+01   1.0433333e+01   2.0000000e+00   9.0000000e+00   3.0000000e+01   6.1428571e+00
   1.0319715e+03   3.2000000e+01   4.5000000e+01   3.9000000e+02   5.1000000e+01   2.5500000e+01   2.4714286e+01   9.4782609e+00   2.0000000e+00   7.0000000e+00   2.3000000e+01   6.4166667e+00
   2.0203653e+02   1.2000000e+01   1.3000000e+01   1.2300000e+02   3.7000000e+01   1.8500000e+01   1.6250000e+01   6.5000000e+00   2.0000000e+00   4.0000000e+00   6.0000000e+00   6.3809524e+00
   1.1541245e+03   1.2000000e+01   4.7000000e+01   3.1300000e+02   5.9000000e+01   6.5000000e+00   5.9000000e+01   3.1888889e+01   2.0000000e+00   1.0000000e+00   9.0000000e+00   5.9821429e+00
   3.5520767e+02   1.9000000e+01   2.3000000e+01   1.7700000e+02   4.0000000e+01   2.0000000e+01   1.4285714e+01   6.1000000e+00   2.0000000e+00   7.0000000e+00   1.0000000e+01   5.7631579e+00
   1.9780374e+03   4.5000000e+01   7.1000000e+01   5.4300000e+02   5.1000000e+01   2.5500000e+01   2.7333333e+01   9.5294118e+00   2.0000000e+00   9.0000000e+00   3.4000000e+01   5.9357798e+00
   1.4102854e+03   4.7000000e+01   5.6000000e+01   4.7500000e+02   4.9000000e+01   2.4500000e+01   2.5300000e+01   7.2000000e+00   2.0000000e+00   1.0000000e+01   3.5000000e+01   5.9898990e+00
   1.4871909e+03   3.8000000e+01   5.8000000e+01   4.8700000e+02   4.7000000e+01   2.3500000e+01   2.8000000e+01   1.0178571e+01   2.0000000e+00   8.0000000e+00   2.8000000e+01   6.0439560e+00
   1.6277379e+03   3.9000000e+01   6.5000000e+01   5.3200000e+02   5.3000000e+01   2.6500000e+01   2.8000000e+01   1.1172414e+01   2.0000000e+00   8.0000000e+00   2.9000000e+01   6.2900000e+00
   1.6194947e+03   5.0000000e+01   6.1000000e+01   5.1800000e+02   4.8000000e+01   2.4000000e+01   2.6000000e+01   7.1891892e+00   2.0000000e+00   1.1000000e+01   3.7000000e+01   6.1274510e+00
   1.8232034e+03   4.3000000e+01   6.9000000e+01   5.1100000e+02   5.0000000e+01   2.5000000e+01   2.7000000e+01   9.6969697e+00   2.0000000e+00   8.0000000e+00   3.3000000e+01   5.8823529e+00
   1.3444742e+03   3.4000000e+01   5.8000000e+01   4.6500000e+02   5.4000000e+01   2.7000000e+01   2.7250000e+01   1.0958333e+01   2.0000000e+00   8.0000000e+00   2.4000000e+01   6.3488372e+00
   1.5593142e+03   4.3000000e+01   6.4000000e+01   5.0600000e+02   5.3000000e+01   2.6500000e+01   2.2555556e+01   1.0000000e+01   2.0000000e+00   9.0000000e+00   3.2000000e+01   6.0700000e+00
   1.7380924e+03   3.8000000e+01   6.7000000e+01   5.3700000e+02   5.3000000e+01   2.6500000e+01   3.1285714e+01   1.1517241e+01   2.0000000e+00   7.0000000e+00   2.9000000e+01   6.2577320e+00
   1.9688529e+03   3.8000000e+01   7.8000000e+01   5.7000000e+02   5.0000000e+01   2.5000000e+01   3.5666667e+01   1.3233333e+01   2.0000000e+00   6.0000000e+00   3.0000000e+01   6.0091743e+00
   1.6403146e+03   4.2000000e+01   6.3000000e+01   5.4600000e+02   4.9000000e+01   2.4500000e+01   2.8000000e+01   1.0129032e+01   2.0000000e+00   9.0000000e+00   3.1000000e+01   6.2970297e+00
   1.7502535e+03   4.3000000e+01   7.0000000e+01   5.4500000e+02   5.5000000e+01   2.7500000e+01   3.0375000e+01   1.0030303e+01   2.0000000e+00   8.0000000e+00   3.3000000e+01   6.0740741e+00
   1.3587530e+03   3.5000000e+01   5.2000000e+01   4.1400000e+02   5.1000000e+01   2.5500000e+01   2.4714286e+01   9.5000000e+00   2.0000000e+00   7.0000000e+00   2.6000000e+01   5.8928571e+00
   1.3282162e+03   3.0000000e+01   5.3000000e+01   4.3500000e+02   5.4000000e+01   2.7000000e+01   2.4571429e+01   1.2761905e+01   2.0000000e+00   7.0000000e+00   2.1000000e+01   6.4050633e+00
   1.5804846e+03   4.3000000e+01   6.5000000e+01   5.4800000e+02   5.3000000e+01   2.6500000e+01   3.1857143e+01   1.0176471e+01   2.0000000e+00   7.0000000e+00   3.4000000e+01   6.1346154e+00
   1.6063537e+03   4.5000000e+01   6.4000000e+01   5.2000000e+02   4.9000000e+01   2.4500000e+01   2.7625000e+01   9.2285714e+00   2.0000000e+00   8.0000000e+00   3.5000000e+01   6.2448980e+00
   1.8587488e+03   4.5000000e+01   7.4000000e+01   5.6100000e+02   5.4000000e+01   2.7000000e+01   3.1500000e+01   9.7714286e+00   2.0000000e+00   8.0000000e+00   3.5000000e+01   6.0178571e+00
   1.7950408e+03   4.6000000e+01   7.2000000e+01   5.9000000e+02   5.0000000e+01   2.5000000e+01   2.8000000e+01   1.0029412e+01   2.0000000e+00   1.0000000e+01   3.4000000e+01   6.0877193e+00
   1.7964340e+03   4.1000000e+01   6.2000000e+01   5.0300000e+02   5.2000000e+01   2.6000000e+01   2.7625000e+01   9.6774194e+00   2.0000000e+00   8.0000000e+00   3.1000000e+01   6.0851064e+00
   1.6499363e+03   4.2000000e+01   7.4000000e+01   5.5400000e+02   5.1000000e+01   2.5500000e+01   3.0500000e+01   1.0625000e+01   2.0000000e+00   8.0000000e+00   3.2000000e+01   6.1226415e+00
   1.5060035e+03   3.4000000e+01   6.0000000e+01   4.6900000e+02   5.8000000e+01   2.9000000e+01   2.8857143e+01   1.0960000e+01   2.0000000e+00   7.0000000e+00   2.5000000e+01   6.1976744e+00
   1.7774434e+03   4.5000000e+01   6.8000000e+01   5.5200000e+02   5.1000000e+01   2.5500000e+01   2.7555556e+01   1.0000000e+01   2.0000000e+00   9.0000000e+00   3.4000000e+01   6.2242991e+00
   1.8423383e+03   4.0000000e+01   7.1000000e+01   5.5600000e+02   5.5000000e+01   2.7500000e+01   3.1428571e+01   1.1774194e+01   2.0000000e+00   7.0000000e+00   3.1000000e+01   6.2307692e+00
   1.4710652e+03   3.4000000e+01   5.7000000e+01   4.6200000e+02   5.5000000e+01   2.7500000e+01   2.4125000e+01   1.1333333e+01   2.0000000e+00   8.0000000e+00   2.4000000e+01   6.2790698e+00
   1.8129779e+03   4.0000000e+01   6.8000000e+01   5.0400000e+02   5.5000000e+01   2.7500000e+01   2.9142857e+01   1.0419355e+01   2.0000000e+00   7.0000000e+00   3.1000000e+01   5.9117647e+00
   1.7200096e+03   3.8000000e+01   7.1000000e+01   5.4800000e+02   5.4000000e+01   2.7000000e+01   3.2285714e+01   1.2034483e+01   2.0000000e+00   7.0000000e+00   2.9000000e+01   6.1238095e+00
   7.0195870e+02   2.6000000e+01   3.1000000e+01   2.8900000e+02   5.2000000e+01   2.6000000e+01   2.0857143e+01   7.2352941e+00   2.0000000e+00   7.0000000e+00   1.7000000e+01   6.4444444e+00
   1.5218610e+03   4.1000000e+01   6.0000000e+01   4.6000000e+02   5.2000000e+01   2.6000000e+01   2.1500000e+01   9.0000000e+00   2.0000000e+00   1.0000000e+01   2.9000000e+01   5.9892473e+00
   1.3789244e+03   3.5000000e+01   6.0000000e+01   4.4100000e+02   5.3000000e+01   2.6500000e+01   2.8571429e+01   9.8461538e+00   2.0000000e+00   7.0000000e+00   2.6000000e+01   5.8941176e+00
   1.4697350e+03   3.5000000e+01   5.8000000e+01   4.8000000e+02   5.5000000e+01   2.7500000e+01   2.6125000e+01   1.1320000e+01   2.0000000e+00   8.0000000e+00   2.5000000e+01   6.2988506e+00
   1.7054320e+03   3.9000000e+01   6.7000000e+01   5.3600000e+02   5.4000000e+01   2.7000000e+01   2.6750000e+01   1.1689655e+01   2.0000000e+00   8.0000000e+00   2.9000000e+01   6.2500000e+00
   1.3699921e+03   4.0000000e+01   5.3000000e+01   4.5500000e+02   5.4000000e+01   2.7000000e+01   2.5555556e+01   8.0000000e+00   2.0000000e+00   9.0000000e+00   2.9000000e+01   6.0919540e+00
   9.1056980e+02   2.8000000e+01   3.8000000e+01   3.2200000e+02   5.3000000e+01   2.6500000e+01   2.2666667e+01   8.9500000e+00   2.0000000e+00   6.0000000e+00   2.0000000e+01   6.1967213e+00
   5.5233316e+02   1.9000000e+01   2.6000000e+01   2.1700000e+02   4.0000000e+01   2.0000000e+01   1.7600000e+01   1.0000000e+01   2.0000000e+00   5.0000000e+00   1.2000000e+01   6.2857143e+00
   1.7710562e+03   3.8000000e+01   6.4000000e+01   4.9300000e+02   5.5000000e+01   2.7500000e+01   2.9571429e+01   1.0379310e+01   2.0000000e+00   7.0000000e+00   2.9000000e+01   5.9375000e+00
   1.7822146e+03   4.8000000e+01   6.6000000e+01   5.4800000e+02   4.6000000e+01   2.3000000e+01   2.3666667e+01   8.8529412e+00   2.0000000e+00   1.2000000e+01   3.4000000e+01   6.1495327e+00
   5.3065931e+02   2.7000000e+01   3.2000000e+01   2.9600000e+02   4.8000000e+01   2.4000000e+01   2.3571429e+01   6.7777778e+00   2.0000000e+00   7.0000000e+00   1.8000000e+01   6.3090909e+00
   1.5214849e+03   4.2000000e+01   6.2000000e+01   4.9300000e+02   5.2000000e+01   2.6000000e+01   3.0875000e+01   8.7500000e+00   2.0000000e+00   8.0000000e+00   3.2000000e+01   6.0531915e+00
   6.6385273e+02   2.7000000e+01   3.3000000e+01   2.8800000e+02   4.6000000e+01   2.3000000e+01   2.0142857e+01   7.7222222e+00   2.0000000e+00   7.0000000e+00   1.8000000e+01   6.1454545e+00
   1.0597100e+03   3.6000000e+01   5.0000000e+01   4.1900000e+02   5.2000000e+01   2.6000000e+01   2.5750000e+01   8.4230769e+00   2.0000000e+00   8.0000000e+00   2.6000000e+01   6.1392405e+00
   1.8108862e+03   4.0000000e+01   7.2000000e+01   5.4600000e+02   5.6000000e+01   2.8000000e+01   2.8125000e+01   1.1600000e+01   2.0000000e+00   8.0000000e+00   3.0000000e+01   6.1320755e+00
   1.4586589e+03   3.6000000e+01   6.5000000e+01   5.1000000e+02   5.1000000e+01   2.5500000e+01   3.2285714e+01   1.1148148e+01   2.0000000e+00   7.0000000e+00   2.7000000e+01   6.3578947e+00
   2.0338469e+03   4.8000000e+01   7.3000000e+01   6.0600000e+02   5.3000000e+01   2.6500000e+01   3.1250000e+01   1.0157895e+01   2.0000000e+00   8.0000000e+00   3.8000000e+01   6.1016949e+00
   1.4230432e+03   3.3000000e+01   5.9000000e+01   4.0100000e+02   5.4000000e+01   2.7000000e+01   2.0666667e+01   9.9545455e+00   2.0000000e+00   9.0000000e+00   2.2000000e+01   5.7654321e+00
   1.7226961e+03   3.7000000e+01   7.4000000e+01   5.6400000e+02   6.0000000e+01   3.0000000e+01   3.2571429e+01   1.2750000e+01   2.0000000e+00   7.0000000e+00   2.8000000e+01   6.2884615e+00
   1.5591590e+03   3.3000000e+01   5.6000000e+01   4.6000000e+02   5.2000000e+01   2.6000000e+01   2.5750000e+01   1.1478261e+01   2.0000000e+00   8.0000000e+00   2.3000000e+01   6.1279070e+00
   4.1080860e+02   2.1000000e+01   2.5000000e+01   2.0900000e+02   3.8000000e+01   1.9000000e+01   1.9333333e+01   6.1538462e+00   2.0000000e+00   6.0000000e+00   1.3000000e+01   6.1250000e+00
   1.5622886e+03   3.8000000e+01   5.8000000e+01   4.7800000e+02   5.2000000e+01   2.6000000e+01   2.6750000e+01   9.9285714e+00   2.0000000e+00   8.0000000e+00   2.8000000e+01   6.1195652e+00
   1.3090915e+03   3.6000000e+01   5.6000000e+01   4.4200000e+02   5.5000000e+01   2.7500000e+01   2.5000000e+01   9.5769231e+00   2.0000000e+00   8.0000000e+00   2.6000000e+01   6.2771084e+00
   1.2570572e+03   3.8000000e+01   5.1000000e+01   4.2000000e+02   4.6000000e+01   2.3000000e+01   2.7857143e+01   8.1034483e+00   2.0000000e+00   7.0000000e+00   2.9000000e+01   6.1084337e+00
   1.2075501e+03   3.6000000e+01   5.3000000e+01   4.0700000e+02   5.1000000e+01   2.5500000e+01   2.0666667e+01   9.1600000e+00   2.0000000e+00   9.0000000e+00   2.5000000e+01   6.1851852e+00
   7.1548052e+02   2.8000000e+01   4.1000000e+01   3.1400000e+02   5.0000000e+01   2.5000000e+01   2.2857143e+01   8.1052632e+00   2.0000000e+00   7.0000000e+00   1.9000000e+01   6.0161290e+00
   1.2910932e+03   3.7000000e+01   4.9000000e+01   4.0800000e+02   5.2000000e+01   2.6000000e+01   2.6125000e+01   7.7037037e+00   2.0000000e+00   8.0000000e+00   2.7000000e+01   6.0000000e+00
   1.9582962e+03   4.6000000e+01   7.3000000e+01   5.6500000e+02   4.9000000e+01   2.4500000e+01   2.7111111e+01   1.0314286e+01   2.0000000e+00   9.0000000e+00   3.5000000e+01   5.9819820e+00
   1.7964829e+02   1.0000000e+01   1.6000000e+01   1.2400000e+02   2.7000000e+01   1.2500000e+01   2.5000000e+01   1.0666667e+01   2.0000000e+00   2.0000000e+00   6.0000000e+00   6.0833333e+00
   8.7691944e+02   3.0000000e+01   4.2000000e+01   3.3300000e+02   4.7000000e+01   2.3500000e+01   2.6166667e+01   8.1363636e+00   2.0000000e+00   6.0000000e+00   2.2000000e+01   6.1641791e+00
   1.7076624e+03   3.1000000e+01   6.2000000e+01   4.7900000e+02   5.6000000e+01   2.8000000e+01   2.6714286e+01   1.3909091e+01   2.0000000e+00   7.0000000e+00   2.2000000e+01   6.2045455e+00
   1.9574726e+03   4.4000000e+01   7.7000000e+01   5.6400000e+02   5.3000000e+01   2.6500000e+01   3.0500000e+01   1.0852941e+01   2.0000000e+00   8.0000000e+00   3.4000000e+01   6.0892857e+00
   1.4270399e+03   3.7000000e+01   6.4000000e+01   4.8700000e+02   5.3000000e+01   2.6500000e+01   2.8285714e+01   1.1214286e+01   2.0000000e+00   7.0000000e+00   2.8000000e+01   6.3020833e+00
   9.9938678e+02   3.3000000e+01   4.7000000e+01   4.0900000e+02   4.8000000e+01   2.4000000e+01   2.7571429e+01   9.3333333e+00   2.0000000e+00   7.0000000e+00   2.4000000e+01   6.3421053e+00
   1.5580746e+03   3.4000000e+01   6.7000000e+01   5.2200000e+02   5.7000000e+01   2.8500000e+01   2.9285714e+01   1.3760000e+01   2.0000000e+00   7.0000000e+00   2.5000000e+01   6.2577320e+00
   1.8605295e+03   4.7000000e+01   7.2000000e+01   5.3500000e+02   5.5000000e+01   2.7500000e+01   2.8333333e+01   8.8888889e+00   2.0000000e+00   9.0000000e+00   3.6000000e+01   5.9357798e+00
   1.5387567e+03   3.0000000e+01   6.0000000e+01   4.8200000e+02   5.3000000e+01   2.6500000e+01   2.6833333e+01   1.5090909e+01   2.0000000e+00   6.0000000e+00   2.2000000e+01   6.5000000e+00
   1.5713941e+03   4.9000000e+01   6.6000000e+01   5.4900000e+02   5.0000000e+01   2.5000000e+01   2.4545455e+01   8.6944444e+00   2.0000000e+00   1.1000000e+01   3.6000000e+01   6.3428571e+00
   1.6506431e+03   3.4000000e+01   6.5000000e+01   4.9400000e+02   4.3000000e+01   2.1500000e+01   3.5400000e+01   1.2629630e+01   2.0000000e+00   5.0000000e+00   2.7000000e+01   5.8404255e+00
   1.4049774e+03   3.7000000e+01   5.5000000e+01   4.4900000e+02   5.2000000e+01   2.6000000e+01   2.7375000e+01   9.1111111e+00   2.0000000e+00   8.0000000e+00   2.7000000e+01   6.2023810e+00
   1.2794942e+03   3.2000000e+01   5.1000000e+01   4.0700000e+02   4.8000000e+01   2.4000000e+01   2.6000000e+01   1.0043478e+01   2.0000000e+00   7.0000000e+00   2.3000000e+01   6.0789474e+00
   1.5733661e+03   3.3000000e+01   6.3000000e+01   4.9200000e+02   5.2000000e+01   2.6000000e+01   3.1142857e+01   1.2041667e+01   2.0000000e+00   7.0000000e+00   2.4000000e+01   6.2500000e+00
   1.3469426e+03   3.1000000e+01   4.9000000e+01   4.1200000e+02   5.3000000e+01   2.6500000e+01   2.4500000e+01   1.0523810e+01   2.0000000e+00   8.0000000e+00   2.1000000e+01   6.2467532e+00
   1.1011613e+03   3.6000000e+01   5.1000000e+01   4.7900000e+02   5.4000000e+01   2.7000000e+01   2.7875000e+01   9.8846154e+00   2.0000000e+00   8.0000000e+00   2.6000000e+01   6.6750000e+00
   1.1130958e+03   3.4000000e+01   5.2000000e+01   4.0200000e+02   4.9000000e+01   2.4500000e+01   2.8428571e+01   8.6000000e+00   2.0000000e+00   7.0000000e+00   2.5000000e+01   5.9493671e+00
   1.8675661e+03   3.9000000e+01   7.1000000e+01   5.4000000e+02   4.8000000e+01   2.4000000e+01   3.2428571e+01   1.1633333e+01   2.0000000e+00   7.0000000e+00   3.0000000e+01   6.0761905e+00
   1.6414895e+03   3.5000000e+01   6.2000000e+01   4.7400000e+02   5.4000000e+01   2.7000000e+01   2.8857143e+01   1.0884615e+01   2.0000000e+00   7.0000000e+00   2.6000000e+01   5.9560440e+00
   1.6333593e+03   4.3000000e+01   6.4000000e+01   5.3000000e+02   5.2000000e+01   2.6000000e+01   2.7500000e+01   1.0151515e+01   2.0000000e+00   8.0000000e+00   3.3000000e+01   6.5154639e+00
