   1.2844784e+03   5.1000000e+01   6.5000000e+01   5.0800000e+02   4.8000000e+01   2.4000000e+01   2.3083333e+01   7.0270270e+00   2.0000000e+00   1.2000000e+01   3.7000000e+01   6.0576923e+00
   1.0426313e+02   8.0000000e+00   8.0000000e+00   6.5000000e+01   2.9000000e+01   1.4500000e+01   7.7500000e+00   6.0000000e+00   2.0000000e+00   4.0000000e+00   2.0000000e+00   5.3571429e+00
   1.7218787e+03   4.9000000e+01   8.2000000e+01   4.6400000e+02   4.9000000e+01   2.4500000e+01   2.5111111e+01   7.6052632e+00   2.0000000e+00   9.0000000e+00   3.8000000e+01   4.6186441e+00
   7.9330658e+01   8.0000000e+00   8.0000000e+00   6.4000000e+01   2.4000000e+01   1.2000000e+01   1.0666667e+01   5.3333333e+00   2.0000000e+00   3.0000000e+00   3.0000000e+00   5.3571429e+00
   7.5148043e+01   5.0000000e+00   4.0000000e+00   3.5000000e+01   2.3000000e+01   1.1500000e+01   5.0000000e+00   0.0000000e+00   2.0000000e+00   3.0000000e+00   0.0000000e+00   5.0000000e+00
   8.5083684e+02   4.0000000e+01   5.2000000e+01   3.5500000e+02   4.2000000e+01   2.1000000e+01   2.2111111e+01   5.9655172e+00   2.0000000e+00   9.0000000e+00   2.9000000e+01   5.4096386e+00
   1.7097334e+02   1.7000000e+01   1.9000000e+01   1.2200000e+02   3.5000000e+01   1.7500000e+01   1.3000000e+01   3.1111111e+00   2.0000000e+00   6.0000000e+00   9.0000000e+00   4.9655172e+00
   1.4744707e+03   4.6000000e+01   8.0000000e+01   4.6600000e+02   5.1000000e+01   2.5500000e+01   2.4222222e+01   8.2285714e+00   2.0000000e+00   9.0000000e+00   3.5000000e+01   4.9572650e+00
   1.5374255e+03   4.4000000e+01   7.5000000e+01   4.7800000e+02   5.3000000e+01   2.6500000e+01   2.6111111e+01   8.4848485e+00   2.0000000e+00   9.0000000e+00   3.3000000e+01   4.8695652e+00
   7.2190227e+01   7.0000000e+00   4.0000000e+00   4.6000000e+01   2.3000000e+01   1.1500000e+01   5.2000000e+00   0.0000000e+00   2.0000000e+00   5.0000000e+00   0.0000000e+00   5.1111111e+00
   1.5441682e+03   5.4000000e+01   8.0000000e+01   5.1600000e+02   4.8000000e+01   2.4000000e+01   2.5800000e+01   7.2619048e+00   2.0000000e+00   1.0000000e+01   4.2000000e+01   4.8571429e+00
   1.0238772e+02   6.0000000e+00   5.0000000e+00   4.7000000e+01   3.0000000e+01   1.5000000e+01   5.2500000e+00   0.0000000e+00   2.0000000e+00   4.0000000e+00   0.0000000e+00   5.2222222e+00
   1.6515205e+03   4.6000000e+01   8.3000000e+01   5.1000000e+02   4.4000000e+01   2.2000000e+01   2.9875000e+01   9.0555556e+00   2.0000000e+00   8.0000000e+00   3.6000000e+01   4.7868852e+00
   1.8586191e+03   4.7000000e+01   9.5000000e+01   5.4500000e+02   5.0000000e+01   2.5000000e+01   3.1125000e+01   9.6486486e+00   2.0000000e+00   8.0000000e+00   3.7000000e+01   4.8244275e+00
   4.9938331e+02   3.1000000e+01   3.1000000e+01   2.2100000e+02   3.5000000e+01   1.7500000e+01   1.5555556e+01   3.9500000e+00   2.0000000e+00   9.0000000e+00   2.0000000e+01   5.1052632e+00
   8.6469409e+01   6.0000000e+00   5.0000000e+00   3.8000000e+01   1.5000000e+01   6.5000000e+00   9.5000000e+00   5.0000000e+00   2.0000000e+00   2.0000000e+00   2.0000000e+00   5.1250000e+00
   1.5203282e+03   5.1000000e+01   7.7000000e+01   4.6800000e+02   4.9000000e+01   2.4500000e+01   2.2500000e+01   7.2564103e+00   2.0000000e+00   1.0000000e+01   3.9000000e+01   4.7603306e+00
   8.9421263e+02   3.3000000e+01   4.9000000e+01   3.0600000e+02   4.5000000e+01   2.2500000e+01   2.0375000e+01   7.0434783e+00   2.0000000e+00   8.0000000e+00   2.3000000e+01   4.8421053e+00
   1.7187802e+03   4.2000000e+01   8.6000000e+01   5.3200000e+02   5.3000000e+01   2.6500000e+01   3.2285714e+01   1.0393939e+01   2.0000000e+00   7.0000000e+00   3.3000000e+01   5.1475410e+00
   1.4538954e+03   4.0000000e+01   8.0000000e+01   5.3700000e+02   5.2000000e+01   2.6000000e+01   3.1000000e+01   1.1516129e+01   2.0000000e+00   7.0000000e+00   3.1000000e+01   5.3043478e+00
   1.8060636e+03   5.3000000e+01   9.1000000e+01   5.1300000e+02   4.9000000e+01   2.4500000e+01   2.5100000e+01   8.1219512e+00   2.0000000e+00   1.0000000e+01   4.1000000e+01   4.7462687e+00
   1.7163495e+03   4.3000000e+01   8.9000000e+01   5.1500000e+02   5.0000000e+01   2.5000000e+01   2.7750000e+01   1.0303030e+01   2.0000000e+00   8.0000000e+00   3.3000000e+01   4.7903226e+00
   8.0739024e+02   3.0000000e+01   4.8000000e+01   3.1400000e+02   4.7000000e+01   2.3500000e+01   2.1285714e+01   7.9523810e+00   2.0000000e+00   7.0000000e+00   2.1000000e+01   5.0277778e+00
   1.4572147e+03   5.6000000e+01   8.0000000e+01   5.2500000e+02   4.7000000e+01   2.3500000e+01   2.7600000e+01   6.8181818e+00   2.0000000e+00   1.0000000e+01   4.4000000e+01   5.0158730e+00
   9.1205875e+02   3.2000000e+01   5.2000000e+01   3.1100000e+02   4.6000000e+01   2.3000000e+01   2.0625000e+01   7.4545455e+00   2.0000000e+00   8.0000000e+00   2.2000000e+01   4.7368421e+00
   1.0242378e+02   6.0000000e+00   5.0000000e+00   4.9000000e+01   2.1000000e+01   1.0500000e+01   8.0000000e+00   8.0000000e+00   2.0000000e+00   3.0000000e+00   1.0000000e+00   5.4444444e+00
   9.0748133e+02   3.6000000e+01   5.2000000e+01   3.0600000e+02   4.2000000e+01   2.1000000e+01   2.0500000e+01   6.0384615e+00   2.0000000e+00   8.0000000e+00   2.6000000e+01   4.4375000e+00
   1.7074274e+03   5.2000000e+01   8.7000000e+01   5.1300000e+02   5.1000000e+01   2.5500000e+01   2.5600000e+01   7.7500000e+00   2.0000000e+00   1.0000000e+01   4.0000000e+01   4.8455285e+00
   1.7091533e+03   5.2000000e+01   8.8000000e+01   5.3600000e+02   4.9000000e+01   2.4500000e+01   2.9000000e+01   8.4390244e+00   2.0000000e+00   9.0000000e+00   4.1000000e+01   4.9191176e+00
   7.3906299e+01   6.0000000e+00   4.0000000e+00   3.0000000e+01   1.9000000e+01   9.5000000e+00   3.5000000e+00   0.0000000e+00   2.0000000e+00   4.0000000e+00   0.0000000e+00   3.7500000e+00
   7.1702808e+02   3.3000000e+01   3.7000000e+01   2.4300000e+02   4.2000000e+01   2.1000000e+01   1.7875000e+01   4.2173913e+00   2.0000000e+00   8.0000000e+00   2.3000000e+01   4.8095238e+00
   8.0715658e+02   3.6000000e+01   4.1000000e+01   2.9300000e+02   4.6000000e+01   2.3000000e+01   1.9250000e+01   5.4230769e+00   2.0000000e+00   8.0000000e+00   2.6000000e+01   5.0273973e+00
   1.4154044e+03   4.4000000e+01   6.8000000e+01   4.5200000e+02   5.2000000e+01   2.6000000e+01   2.6000000e+01   8.0588235e+00   2.0000000e+00   8.0000000e+00   3.4000000e+01   5.0747664e+00
   8.2121775e+02   3.3000000e+01   4.8000000e+01   3.1100000e+02   4.3000000e+01   2.1500000e+01   2.0857143e+01   7.3750000e+00   2.0000000e+00   7.0000000e+00   2.4000000e+01   4.9868421e+00
   1.8649410e+03   5.8000000e+01   8.8000000e+01   5.1900000e+02   4.8000000e+01   2.4000000e+01   2.8333333e+01   6.6382979e+00   2.0000000e+00   9.0000000e+00   4.7000000e+01   4.5109489e+00
   1.4974083e+03   4.8000000e+01   7.7000000e+01   4.4500000e+02   4.7000000e+01   2.3500000e+01   2.5444444e+01   6.9729730e+00   2.0000000e+00   9.0000000e+00   3.7000000e+01   4.8389831e+00
   1.8810351e+03   5.3000000e+01   8.3000000e+01   5.0300000e+02   4.9000000e+01   2.4500000e+01   2.4000000e+01   7.1500000e+00   2.0000000e+00   1.1000000e+01   4.0000000e+01   4.8780488e+00
   1.4494180e+03   3.7000000e+01   6.6000000e+01   3.8800000e+02   4.7000000e+01   2.3500000e+01   1.8333333e+01   9.4230769e+00   2.0000000e+00   9.0000000e+00   2.6000000e+01   4.8125000e+00
   1.0324083e+03   4.2000000e+01   5.8000000e+01   3.6100000e+02   4.8000000e+01   2.4000000e+01   2.0555556e+01   6.1612903e+00   2.0000000e+00   9.0000000e+00   3.1000000e+01   4.6736842e+00
   1.7297410e+03   4.9000000e+01   8.7000000e+01   5.3000000e+02   5.4000000e+01   2.7000000e+01   2.9625000e+01   8.8205128e+00   2.0000000e+00   8.0000000e+00   3.9000000e+01   4.8425197e+00
   9.1435221e+02   3.8000000e+01   5.5000000e+01   3.4100000e+02   4.2000000e+01   2.1000000e+01   2.1500000e+01   6.6071429e+00   2.0000000e+00   8.0000000e+00   2.8000000e+01   4.9883721e+00
   7.2308783e+01   8.0000000e+00   8.0000000e+00   5.9000000e+01   2.5000000e+01   1.2500000e+01   9.6666667e+00   4.0000000e+00   2.0000000e+00   3.0000000e+00   3.0000000e+00   5.2142857e+00
   1.4295813e+03   5.0000000e+01   7.9000000e+01   4.9600000e+02   4.8000000e+01   2.4000000e+01   2.5333333e+01   7.9487179e+00   2.0000000e+00   9.0000000e+00   3.9000000e+01   5.1196581e+00
   7.2240389e+01   1.2000000e+01   1.5000000e+01   1.0100000e+02   3.0000000e+01   1.5000000e+01   1.1400000e+01   5.8000000e+00   2.0000000e+00   5.0000000e+00   5.0000000e+00   5.3636364e+00
   1.7312270e+03   4.9000000e+01   8.0000000e+01   4.9400000e+02   5.2000000e+01   2.6000000e+01   2.6333333e+01   7.8157895e+00   2.0000000e+00   9.0000000e+00   3.8000000e+01   4.9059829e+00
   9.9078351e+01   6.0000000e+00   4.0000000e+00   2.9000000e+01   1.8000000e+01   9.0000000e+00   3.5000000e+00   0.0000000e+00   2.0000000e+00   4.0000000e+00   0.0000000e+00   3.6250000e+00
   1.4555840e+03   4.3000000e+01   8.1000000e+01   5.3100000e+02   5.3000000e+01   2.6500000e+01   3.1428571e+01   1.0235294e+01   2.0000000e+00   7.0000000e+00   3.4000000e+01   5.0924370e+00
   7.8301348e+01   6.0000000e+00   5.0000000e+00   4.9000000e+01   2.2000000e+01   1.1000000e+01   7.6666667e+00   8.0000000e+00   2.0000000e+00   3.0000000e+00   1.0000000e+00   5.4444444e+00
   1.2538389e+03   4.7000000e+01   6.4000000e+01   4.5400000e+02   4.9000000e+01   2.4500000e+01   2.5375000e+01   7.5945946e+00   2.0000000e+00   8.0000000e+00   3.7000000e+01   5.0833333e+00
   4.4527085e+02   1.0000000e+01   3.0000000e+01   1.5100000e+02   4.4000000e+01   4.0000000e+00   4.4000000e+01   1.8285714e+01   2.0000000e+00   1.0000000e+00   7.0000000e+00   4.7058824e+00
   9.8156251e+01   6.0000000e+00   5.0000000e+00   4.6000000e+01   2.2000000e+01   1.1000000e+01   7.6666667e+00   6.0000000e+00   2.0000000e+00   3.0000000e+00   1.0000000e+00   5.8888889e+00
   1.4246541e+03   4.6000000e+01   7.4000000e+01   4.4900000e+02   4.9000000e+01   2.4500000e+01   2.2777778e+01   7.9714286e+00   2.0000000e+00   9.0000000e+00   3.5000000e+01   4.8303571e+00
   1.0250608e+03   4.0000000e+01   4.8000000e+01   3.2000000e+02   4.3000000e+01   2.1500000e+01   2.0000000e+01   5.1724138e+00   2.0000000e+00   9.0000000e+00   2.9000000e+01   4.6506024e+00
   1.7647952e+03   4.9000000e+01   8.2000000e+01   5.1000000e+02   4.8000000e+01   2.4000000e+01   2.6111111e+01   8.2894737e+00   2.0000000e+00   9.0000000e+00   3.8000000e+01   4.9916667e+00
   8.5588662e+02   3.1000000e+01   4.8000000e+01   3.1400000e+02   3.8000000e+01   1.9000000e+01   2.7500000e+01   7.2608696e+00   2.0000000e+00   6.0000000e+00   2.3000000e+01   5.2083333e+00
   1.3127478e+03   3.9000000e+01   6.6000000e+01   3.8600000e+02   4.8000000e+01   2.4000000e+01   2.0875000e+01   8.8275862e+00   2.0000000e+00   8.0000000e+00   2.9000000e+01   4.8617021e+00
   9.2483691e+02   4.0000000e+01   5.7000000e+01   3.8500000e+02   4.7000000e+01   2.3500000e+01   2.5625000e+01   6.4333333e+00   2.0000000e+00   8.0000000e+00   3.0000000e+01   5.0769231e+00
   1.3671581e+03   4.1000000e+01   7.4000000e+01   4.4500000e+02   5.0000000e+01   2.5000000e+01   2.2625000e+01   9.5161290e+00   2.0000000e+00   8.0000000e+00   3.1000000e+01   4.9428571e+00
   1.6380744e+03   5.7000000e+01   7.9000000e+01   4.5600000e+02   4.7000000e+01   2.3500000e+01   2.2727273e+01   5.8636364e+00   2.0000000e+00   1.1000000e+01   4.4000000e+01   4.6434109e+00
   6.8107811e+01   7.0000000e+00   5.0000000e+00   4.4000000e+01   2.2000000e+01   1.1000000e+01   5.5000000e+00   4.0000000e+00   2.0000000e+00   4.0000000e+00   1.0000000e+00   4.8000000e+00
   1.3105929e+03   5.1000000e+01   6.5000000e+01   4.2100000e+02   4.8000000e+01   2.4000000e+01   2.2000000e+01   6.0512821e+00   2.0000000e+00   1.0000000e+01   3.9000000e+01   4.6272727e+00
   1.0099245e+02   7.0000000e+00   5.0000000e+00   4.2000000e+01   1.9000000e+01   9.5000000e+00   6.2500000e+00   2.0000000e+00   2.0000000e+00   4.0000000e+00   1.0000000e+00   4.6000000e+00
   9.3013288e+01   7.0000000e+00   6.0000000e+00   4.0000000e+01   2.0000000e+01   1.0000000e+01   5.5000000e+00   3.0000000e+00   2.0000000e+00   4.0000000e+00   1.0000000e+00   4.0000000e+00
   1.3986682e+03   4.0000000e+01   6.9000000e+01   4.1900000e+02   4.8000000e+01   2.4000000e+01   2.5000000e+01   8.6666667e+00   2.0000000e+00   8.0000000e+00   3.0000000e+01   4.8932039e+00
   1.0364944e+02   7.0000000e+00   5.0000000e+00   5.1000000e+01   1.6000000e+01   8.0000000e+00   9.0000000e+00   6.0000000e+00   2.0000000e+00   3.0000000e+00   2.0000000e+00   5.1000000e+00
   7.1173593e+01   7.0000000e+00   5.0000000e+00   3.2000000e+01   2.1000000e+01   1.0500000e+01   3.0000000e+00   0.0000000e+00   2.0000000e+00   5.0000000e+00   0.0000000e+00   5.2222222e+00
   1.3618175e+03   4.1000000e+01   6.7000000e+01   4.1100000e+02   4.9000000e+01   2.4500000e+01   2.0777778e+01   8.2666667e+00   2.0000000e+00   9.0000000e+00   3.0000000e+01   4.9090909e+00
   2.5633086e+02   1.7000000e+01   2.0000000e+01   1.2700000e+02   3.5000000e+01   1.7500000e+01   1.1500000e+01   4.6666667e+00   2.0000000e+00   6.0000000e+00   9.0000000e+00   4.7666667e+00
   8.9504132e+02   3.4000000e+01   5.4000000e+01   3.7100000e+02   4.5000000e+01   2.2500000e+01   2.5857143e+01   8.0000000e+00   2.0000000e+00   7.0000000e+00   2.5000000e+01   5.3333333e+00
   7.6745720e+01   5.0000000e+00   4.0000000e+00   3.1000000e+01   2.1000000e+01   1.0500000e+01   4.3333333e+00   0.0000000e+00   2.0000000e+00   3.0000000e+00   0.0000000e+00   4.4285714e+00
   1.5957574e+03   4.9000000e+01   7.2000000e+01   4.7000000e+02   4.8000000e+01   2.4000000e+01   2.6333333e+01   7.1315789e+00   2.0000000e+00   9.0000000e+00   3.8000000e+01   4.8793103e+00
   1.0145320e+03   3.4000000e+01   6.0000000e+01   3.7500000e+02   4.8000000e+01   2.4000000e+01   2.0777778e+01   8.8260870e+00   2.0000000e+00   9.0000000e+00   2.3000000e+01   5.0930233e+00
   1.9189029e+03   4.8000000e+01   8.4000000e+01   5.2600000e+02   4.7000000e+01   2.3500000e+01   2.8750000e+01   8.9210526e+00   2.0000000e+00   8.0000000e+00   3.8000000e+01   4.9606299e+00
   1.6238134e+03   5.0000000e+01   8.4000000e+01   4.8300000e+02   5.2000000e+01   2.6000000e+01   2.3888889e+01   7.9487179e+00   2.0000000e+00   9.0000000e+00   3.9000000e+01   4.8067227e+00
   5.0073303e+02   9.0000000e+00   2.9000000e+01   1.5300000e+02   4.1000000e+01   4.0000000e+00   4.1000000e+01   2.2000000e+01   2.0000000e+00   1.0000000e+00   6.0000000e+00   4.8888889e+00
   7.9164006e+02   3.5000000e+01   4.6000000e+01   3.3800000e+02   4.9000000e+01   2.4500000e+01   2.1625000e+01   6.4800000e+00   2.0000000e+00   8.0000000e+00   2.5000000e+01   5.5277778e+00
   4.3550670e+02   1.6000000e+01   2.5000000e+01   1.6500000e+02   3.4000000e+01   1.7000000e+01   1.5600000e+01   8.6666667e+00   2.0000000e+00   5.0000000e+00   9.0000000e+00   5.3684211e+00
   1.5811646e+03   4.9000000e+01   8.5000000e+01   4.8200000e+02   5.0000000e+01   2.5000000e+01   2.4777778e+01   8.1052632e+00   2.0000000e+00   9.0000000e+00   3.8000000e+01   4.7295082e+00
   9.9207885e+02   4.2000000e+01   6.1000000e+01   3.5200000e+02   4.5000000e+01   2.2500000e+01   2.2000000e+01   5.5806452e+00   2.0000000e+00   9.0000000e+00   3.1000000e+01   4.7978723e+00
   7.3862011e+01   6.0000000e+00   4.0000000e+00   3.3000000e+01   2.0000000e+01   1.0000000e+01   4.0000000e+00   0.0000000e+00   2.0000000e+00   4.0000000e+00   0.0000000e+00   4.1250000e+00
   9.6729998e+01   5.0000000e+00   4.0000000e+00   3.1000000e+01   2.0000000e+01   1.0000000e+01   4.6666667e+00   0.0000000e+00   2.0000000e+00   3.0000000e+00   0.0000000e+00   4.4285714e+00
   8.7433087e+02   3.3000000e+01   4.8000000e+01   3.0700000e+02   3.6000000e+01   1.8000000e+01   2.3000000e+01   7.3600000e+00   2.0000000e+00   6.0000000e+00   2.5000000e+01   4.8157895e+00
   8.7515162e+02   3.6000000e+01   4.9000000e+01   2.9200000e+02   4.6000000e+01   2.3000000e+01   1.9375000e+01   5.4615385e+00   2.0000000e+00   8.0000000e+00   2.6000000e+01   4.5135135e+00
   7.0122196e+02   3.0000000e+01   3.9000000e+01   2.4800000e+02   4.1000000e+01   2.0500000e+01   1.9571429e+01   5.2380952e+00   2.0000000e+00   7.0000000e+00   2.1000000e+01   4.7343750e+00
   1.9728668e+03   4.8000000e+01   9.5000000e+01   5.4000000e+02   5.0000000e+01   2.5000000e+01   2.8875000e+01   9.6842105e+00   2.0000000e+00   8.0000000e+00   3.8000000e+01   4.6992481e+00
   1.8008606e+03   5.7000000e+01   9.4000000e+01   5.6600000e+02   4.8000000e+01   2.4000000e+01   2.6800000e+01   8.0222222e+00   2.0000000e+00   1.0000000e+01   4.5000000e+01   4.9208633e+00
   8.6068101e+02   3.5000000e+01   4.9000000e+01   3.2100000e+02   4.8000000e+01   2.4000000e+01   1.8300000e+01   6.3913043e+00   2.0000000e+00   1.0000000e+01   2.3000000e+01   5.1666667e+00
   4.5739735e+02   2.4000000e+01   2.6000000e+01   1.7900000e+02   4.1000000e+01   2.0500000e+01   1.4142857e+01   4.3333333e+00   2.0000000e+00   7.0000000e+00   1.5000000e+01   4.7608696e+00
   9.7701599e+02   3.8000000e+01   5.9000000e+01   3.5600000e+02   4.8000000e+01   2.4000000e+01   2.2250000e+01   7.0714286e+00   2.0000000e+00   8.0000000e+00   2.8000000e+01   4.8791209e+00
   1.6976461e+03   4.4000000e+01   8.1000000e+01   5.3100000e+02   5.2000000e+01   2.6000000e+01   2.9750000e+01   9.7647059e+00   2.0000000e+00   8.0000000e+00   3.4000000e+01   5.1166667e+00
   1.5124371e+03   4.4000000e+01   7.7000000e+01   4.6900000e+02   4.8000000e+01   2.4000000e+01   2.5777778e+01   8.4242424e+00   2.0000000e+00   9.0000000e+00   3.3000000e+01   4.8807339e+00
   1.4178403e+03   4.0000000e+01   7.1000000e+01   4.4300000e+02   5.1000000e+01   2.5500000e+01   2.4875000e+01   9.0000000e+00   2.0000000e+00   8.0000000e+00   3.0000000e+01   4.9423077e+00
   1.5883810e+03   4.3000000e+01   7.1000000e+01   4.3400000e+02   5.1000000e+01   2.5500000e+01   2.2600000e+01   7.8709677e+00   2.0000000e+00   1.0000000e+01   3.1000000e+01   4.8396226e+00
   1.0902577e+03   4.9000000e+01   6.3000000e+01   4.4000000e+02   4.9000000e+01   2.4500000e+01   2.3222222e+01   6.7631579e+00   2.0000000e+00   9.0000000e+00   3.8000000e+01   5.1559633e+00
   1.0059669e+02   6.0000000e+00   4.0000000e+00   3.8000000e+01   2.1000000e+01   1.0500000e+01   5.0000000e+00   0.0000000e+00   2.0000000e+00   4.0000000e+00   0.0000000e+00   4.7500000e+00
   2.0292481e+03   5.4000000e+01   9.7000000e+01   5.9800000e+02   5.2000000e+01   2.6000000e+01   2.7555556e+01   9.4883721e+00   2.0000000e+00   9.0000000e+00   4.3000000e+01   5.0496454e+00
   6.6162522e+01   6.0000000e+00   6.0000000e+00   4.5000000e+01   1.6000000e+01   8.0000000e+00   1.1000000e+01   6.0000000e+00   2.0000000e+00   2.0000000e+00   2.0000000e+00   5.0000000e+00
   1.4185989e+03   4.3000000e+01   7.5000000e+01   4.6300000e+02   5.0000000e+01   2.5000000e+01   2.6000000e+01   9.1470588e+00   2.0000000e+00   7.0000000e+00   3.4000000e+01   4.8648649e+00
   6.1065870e+01   5.0000000e+00   5.0000000e+00   3.7000000e+01   1.9000000e+01   9.5000000e+00   8.5000000e+00   5.0000000e+00   2.0000000e+00   2.0000000e+00   1.0000000e+00   5.1250000e+00
   6.3406790e+02   3.3000000e+01   3.7000000e+01   2.8100000e+02   4.6000000e+01   2.3000000e+01   1.5400000e+01   5.7619048e+00   2.0000000e+00   1.0000000e+01   2.1000000e+01   5.3174603e+00
