   1.0759380e+03   3.2000000e+01   5.1000000e+01   3.6700000e+02   4.2000000e+01   2.1000000e+01   2.8833333e+01   8.9166667e+00   2.0000000e+00   6.0000000e+00   2.4000000e+01   5.5569620e+00
   1.4345663e+03   3.8000000e+01   6.4000000e+01   4.2800000e+02   4.9000000e+01   2.4500000e+01   2.5750000e+01   9.0000000e+00   2.0000000e+00   8.0000000e+00   2.8000000e+01   5.7052632e+00
   1.2352649e+03   3.3000000e+01   6.0000000e+01   4.1800000e+02   5.0000000e+01   2.5000000e+01   2.5000000e+01   1.0478261e+01   2.0000000e+00   8.0000000e+00   2.3000000e+01   5.7058824e+00
   1.2912184e+03   4.2000000e+01   5.7000000e+01   4.3700000e+02   5.0000000e+01   2.5000000e+01   2.5875000e+01   7.6562500e+00   2.0000000e+00   8.0000000e+00   3.2000000e+01   5.7444444e+00
   1.3675951e+03   4.0000000e+01   6.2000000e+01   4.8900000e+02   5.2000000e+01   2.6000000e+01   3.0000000e+01   9.7096774e+00   2.0000000e+00   7.0000000e+00   3.1000000e+01   5.7525773e+00
   1.3856223e+03   3.3000000e+01   5.5000000e+01   4.2100000e+02   5.0000000e+01   2.5000000e+01   2.5142857e+01   1.0958333e+01   2.0000000e+00   7.0000000e+00   2.4000000e+01   5.8000000e+00
   1.5007011e+03   4.2000000e+01   6.5000000e+01   4.7300000e+02   4.8000000e+01   2.4000000e+01   2.7125000e+01   9.0000000e+00   2.0000000e+00   8.0000000e+00   3.2000000e+01   5.6407767e+00
   1.6033355e+03   4.3000000e+01   7.0000000e+01   5.1600000e+02   5.5000000e+01   2.7500000e+01   3.0250000e+01   9.1818182e+00   2.0000000e+00   8.0000000e+00   3.3000000e+01   5.8962264e+00
   1.5400810e+03   4.2000000e+01   6.1000000e+01   4.8600000e+02   5.1000000e+01   2.5500000e+01   3.1125000e+01   8.1250000e+00   2.0000000e+00   8.0000000e+00   3.2000000e+01   6.1063830e+00
   1.4663156e+03   4.0000000e+01   7.0000000e+01   5.1800000e+02   5.3000000e+01   2.6500000e+01   2.5111111e+01   1.0827586e+01   2.0000000e+00   9.0000000e+00   2.9000000e+01   5.9900990e+00
   9.7252226e+02   2.9000000e+01   4.6000000e+01   3.5400000e+02   3.4000000e+01   1.3000000e+01   3.3200000e+01   9.9090909e+00   2.0000000e+00   5.0000000e+00   2.2000000e+01   5.8550725e+00
   1.2811740e+03   3.9000000e+01   6.1000000e+01   4.3300000e+02   5.3000000e+01   2.6500000e+01   2.6125000e+01   8.2068966e+00   2.0000000e+00   8.0000000e+00   2.9000000e+01   5.8210526e+00
   1.4351889e+03   3.7000000e+01   6.2000000e+01   4.4600000e+02   5.2000000e+01   2.6000000e+01   2.4125000e+01   9.8148148e+00   2.0000000e+00   8.0000000e+00   2.7000000e+01   5.7888889e+00
   1.3922873e+03   3.7000000e+01   5.8000000e+01   4.4300000e+02   5.3000000e+01   2.6500000e+01   2.3444444e+01   9.4615385e+00   2.0000000e+00   9.0000000e+00   2.6000000e+01   5.8620690e+00
   1.1916381e+03   3.9000000e+01   5.8000000e+01   4.3700000e+02   4.9000000e+01   2.4500000e+01   2.5250000e+01   8.6206897e+00   2.0000000e+00   8.0000000e+00   2.9000000e+01   5.7500000e+00
   1.3449665e+03   4.0000000e+01   6.5000000e+01   4.8700000e+02   5.0000000e+01   2.5000000e+01   2.8250000e+01   9.7333333e+00   2.0000000e+00   8.0000000e+00   3.0000000e+01   5.7676768e+00
   8.6280389e+02   2.8000000e+01   4.1000000e+01   3.2900000e+02   5.0000000e+01   2.5000000e+01   2.0857143e+01   9.4736842e+00   2.0000000e+00   7.0000000e+00   1.9000000e+01   5.8615385e+00
   1.7427570e+03   4.3000000e+01   7.6000000e+01   5.6000000e+02   5.2000000e+01   2.6000000e+01   2.9875000e+01   1.0696970e+01   2.0000000e+00   8.0000000e+00   3.3000000e+01   5.7636364e+00
   1.1907393e+03   3.2000000e+01   5.3000000e+01   3.5700000e+02   3.6000000e+01   1.6500000e+01   2.9800000e+01   9.5600000e+00   2.0000000e+00   5.0000000e+00   2.5000000e+01   5.4556962e+00
   1.0386414e+03   3.6000000e+01   5.1000000e+01   3.8900000e+02   5.1000000e+01   2.5500000e+01   2.1000000e+01   8.8076923e+00   2.0000000e+00   8.0000000e+00   2.6000000e+01   5.7468354e+00
   1.4135698e+03   4.1000000e+01   6.9000000e+01   5.1800000e+02   5.4000000e+01   2.7000000e+01   3.1000000e+01   9.6774194e+00   2.0000000e+00   8.0000000e+00   3.1000000e+01   6.0194175e+00
   1.1538927e+03   3.2000000e+01   5.4000000e+01   3.8800000e+02   5.3000000e+01   2.6500000e+01   2.3375000e+01   9.5454545e+00   2.0000000e+00   8.0000000e+00   2.2000000e+01   5.8354430e+00
   1.2796838e+03   4.9000000e+01   6.3000000e+01   4.7400000e+02   5.0000000e+01   2.5000000e+01   2.3900000e+01   6.8648649e+00   2.0000000e+00   1.0000000e+01   3.7000000e+01   5.5961538e+00
   1.7106621e+03   4.8000000e+01   7.4000000e+01   5.3800000e+02   4.9000000e+01   2.4500000e+01   2.7444444e+01   8.7027027e+00   2.0000000e+00   9.0000000e+00   3.7000000e+01   5.6153846e+00
   1.1271786e+03   2.8000000e+01   4.8000000e+01   3.6200000e+02   5.0000000e+01   2.5000000e+01   2.0571429e+01   1.1631579e+01   2.0000000e+00   7.0000000e+00   1.9000000e+01   5.8333333e+00
   1.4691455e+03   3.7000000e+01   6.6000000e+01   4.7300000e+02   5.2000000e+01   2.6000000e+01   2.4750000e+01   1.1074074e+01   2.0000000e+00   8.0000000e+00   2.7000000e+01   5.6770833e+00
   1.2873285e+03   3.5000000e+01   5.8000000e+01   4.2200000e+02   5.0000000e+01   2.5000000e+01   2.2375000e+01   1.0080000e+01   2.0000000e+00   8.0000000e+00   2.5000000e+01   5.7294118e+00
   1.5251004e+03   3.9000000e+01   6.8000000e+01   4.8500000e+02   4.9000000e+01   2.4500000e+01   2.9714286e+01   1.0400000e+01   2.0000000e+00   7.0000000e+00   3.0000000e+01   5.9207921e+00
   1.6074993e+03   4.3000000e+01   6.5000000e+01   5.0900000e+02   5.0000000e+01   2.5000000e+01   2.8333333e+01   8.5312500e+00   2.0000000e+00   9.0000000e+00   3.2000000e+01   5.8252427e+00
   1.4768697e+03   4.5000000e+01   7.5000000e+01   5.3800000e+02   4.8000000e+01   2.4000000e+01   2.8444444e+01   9.4411765e+00   2.0000000e+00   9.0000000e+00   3.4000000e+01   5.7105263e+00
   1.4177496e+03   3.8000000e+01   6.1000000e+01   4.6200000e+02   5.5000000e+01   2.7500000e+01   3.0571429e+01   9.2413793e+00   2.0000000e+00   7.0000000e+00   2.9000000e+01   5.9787234e+00
   1.4806955e+03   4.4000000e+01   6.9000000e+01   5.6400000e+02   5.2000000e+01   2.6000000e+01   3.1625000e+01   9.9117647e+00   2.0000000e+00   8.0000000e+00   3.4000000e+01   5.7818182e+00
   1.3978992e+03   4.3000000e+01   6.3000000e+01   4.8100000e+02   5.1000000e+01   2.5500000e+01   2.8000000e+01   8.3636364e+00   2.0000000e+00   8.0000000e+00   3.3000000e+01   5.7070707e+00
   1.4476376e+03   4.1000000e+01   6.5000000e+01   4.8300000e+02   5.2000000e+01   2.6000000e+01   2.5250000e+01   9.9677419e+00   2.0000000e+00   8.0000000e+00   3.1000000e+01   5.6930693e+00
   1.6884795e+03   4.3000000e+01   7.3000000e+01   5.1400000e+02   5.3000000e+01   2.6500000e+01   2.7750000e+01   9.8484848e+00   2.0000000e+00   8.0000000e+00   3.3000000e+01   5.5925926e+00
   1.0706006e+03   3.4000000e+01   4.8000000e+01   3.5400000e+02   4.9000000e+01   2.4500000e+01   2.2250000e+01   7.7500000e+00   2.0000000e+00   8.0000000e+00   2.4000000e+01   5.7733333e+00
   1.6113932e+03   3.6000000e+01   6.9000000e+01   4.7600000e+02   5.1000000e+01   2.5500000e+01   2.6857143e+01   1.1444444e+01   2.0000000e+00   7.0000000e+00   2.7000000e+01   5.7500000e+00
   1.0472198e+03   3.5000000e+01   4.9000000e+01   4.0600000e+02   5.0000000e+01   2.5000000e+01   2.7571429e+01   8.2692308e+00   2.0000000e+00   7.0000000e+00   2.6000000e+01   5.8589744e+00
   1.0645694e+03   4.0000000e+01   5.3000000e+01   3.8800000e+02   5.0000000e+01   2.5000000e+01   2.3777778e+01   6.3448276e+00   2.0000000e+00   9.0000000e+00   2.9000000e+01   5.6190476e+00
   1.2387185e+03   3.2000000e+01   5.5000000e+01   3.9500000e+02   5.0000000e+01   2.5000000e+01   2.0875000e+01   1.0590909e+01   2.0000000e+00   8.0000000e+00   2.2000000e+01   5.6506024e+00
   1.2012082e+03   3.6000000e+01   5.6000000e+01   4.1700000e+02   5.4000000e+01   2.7000000e+01   2.2111111e+01   9.0800000e+00   2.0000000e+00   9.0000000e+00   2.5000000e+01   5.7441860e+00
   1.4689080e+03   3.8000000e+01   5.9000000e+01   4.5200000e+02   5.3000000e+01   2.6500000e+01   2.8428571e+01   9.2068966e+00   2.0000000e+00   7.0000000e+00   2.9000000e+01   5.6129032e+00
   1.2009697e+03   3.7000000e+01   5.3000000e+01   3.8700000e+02   4.9000000e+01   2.4500000e+01   2.4857143e+01   8.0714286e+00   2.0000000e+00   7.0000000e+00   2.8000000e+01   5.6000000e+00
   1.1381580e+03   3.8000000e+01   5.6000000e+01   4.1000000e+02   4.9000000e+01   2.4500000e+01   2.4125000e+01   8.3571429e+00   2.0000000e+00   8.0000000e+00   2.8000000e+01   5.5795455e+00
   8.8283513e+02   2.8000000e+01   4.0000000e+01   3.0300000e+02   4.5000000e+01   2.2500000e+01   2.0285714e+01   8.2631579e+00   2.0000000e+00   7.0000000e+00   1.9000000e+01   5.7460317e+00
   1.3076257e+03   3.6000000e+01   6.6000000e+01   4.9500000e+02   5.4000000e+01   2.7000000e+01   2.9428571e+01   1.1333333e+01   2.0000000e+00   7.0000000e+00   2.7000000e+01   5.9789474e+00
   1.4671107e+03   3.7000000e+01   6.5000000e+01   4.7900000e+02   5.5000000e+01   2.7500000e+01   2.7375000e+01   1.0259259e+01   2.0000000e+00   8.0000000e+00   2.7000000e+01   5.8829787e+00
   1.2444739e+03   3.8000000e+01   5.8000000e+01   4.3100000e+02   5.2000000e+01   2.6000000e+01   2.9142857e+01   8.6896552e+00   2.0000000e+00   7.0000000e+00   2.9000000e+01   5.6888889e+00
   1.4283427e+03   3.7000000e+01   6.0000000e+01   4.4100000e+02   5.1000000e+01   2.5500000e+01   2.5500000e+01   9.5555556e+00   2.0000000e+00   8.0000000e+00   2.7000000e+01   5.7386364e+00
   1.3787495e+03   4.1000000e+01   5.8000000e+01   4.2600000e+02   4.8000000e+01   2.4000000e+01   2.4375000e+01   8.1935484e+00   2.0000000e+00   8.0000000e+00   3.1000000e+01   5.8064516e+00
   1.4963934e+03   5.1000000e+01   6.8000000e+01   5.1700000e+02   4.9000000e+01   2.4500000e+01   2.8222222e+01   7.1750000e+00   2.0000000e+00   9.0000000e+00   4.0000000e+01   5.5892857e+00
   1.4845352e+03   4.6000000e+01   6.4000000e+01   4.9100000e+02   5.2000000e+01   2.6000000e+01   2.7875000e+01   8.0833333e+00   2.0000000e+00   8.0000000e+00   3.6000000e+01   5.6226415e+00
   1.0616180e+03   3.4000000e+01   5.2000000e+01   4.1300000e+02   5.1000000e+01   2.5500000e+01   2.8571429e+01   8.9200000e+00   2.0000000e+00   7.0000000e+00   2.5000000e+01   5.7590361e+00
   1.4461262e+03   3.7000000e+01   5.8000000e+01   4.5500000e+02   5.2000000e+01   2.6000000e+01   2.8000000e+01   1.0107143e+01   2.0000000e+00   7.0000000e+00   2.8000000e+01   5.7252747e+00
   1.6870703e+03   4.9000000e+01   7.6000000e+01   5.5600000e+02   4.8000000e+01   2.4000000e+01   2.7600000e+01   8.6216216e+00   2.0000000e+00   1.0000000e+01   3.7000000e+01   5.7226891e+00
   1.3184505e+03   2.6000000e+01   5.2000000e+01   3.8600000e+02   4.9000000e+01   2.4500000e+01   2.3166667e+01   1.4000000e+01   2.0000000e+00   6.0000000e+00   1.8000000e+01   6.0138889e+00
   1.0233205e+03   3.3000000e+01   5.2000000e+01   3.9800000e+02   5.1000000e+01   2.5500000e+01   2.7142857e+01   9.1666667e+00   2.0000000e+00   7.0000000e+00   2.4000000e+01   5.9480519e+00
   1.3932946e+03   4.2000000e+01   6.5000000e+01   4.7800000e+02   5.0000000e+01   2.5000000e+01   2.6333333e+01   8.7096774e+00   2.0000000e+00   9.0000000e+00   3.1000000e+01   5.5728155e+00
   1.1771527e+03   3.3000000e+01   5.8000000e+01   4.2200000e+02   5.1000000e+01   2.5500000e+01   2.5714286e+01   1.0708333e+01   2.0000000e+00   7.0000000e+00   2.4000000e+01   5.8095238e+00
   1.5429343e+03   4.3000000e+01   7.7000000e+01   5.4500000e+02   5.3000000e+01   2.6500000e+01   2.5888889e+01   1.0875000e+01   2.0000000e+00   9.0000000e+00   3.2000000e+01   5.6666667e+00
   1.4412492e+03   3.5000000e+01   6.4000000e+01   4.6000000e+02   5.0000000e+01   2.5000000e+01   2.6571429e+01   1.1576923e+01   2.0000000e+00   7.0000000e+00   2.6000000e+01   5.7872340e+00
   1.4050838e+03   3.4000000e+01   5.6000000e+01   4.2400000e+02   5.5000000e+01   2.7500000e+01   2.7857143e+01   9.8000000e+00   2.0000000e+00   7.0000000e+00   2.5000000e+01   6.0116279e+00
   9.8885500e+02   3.8000000e+01   5.1000000e+01   4.2100000e+02   4.9000000e+01   2.4500000e+01   2.5333333e+01   7.3333333e+00   2.0000000e+00   9.0000000e+00   2.7000000e+01   5.9523810e+00
   1.6791095e+03   4.1000000e+01   6.9000000e+01   4.9700000e+02   5.1000000e+01   2.5500000e+01   2.8125000e+01   9.6774194e+00   2.0000000e+00   8.0000000e+00   3.1000000e+01   5.7669903e+00
   1.2987366e+03   4.2000000e+01   5.7000000e+01   4.4500000e+02   4.8000000e+01   2.4000000e+01   2.6875000e+01   8.1562500e+00   2.0000000e+00   8.0000000e+00   3.2000000e+01   6.0106383e+00
   1.3772098e+03   4.6000000e+01   6.1000000e+01   4.6600000e+02   5.0000000e+01   2.5000000e+01   2.4300000e+01   7.0588235e+00   2.0000000e+00   1.0000000e+01   3.4000000e+01   5.7653061e+00
   1.0428806e+03   3.6000000e+01   5.3000000e+01   4.0500000e+02   5.2000000e+01   2.6000000e+01   2.1222222e+01   8.5600000e+00   2.0000000e+00   9.0000000e+00   2.5000000e+01   5.9375000e+00
   1.5416556e+03   3.9000000e+01   6.6000000e+01   4.8800000e+02   5.3000000e+01   2.6500000e+01   2.8000000e+01   1.0366667e+01   2.0000000e+00   7.0000000e+00   3.0000000e+01   5.7524752e+00
   1.4951445e+03   4.0000000e+01   6.2000000e+01   4.3600000e+02   5.3000000e+01   2.6500000e+01   2.4888889e+01   7.9310345e+00   2.0000000e+00   9.0000000e+00   2.9000000e+01   5.5510204e+00
   1.2912372e+03   3.4000000e+01   5.7000000e+01   4.5800000e+02   5.0000000e+01   2.5000000e+01   2.5625000e+01   1.1458333e+01   2.0000000e+00   8.0000000e+00   2.4000000e+01   5.9770115e+00
   1.3327848e+03   4.7000000e+01   6.5000000e+01   4.8600000e+02   5.0000000e+01   2.5000000e+01   2.8333333e+01   7.1666667e+00   2.0000000e+00   9.0000000e+00   3.6000000e+01   5.6476190e+00
   1.4685000e+03   3.4000000e+01   6.7000000e+01   4.7200000e+02   5.4000000e+01   2.7000000e+01   2.8142857e+01   1.1960000e+01   2.0000000e+00   7.0000000e+00   2.5000000e+01   5.7553191e+00
   1.5136557e+03   3.6000000e+01   6.8000000e+01   4.7100000e+02   4.8000000e+01   2.4000000e+01   3.0333333e+01   1.1321429e+01   2.0000000e+00   6.0000000e+00   2.8000000e+01   5.7956989e+00
   1.1869158e+03   3.5000000e+01   5.0000000e+01   3.6500000e+02   4.8000000e+01   2.4000000e+01   2.3142857e+01   8.3461538e+00   2.0000000e+00   7.0000000e+00   2.6000000e+01   5.5844156e+00
   1.7593472e+03   4.7000000e+01   7.6000000e+01   5.5700000e+02   5.1000000e+01   2.5500000e+01   3.0375000e+01   9.6756757e+00   2.0000000e+00   8.0000000e+00   3.7000000e+01   5.8389831e+00
   1.2203731e+03   3.4000000e+01   5.8000000e+01   4.1600000e+02   4.9000000e+01   2.4500000e+01   3.1166667e+01   9.5384615e+00   2.0000000e+00   6.0000000e+00   2.6000000e+01   5.7882353e+00
   1.4229991e+03   4.4000000e+01   7.1000000e+01   5.1400000e+02   5.2000000e+01   2.6000000e+01   2.7555556e+01   9.0909091e+00   2.0000000e+00   9.0000000e+00   3.3000000e+01   5.7333333e+00
   1.5004227e+03   4.1000000e+01   6.5000000e+01   4.7800000e+02   5.2000000e+01   2.6000000e+01   3.0428571e+01   8.9687500e+00   2.0000000e+00   7.0000000e+00   3.2000000e+01   5.7346939e+00
   1.6575502e+03   4.5000000e+01   7.4000000e+01   5.5600000e+02   5.3000000e+01   2.6500000e+01   3.0875000e+01   9.6857143e+00   2.0000000e+00   8.0000000e+00   3.5000000e+01   5.7818182e+00
   1.6002668e+03   4.2000000e+01   7.1000000e+01   5.2100000e+02   5.0000000e+01   2.5000000e+01   2.9375000e+01   9.8750000e+00   2.0000000e+00   8.0000000e+00   3.2000000e+01   5.6822430e+00
   1.0353354e+03   4.0000000e+01   5.6000000e+01   4.1100000e+02   4.8000000e+01   2.4000000e+01   2.2666667e+01   7.6896552e+00   2.0000000e+00   9.0000000e+00   2.9000000e+01   5.5795455e+00
   1.2996650e+03   4.3000000e+01   6.1000000e+01   4.8000000e+02   5.0000000e+01   2.5000000e+01   2.2100000e+01   9.0645161e+00   2.0000000e+00   1.0000000e+01   3.1000000e+01   5.8556701e+00
   1.5252496e+03   4.0000000e+01   6.5000000e+01   4.6000000e+02   5.0000000e+01   2.5000000e+01   2.5000000e+01   9.5333333e+00   2.0000000e+00   8.0000000e+00   3.0000000e+01   5.6702128e+00
   1.3599800e+03   4.6000000e+01   6.7000000e+01   4.7300000e+02   4.9000000e+01   2.4500000e+01   2.6666667e+01   7.4000000e+00   2.0000000e+00   9.0000000e+00   3.5000000e+01   5.5333333e+00
   1.5373975e+03   4.1000000e+01   6.7000000e+01   5.0500000e+02   5.4000000e+01   2.7000000e+01   2.7375000e+01   9.8709677e+00   2.0000000e+00   8.0000000e+00   3.1000000e+01   5.9090909e+00
   1.5276714e+03   4.1000000e+01   6.8000000e+01   4.9000000e+02   5.3000000e+01   2.6500000e+01   3.1571429e+01   9.3437500e+00   2.0000000e+00   7.0000000e+00   3.2000000e+01   5.7722772e+00
   1.4399863e+03   4.1000000e+01   6.4000000e+01   4.8000000e+02   5.2000000e+01   2.6000000e+01   2.7625000e+01   9.2580645e+00   2.0000000e+00   8.0000000e+00   3.1000000e+01   5.7600000e+00
   1.2530104e+03   3.2000000e+01   5.5000000e+01   3.8400000e+02   5.3000000e+01   2.6500000e+01   2.5428571e+01   9.3478261e+00   2.0000000e+00   7.0000000e+00   2.3000000e+01   5.6172840e+00
   1.6365043e+03   3.7000000e+01   6.9000000e+01   4.9900000e+02   5.3000000e+01   2.6500000e+01   2.9571429e+01   1.1285714e+01   2.0000000e+00   7.0000000e+00   2.8000000e+01   5.7272727e+00
   1.7482547e+03   4.0000000e+01   7.6000000e+01   5.0500000e+02   5.5000000e+01   2.7500000e+01   2.7750000e+01   1.0466667e+01   2.0000000e+00   8.0000000e+00   3.0000000e+01   5.6203704e+00
   1.2764644e+03   4.1000000e+01   6.1000000e+01   4.8000000e+02   5.0000000e+01   2.5000000e+01   2.6875000e+01   9.0322581e+00   2.0000000e+00   8.0000000e+00   3.1000000e+01   5.9368421e+00
   1.5419390e+03   3.4000000e+01   6.8000000e+01   4.7900000e+02   5.3000000e+01   2.6500000e+01   2.9571429e+01   1.2000000e+01   2.0000000e+00   7.0000000e+00   2.5000000e+01   5.8736842e+00
   1.0579663e+03   3.3000000e+01   4.8000000e+01   3.7400000e+02   5.3000000e+01   2.6500000e+01   2.1375000e+01   8.6521739e+00   2.0000000e+00   8.0000000e+00   2.3000000e+01   5.8947368e+00
   1.4924224e+03   4.4000000e+01   6.9000000e+01   5.3200000e+02   4.9000000e+01   2.4500000e+01   2.8444444e+01   9.3030303e+00   2.0000000e+00   9.0000000e+00   3.3000000e+01   5.7614679e+00
   1.0911546e+03   4.3000000e+01   5.7000000e+01   4.3500000e+02   5.2000000e+01   2.6000000e+01   2.2888889e+01   7.7500000e+00   2.0000000e+00   9.0000000e+00   3.2000000e+01   5.7173913e+00
   1.3352779e+03   2.3000000e+01   5.6000000e+01   3.9900000e+02   4.5000000e+01   9.0000000e+00   4.1666667e+01   1.7555556e+01   2.0000000e+00   3.0000000e+00   1.8000000e+01   5.7532468e+00
   1.3236022e+03   3.8000000e+01   6.6000000e+01   4.7400000e+02   5.4000000e+01   2.7000000e+01   2.8857143e+01   1.0206897e+01   2.0000000e+00   7.0000000e+00   2.9000000e+01   5.9042553e+00
   1.1343122e+03   3.5000000e+01   5.8000000e+01   4.3900000e+02   5.2000000e+01   2.6000000e+01   2.7285714e+01   1.0000000e+01   2.0000000e+00   7.0000000e+00   2.6000000e+01   5.8160920e+00
   1.2546954e+03   4.3000000e+01   5.3000000e+01   4.4200000e+02   4.8000000e+01   2.4000000e+01   2.5500000e+01   7.5757576e+00   2.0000000e+00   8.0000000e+00   3.3000000e+01   5.8000000e+00
   1.3030827e+03   3.5000000e+01   6.3000000e+01   4.4400000e+02   5.2000000e+01   2.6000000e+01   2.4625000e+01   1.0800000e+01   2.0000000e+00   8.0000000e+00   2.5000000e+01   5.8777778e+00
