   1.5755508e+03   3.2000000e+01   4.9000000e+01   6.0300000e+02   5.8000000e+01   2.9000000e+01   3.3000000e+01   1.5363636e+01   2.0000000e+00   8.0000000e+00   2.2000000e+01   1.0025641e+01
   1.0952507e+03   1.9000000e+01   3.7000000e+01   4.8300000e+02   6.2000000e+01   3.1000000e+01   3.8500000e+01   2.3461538e+01   2.0000000e+00   4.0000000e+00   1.3000000e+01   1.0584906e+01
   1.0923018e+03   2.2000000e+01   3.7000000e+01   4.7200000e+02   6.5000000e+01   3.2500000e+01   3.3000000e+01   1.7714286e+01   2.0000000e+00   6.0000000e+00   1.4000000e+01   1.0089286e+01
   6.2885152e+02   2.0000000e+01   3.1000000e+01   4.1500000e+02   6.3000000e+01   3.1500000e+01   3.2800000e+01   1.7153846e+01   2.0000000e+00   5.0000000e+00   1.3000000e+01   1.1500000e+01
   1.2767279e+03   2.8000000e+01   4.6000000e+01   5.0900000e+02   5.9000000e+01   2.9500000e+01   2.8714286e+01   1.5947368e+01   2.0000000e+00   7.0000000e+00   1.9000000e+01   1.0014706e+01
   1.1874919e+03   3.0000000e+01   5.2000000e+01   6.2500000e+02   6.4000000e+01   3.2000000e+01   3.4857143e+01   1.8047619e+01   2.0000000e+00   7.0000000e+00   2.1000000e+01   1.0547945e+01
   8.2154813e+02   2.2000000e+01   3.5000000e+01   4.7400000e+02   6.6000000e+01   3.3000000e+01   3.6400000e+01   1.7466667e+01   2.0000000e+00   5.0000000e+00   1.5000000e+01   1.1127273e+01
   1.0493754e+03   2.7000000e+01   4.7000000e+01   5.9600000e+02   6.0000000e+01   3.0000000e+01   3.7833333e+01   1.9105263e+01   2.0000000e+00   6.0000000e+00   1.9000000e+01   1.1028986e+01
   1.2346811e+03   2.8000000e+01   4.4000000e+01   5.7400000e+02   6.3000000e+01   3.1500000e+01   4.2200000e+01   1.6904762e+01   2.0000000e+00   5.0000000e+00   2.1000000e+01   1.0590909e+01
   1.3575228e+03   2.5000000e+01   4.4000000e+01   5.8300000e+02   5.7000000e+01   2.8500000e+01   4.1750000e+01   2.1315789e+01   2.0000000e+00   4.0000000e+00   1.9000000e+01   1.0402985e+01
   1.0219987e+03   2.5000000e+01   4.5000000e+01   5.9800000e+02   6.6000000e+01   3.3000000e+01   4.5200000e+01   1.9888889e+01   2.0000000e+00   5.0000000e+00   1.8000000e+01   1.0857143e+01
   1.2173646e+03   3.7000000e+01   4.2000000e+01   5.8300000e+02   5.4000000e+01   2.7000000e+01   3.0000000e+01   1.2461538e+01   2.0000000e+00   9.0000000e+00   2.6000000e+01   1.0440000e+01
   1.1576813e+03   3.1000000e+01   4.7000000e+01   6.1900000e+02   6.2000000e+01   3.1000000e+01   3.5250000e+01   1.5809524e+01   2.0000000e+00   8.0000000e+00   2.1000000e+01   1.1013699e+01
   1.2853110e+03   2.6000000e+01   4.7000000e+01   5.6200000e+02   6.5000000e+01   3.2500000e+01   4.2600000e+01   1.7789474e+01   2.0000000e+00   5.0000000e+00   1.9000000e+01   1.0014706e+01
   1.1007285e+03   2.6000000e+01   3.3000000e+01   4.6800000e+02   5.2000000e+01   2.6000000e+01   2.9000000e+01   1.4764706e+01   2.0000000e+00   7.0000000e+00   1.7000000e+01   1.0087719e+01
   1.6549847e+03   2.8000000e+01   4.9000000e+01   5.5700000e+02   6.2000000e+01   3.1000000e+01   3.1428571e+01   1.7315789e+01   2.0000000e+00   7.0000000e+00   1.9000000e+01   9.4246575e+00
   1.1333687e+03   2.3000000e+01   3.7000000e+01   4.8800000e+02   5.5000000e+01   2.7500000e+01   3.7000000e+01   1.7812500e+01   2.0000000e+00   5.0000000e+00   1.6000000e+01   1.0578947e+01
   1.1422667e+03   2.8000000e+01   4.7000000e+01   5.8800000e+02   6.2000000e+01   3.1000000e+01   3.8666667e+01   1.7550000e+01   2.0000000e+00   6.0000000e+00   2.0000000e+01   1.0542857e+01
   1.2626256e+03   2.5000000e+01   4.2000000e+01   5.5500000e+02   6.3000000e+01   3.1500000e+01   4.0200000e+01   1.9000000e+01   2.0000000e+00   5.0000000e+00   1.8000000e+01   1.0538462e+01
   1.0240665e+03   3.0000000e+01   4.0000000e+01   5.4300000e+02   6.4000000e+01   3.2000000e+01   3.4285714e+01   1.3476190e+01   2.0000000e+00   7.0000000e+00   2.1000000e+01   1.0909091e+01
   1.3557537e+03   3.0000000e+01   4.9000000e+01   5.6500000e+02   6.0000000e+01   3.0000000e+01   3.5166667e+01   1.6318182e+01   2.0000000e+00   6.0000000e+00   2.2000000e+01   1.0175676e+01
   1.3729867e+03   2.9000000e+01   4.9000000e+01   6.0700000e+02   6.2000000e+01   3.1000000e+01   3.1750000e+01   1.8684211e+01   2.0000000e+00   8.0000000e+00   1.9000000e+01   1.0465753e+01
   1.0943646e+03   2.3000000e+01   5.0000000e+01   6.1700000e+02   6.4000000e+01   3.2000000e+01   3.9400000e+01   2.5437500e+01   2.0000000e+00   5.0000000e+00   1.6000000e+01   1.0742424e+01
   1.5432153e+03   2.4000000e+01   5.1000000e+01   6.1500000e+02   6.5000000e+01   3.2500000e+01   4.5800000e+01   2.2294118e+01   2.0000000e+00   5.0000000e+00   1.7000000e+01   1.0569444e+01
   0.0000000e+00   0.0000000e+00   0.0000000e+00   0.0000000e+00   0.0000000e+00   0.0000000e+00   0.0000000e+00   0.0000000e+00   0.0000000e+00   0.0000000e+00   0.0000000e+00   0.0000000e+00
   0.0000000e+00   0.0000000e+00   0.0000000e+00   0.0000000e+00   0.0000000e+00   0.0000000e+00   0.0000000e+00   0.0000000e+00   0.0000000e+00   0.0000000e+00   0.0000000e+00   0.0000000e+00
   0.0000000e+00   0.0000000e+00   0.0000000e+00   0.0000000e+00   0.0000000e+00   0.0000000e+00   0.0000000e+00   0.0000000e+00   0.0000000e+00   0.0000000e+00   0.0000000e+00   0.0000000e+00
   0.0000000e+00   0.0000000e+00   0.0000000e+00   0.0000000e+00   0.0000000e+00   0.0000000e+00   0.0000000e+00   0.0000000e+00   0.0000000e+00   0.0000000e+00   0.0000000e+00   0.0000000e+00
   0.0000000e+00   0.0000000e+00   0.0000000e+00   0.0000000e+00   0.0000000e+00   0.0000000e+00   0.0000000e+00   0.0000000e+00   0.0000000e+00   0.0000000e+00   0.0000000e+00   0.0000000e+00
   0.0000000e+00   0.0000000e+00   0.0000000e+00   0.0000000e+00   0.0000000e+00   0.0000000e+00   0.0000000e+00   0.0000000e+00   0.0000000e+00   0.0000000e+00   0.0000000e+00   0.0000000e+00
   0.0000000e+00   0.0000000e+00   0.0000000e+00   0.0000000e+00   0.0000000e+00   0.0000000e+00   0.0000000e+00   0.0000000e+00   0.0000000e+00   0.0000000e+00   0.0000000e+00   0.0000000e+00
   0.0000000e+00   0.0000000e+00   0.0000000e+00   0.0000000e+00   0.0000000e+00   0.0000000e+00   0.0000000e+00   0.0000000e+00   0.0000000e+00   0.0000000e+00   0.0000000e+00   0.0000000e+00
   0.0000000e+00   0.0000000e+00   0.0000000e+00   0.0000000e+00   0.0000000e+00   0.0000000e+00   0.0000000e+00   0.0000000e+00   0.0000000e+00   0.0000000e+00   0.0000000e+00   0.0000000e+00
   0.0000000e+00   0.0000000e+00   0.0000000e+00   0.0000000e+00   0.0000000e+00   0.0000000e+00   0.0000000e+00   0.0000000e+00   0.0000000e+00   0.0000000e+00   0.0000000e+00   0.0000000e+00
   0.0000000e+00   0.0000000e+00   0.0000000e+00   0.0000000e+00   0.0000000e+00   0.0000000e+00   0.0000000e+00   0.0000000e+00   0.0000000e+00   0.0000000e+00   0.0000000e+00   0.0000000e+00
   0.0000000e+00   0.0000000e+00   0.0000000e+00   0.0000000e+00   0.0000000e+00   0.0000000e+00   0.0000000e+00   0.0000000e+00   0.0000000e+00   0.0000000e+00   0.0000000e+00   0.0000000e+00
   0.0000000e+00   0.0000000e+00   0.0000000e+00   0.0000000e+00   0.0000000e+00   0.0000000e+00   0.0000000e+00   0.0000000e+00   0.0000000e+00   0.0000000e+00   0.0000000e+00   0.0000000e+00
   0.0000000e+00   0.0000000e+00   0.0000000e+00   0.0000000e+00   0.0000000e+00   0.0000000e+00   0.0000000e+00   0.0000000e+00   0.0000000e+00   0.0000000e+00   0.0000000e+00   0.0000000e+00
   0.0000000e+00   0.0000000e+00   0.0000000e+00   0.0000000e+00   0.0000000e+00   0.0000000e+00   0.0000000e+00   0.0000000e+00   0.0000000e+00   0.0000000e+00   0.0000000e+00   0.0000000e+00
   0.0000000e+00   0.0000000e+00   0.0000000e+00   0.0000000e+00   0.0000000e+00   0.0000000e+00   0.0000000e+00   0.0000000e+00   0.0000000e+00   0.0000000e+00   0.0000000e+00   0.0000000e+00
   0.0000000e+00   0.0000000e+00   0.0000000e+00   0.0000000e+00   0.0000000e+00   0.0000000e+00   0.0000000e+00   0.0000000e+00   0.0000000e+00   0.0000000e+00   0.0000000e+00   0.0000000e+00
   0.0000000e+00   0.0000000e+00   0.0000000e+00   0.0000000e+00   0.0000000e+00   0.0000000e+00   0.0000000e+00   0.0000000e+00   0.0000000e+00   0.0000000e+00   0.0000000e+00   0.0000000e+00
   0.0000000e+00   0.0000000e+00   0.0000000e+00   0.0000000e+00   0.0000000e+00   0.0000000e+00   0.0000000e+00   0.0000000e+00   0.0000000e+00   0.0000000e+00   0.0000000e+00   0.0000000e+00
   0.0000000e+00   0.0000000e+00   0.0000000e+00   0.0000000e+00   0.0000000e+00   0.0000000e+00   0.0000000e+00   0.0000000e+00   0.0000000e+00   0.0000000e+00   0.0000000e+00   0.0000000e+00
   0.0000000e+00   0.0000000e+00   0.0000000e+00   0.0000000e+00   0.0000000e+00   0.0000000e+00   0.0000000e+00   0.0000000e+00   0.0000000e+00   0.0000000e+00   0.0000000e+00   0.0000000e+00
   0.0000000e+00   0.0000000e+00   0.0000000e+00   0.0000000e+00   0.0000000e+00   0.0000000e+00   0.0000000e+00   0.0000000e+00   0.0000000e+00   0.0000000e+00   0.0000000e+00   0.0000000e+00
   0.0000000e+00   0.0000000e+00   0.0000000e+00   0.0000000e+00   0.0000000e+00   0.0000000e+00   0.0000000e+00   0.0000000e+00   0.0000000e+00   0.0000000e+00   0.0000000e+00   0.0000000e+00
   0.0000000e+00   0.0000000e+00   0.0000000e+00   0.0000000e+00   0.0000000e+00   0.0000000e+00   0.0000000e+00   0.0000000e+00   0.0000000e+00   0.0000000e+00   0.0000000e+00   0.0000000e+00
   0.0000000e+00   0.0000000e+00   0.0000000e+00   0.0000000e+00   0.0000000e+00   0.0000000e+00   0.0000000e+00   0.0000000e+00   0.0000000e+00   0.0000000e+00   0.0000000e+00   0.0000000e+00
   0.0000000e+00   0.0000000e+00   0.0000000e+00   0.0000000e+00   0.0000000e+00   0.0000000e+00   0.0000000e+00   0.0000000e+00   0.0000000e+00   0.0000000e+00   0.0000000e+00   0.0000000e+00
   0.0000000e+00   0.0000000e+00   0.0000000e+00   0.0000000e+00   0.0000000e+00   0.0000000e+00   0.0000000e+00   0.0000000e+00   0.0000000e+00   0.0000000e+00   0.0000000e+00   0.0000000e+00
   0.0000000e+00   0.0000000e+00   0.0000000e+00   0.0000000e+00   0.0000000e+00   0.0000000e+00   0.0000000e+00   0.0000000e+00   0.0000000e+00   0.0000000e+00   0.0000000e+00   0.0000000e+00
   0.0000000e+00   0.0000000e+00   0.0000000e+00   0.0000000e+00   0.0000000e+00   0.0000000e+00   0.0000000e+00   0.0000000e+00   0.0000000e+00   0.0000000e+00   0.0000000e+00   0.0000000e+00
   0.0000000e+00   0.0000000e+00   0.0000000e+00   0.0000000e+00   0.0000000e+00   0.0000000e+00   0.0000000e+00   0.0000000e+00   0.0000000e+00   0.0000000e+00   0.0000000e+00   0.0000000e+00
   0.0000000e+00   0.0000000e+00   0.0000000e+00   0.0000000e+00   0.0000000e+00   0.0000000e+00   0.0000000e+00   0.0000000e+00   0.0000000e+00   0.0000000e+00   0.0000000e+00   0.0000000e+00
   0.0000000e+00   0.0000000e+00   0.0000000e+00   0.0000000e+00   0.0000000e+00   0.0000000e+00   0.0000000e+00   0.0000000e+00   0.0000000e+00   0.0000000e+00   0.0000000e+00   0.0000000e+00
   0.0000000e+00   0.0000000e+00   0.0000000e+00   0.0000000e+00   0.0000000e+00   0.0000000e+00   0.0000000e+00   0.0000000e+00   0.0000000e+00   0.0000000e+00   0.0000000e+00   0.0000000e+00
   0.0000000e+00   0.0000000e+00   0.0000000e+00   0.0000000e+00   0.0000000e+00   0.0000000e+00   0.0000000e+00   0.0000000e+00   0.0000000e+00   0.0000000e+00   0.0000000e+00   0.0000000e+00
   0.0000000e+00   0.0000000e+00   0.0000000e+00   0.0000000e+00   0.0000000e+00   0.0000000e+00   0.0000000e+00   0.0000000e+00   0.0000000e+00   0.0000000e+00   0.0000000e+00   0.0000000e+00
   0.0000000e+00   0.0000000e+00   0.0000000e+00   0.0000000e+00   0.0000000e+00   0.0000000e+00   0.0000000e+00   0.0000000e+00   0.0000000e+00   0.0000000e+00   0.0000000e+00   0.0000000e+00
   0.0000000e+00   0.0000000e+00   0.0000000e+00   0.0000000e+00   0.0000000e+00   0.0000000e+00   0.0000000e+00   0.0000000e+00   0.0000000e+00   0.0000000e+00   0.0000000e+00   0.0000000e+00
   0.0000000e+00   0.0000000e+00   0.0000000e+00   0.0000000e+00   0.0000000e+00   0.0000000e+00   0.0000000e+00   0.0000000e+00   0.0000000e+00   0.0000000e+00   0.0000000e+00   0.0000000e+00
   0.0000000e+00   0.0000000e+00   0.0000000e+00   0.0000000e+00   0.0000000e+00   0.0000000e+00   0.0000000e+00   0.0000000e+00   0.0000000e+00   0.0000000e+00   0.0000000e+00   0.0000000e+00
   0.0000000e+00   0.0000000e+00   0.0000000e+00   0.0000000e+00   0.0000000e+00   0.0000000e+00   0.0000000e+00   0.0000000e+00   0.0000000e+00   0.0000000e+00   0.0000000e+00   0.0000000e+00
   0.0000000e+00   0.0000000e+00   0.0000000e+00   0.0000000e+00   0.0000000e+00   0.0000000e+00   0.0000000e+00   0.0000000e+00   0.0000000e+00   0.0000000e+00   0.0000000e+00   0.0000000e+00
   0.0000000e+00   0.0000000e+00   0.0000000e+00   0.0000000e+00   0.0000000e+00   0.0000000e+00   0.0000000e+00   0.0000000e+00   0.0000000e+00   0.0000000e+00   0.0000000e+00   0.0000000e+00
   0.0000000e+00   0.0000000e+00   0.0000000e+00   0.0000000e+00   0.0000000e+00   0.0000000e+00   0.0000000e+00   0.0000000e+00   0.0000000e+00   0.0000000e+00   0.0000000e+00   0.0000000e+00
   0.0000000e+00   0.0000000e+00   0.0000000e+00   0.0000000e+00   0.0000000e+00   0.0000000e+00   0.0000000e+00   0.0000000e+00   0.0000000e+00   0.0000000e+00   0.0000000e+00   0.0000000e+00
   0.0000000e+00   0.0000000e+00   0.0000000e+00   0.0000000e+00   0.0000000e+00   0.0000000e+00   0.0000000e+00   0.0000000e+00   0.0000000e+00   0.0000000e+00   0.0000000e+00   0.0000000e+00
   0.0000000e+00   0.0000000e+00   0.0000000e+00   0.0000000e+00   0.0000000e+00   0.0000000e+00   0.0000000e+00   0.0000000e+00   0.0000000e+00   0.0000000e+00   0.0000000e+00   0.0000000e+00
   0.0000000e+00   0.0000000e+00   0.0000000e+00   0.0000000e+00   0.0000000e+00   0.0000000e+00   0.0000000e+00   0.0000000e+00   0.0000000e+00   0.0000000e+00   0.0000000e+00   0.0000000e+00
   0.0000000e+00   0.0000000e+00   0.0000000e+00   0.0000000e+00   0.0000000e+00   0.0000000e+00   0.0000000e+00   0.0000000e+00   0.0000000e+00   0.0000000e+00   0.0000000e+00   0.0000000e+00
   0.0000000e+00   0.0000000e+00   0.0000000e+00   0.0000000e+00   0.0000000e+00   0.0000000e+00   0.0000000e+00   0.0000000e+00   0.0000000e+00   0.0000000e+00   0.0000000e+00   0.0000000e+00
   0.0000000e+00   0.0000000e+00   0.0000000e+00   0.0000000e+00   0.0000000e+00   0.0000000e+00   0.0000000e+00   0.0000000e+00   0.0000000e+00   0.0000000e+00   0.0000000e+00   0.0000000e+00
   0.0000000e+00   0.0000000e+00   0.0000000e+00   0.0000000e+00   0.0000000e+00   0.0000000e+00   0.0000000e+00   0.0000000e+00   0.0000000e+00   0.0000000e+00   0.0000000e+00   0.0000000e+00
   0.0000000e+00   0.0000000e+00   0.0000000e+00   0.0000000e+00   0.0000000e+00   0.0000000e+00   0.0000000e+00   0.0000000e+00   0.0000000e+00   0.0000000e+00   0.0000000e+00   0.0000000e+00
   0.0000000e+00   0.0000000e+00   0.0000000e+00   0.0000000e+00   0.0000000e+00   0.0000000e+00   0.0000000e+00   0.0000000e+00   0.0000000e+00   0.0000000e+00   0.0000000e+00   0.0000000e+00
   1.5569658e+03   2.9000000e+01   4.9000000e+01   6.0200000e+02   6.1000000e+01   3.0500000e+01   4.0166667e+01   1.7000000e+01   2.0000000e+00   6.0000000e+00   2.1000000e+01   9.8513514e+00
   1.4349575e+03   2.9000000e+01   4.8000000e+01   6.2800000e+02   6.2000000e+01   3.1000000e+01   3.7500000e+01   1.8619048e+01   2.0000000e+00   6.0000000e+00   2.1000000e+01   1.0479452e+01
   1.1910233e+03   2.5000000e+01   4.0000000e+01   5.6700000e+02   6.7000000e+01   3.3500000e+01   4.3000000e+01   1.8388889e+01   2.0000000e+00   5.0000000e+00   1.8000000e+01   1.0841270e+01
   1.0315767e+03   2.4000000e+01   4.1000000e+01   5.1500000e+02   6.6000000e+01   3.3000000e+01   3.1833333e+01   1.8750000e+01   2.0000000e+00   6.0000000e+00   1.6000000e+01   1.0241379e+01
   1.2682682e+03   2.4000000e+01   4.3000000e+01   5.1800000e+02   6.6000000e+01   3.3000000e+01   3.7000000e+01   1.8882353e+01   2.0000000e+00   5.0000000e+00   1.7000000e+01   1.0234375e+01
   1.1075908e+03   2.4000000e+01   4.3000000e+01   5.6500000e+02   6.6000000e+01   3.3000000e+01   4.2800000e+01   1.9529412e+01   2.0000000e+00   5.0000000e+00   1.7000000e+01   1.1177419e+01
   1.2581538e+03   2.6000000e+01   5.1000000e+01   6.0300000e+02   6.8000000e+01   3.4000000e+01   4.3800000e+01   1.9631579e+01   2.0000000e+00   5.0000000e+00   1.9000000e+01   1.0294118e+01
   1.2638434e+03   2.7000000e+01   4.5000000e+01   5.4600000e+02   6.1000000e+01   3.0500000e+01   3.9400000e+01   1.7200000e+01   2.0000000e+00   5.0000000e+00   2.0000000e+01   1.0597015e+01
   1.2861473e+03   2.7000000e+01   4.5000000e+01   5.2800000e+02   6.2000000e+01   3.1000000e+01   3.3000000e+01   1.6736842e+01   2.0000000e+00   6.0000000e+00   1.9000000e+01   9.8955224e+00
   1.4781936e+03   2.7000000e+01   5.1000000e+01   6.2100000e+02   6.5000000e+01   3.2500000e+01   3.6500000e+01   2.0789474e+01   2.0000000e+00   6.0000000e+00   1.9000000e+01   1.0324324e+01
   1.1963309e+03   2.3000000e+01   4.5000000e+01   5.5400000e+02   6.5000000e+01   3.2500000e+01   4.1200000e+01   2.1000000e+01   2.0000000e+00   5.0000000e+00   1.6000000e+01   1.1193548e+01
   1.2938201e+03   2.6000000e+01   4.4000000e+01   5.3400000e+02   6.2000000e+01   3.1000000e+01   3.8333333e+01   1.6388889e+01   2.0000000e+00   6.0000000e+00   1.8000000e+01   9.8939394e+00
   8.5924856e+02   2.4000000e+01   4.1000000e+01   6.2000000e+02   6.6000000e+01   3.3000000e+01   4.3333333e+01   2.1062500e+01   2.0000000e+00   6.0000000e+00   1.6000000e+01   1.1491803e+01
   1.2689479e+03   2.9000000e+01   4.6000000e+01   6.0600000e+02   6.6000000e+01   3.3000000e+01   4.2600000e+01   1.7227273e+01   2.0000000e+00   5.0000000e+00   2.2000000e+01   1.0782609e+01
   1.6857133e+03   2.8000000e+01   5.1000000e+01   5.9500000e+02   6.0000000e+01   3.0000000e+01   4.0166667e+01   1.7700000e+01   2.0000000e+00   6.0000000e+00   2.0000000e+01   9.9726027e+00
   1.4890786e+03   3.4000000e+01   4.5000000e+01   5.6600000e+02   5.7000000e+01   2.8500000e+01   3.5428571e+01   1.2560000e+01   2.0000000e+00   7.0000000e+00   2.5000000e+01   9.3289474e+00
   1.3613155e+03   3.0000000e+01   4.6000000e+01   5.8500000e+02   6.2000000e+01   3.1000000e+01   3.3125000e+01   1.5500000e+01   2.0000000e+00   8.0000000e+00   2.0000000e+01   1.0260274e+01
   1.4283964e+03   2.9000000e+01   5.1000000e+01   6.2000000e+02   6.3000000e+01   3.1500000e+01   3.6714286e+01   1.8750000e+01   2.0000000e+00   7.0000000e+00   2.0000000e+01   1.0328947e+01
   1.1737506e+03   2.9000000e+01   4.8000000e+01   5.6800000e+02   5.8000000e+01   2.9000000e+01   3.8000000e+01   1.6190476e+01   2.0000000e+00   6.0000000e+00   2.1000000e+01   1.0371429e+01
   1.0674528e+03   3.0000000e+01   4.7000000e+01   6.2200000e+02   6.0000000e+01   3.0000000e+01   3.7857143e+01   1.6761905e+01   2.0000000e+00   7.0000000e+00   2.1000000e+01   1.0780822e+01
   1.0626503e+03   2.3000000e+01   3.6000000e+01   4.8000000e+02   5.6000000e+01   2.8000000e+01   3.6800000e+01   1.7562500e+01   2.0000000e+00   5.0000000e+00   1.6000000e+01   1.0232143e+01
   9.6783926e+02   2.1000000e+01   3.7000000e+01   4.7300000e+02   5.8000000e+01   2.9000000e+01   3.3600000e+01   2.0357143e+01   2.0000000e+00   5.0000000e+00   1.4000000e+01   1.1018868e+01
   1.4505398e+03   3.1000000e+01   4.7000000e+01   5.4500000e+02   5.6000000e+01   2.8000000e+01   2.5555556e+01   1.6000000e+01   2.0000000e+00   9.0000000e+00   2.0000000e+01   9.7945205e+00
